
Last position-specific scoring matrix computed, weighted observed percentages rounded down, information per position, and relative weight of gapless real matches to pseudocounts
            A   R   N   D   C   Q   E   G   H   I   L   K   M   F   P   S   T   W   Y   V   A   R   N   D   C   Q   E   G   H   I   L   K   M   F   P   S   T   W   Y   V
    1 M    -1  -1  -2  -3  -2   0  -2  -3  -2   1   2  -1   6   0  -3  -2  -1  -2  -1   1    0   0   0   0   0   0   0   0   0   0   0   0 100   0   0   0   0   0   0   0  0.36 0.01
    2 R    -1   4   0  -1  -3   1   0  -2  -1  -3  -2   4  -1  -3  -2  -1  -1  -3  -2  -3    0  50   0   0   0   0   0   0   0   0   0  50   0   0   0   0   0   0   0   0  0.56 0.00
    3 K    -1   2   0  -1  -3   1   1  -2  -1  -3  -3   5  -1  -3  -1   0  -1  -3  -2  -2    0   0   0   0   0   0   0   0   0   0   0 100   0   0   0   0   0   0   0   0  0.52 0.00
    4 S     1   0   0   0  -1   0   0   0   0  -1  -1   0  -1  -1   0   3   1  -1  -1  -1    4   3   2   3   1   2   3   4   1   3   5   3   1   2   3  54   3   1   2   3  0.17 0.00
    5 W    -1  -1  -1  -1  -1  -1  -1  -1  -1  -1  -1  -1  -1   0  -1  -1  -1   9   1  -1    4   3   2   3   1   2   3   4   1   3   5   3   1   2   3   4   3  51   2   3  0.84 0.00
    6 L    -1  -2  -3  -4  -1  -2  -3  -3  -2   1   4  -2   4   0  -3  -2  -1  -2  -1   1    0   0   0   0   0   0   0   0   0   0  67   0  33   0   0   0   0   0   0   0  0.39 0.01
    7 T     0   0   0  -1  -1   0  -1  -2  -2  -1  -2   2  -1  -3  -1   1   4  -3  -2  -1    0   0   0   0   0   0   0   0   0   0   0  23   0   0   0   0  77   0   0   0  0.39 0.02
    8 A     1  -1  -2  -2  -1   2  -1  -2  -1   1   1  -1   4  -1  -2  -1  -1  -2  -1   1   18   0   0   0   0  18   0   0   0   0   0   0  47   0   0   0   0   0   0  17  0.19 0.03
    9 S     2   0   0  -1  -1   0   0  -1  -1  -2  -2   2  -1  -3  -1   3   2  -3  -2  -1   17   0   0   0   0   0   0   0   0   0   0  23   0   0   0  42  18   0   0   0  0.29 0.02
   10 L     1   0  -2  -2  -2  -1  -1  -2  -2   1   2   1   3  -1  -2  -1  -1  -2  -2   1   17   0   0   0   0   0   0   0   0  18  18  23  24   0   0   0   0   0   0   0  0.12 0.02
   11 L    -1  -3  -4  -4   4  -2  -3  -4  -3   1   4  -3   2   0  -3  -2  -1  -2  -1   0    0   0   0   0  18   0   0   0   0   0  82   0   0   0   0   0   0   0   0   0  0.46 0.03
   12 A     3  -2  -2  -2  -1  -1  -2   2  -2   1  -1  -1  -1  -2  -2   0  -1  -3  -2   0   59   0   0   0   0   0   0  18   0  23   0   0   0   0   0   0   0   0   0   0  0.25 0.02
   13 L     1  -2  -3  -3  -1  -2  -2  -2  -2   1   2  -2   1   3  -2  -1  -1  -1   0   1   23   0   0   0   0   0   0   0   0   0  36   0   0  24   0   0   0   0   0  17  0.20 0.01
   14 T     2  -1   3  -1  -1  -1  -1  -1  -1  -2  -2  -1  -1  -3  -1   1   3  -3  -2  -1   41   0  24   0   0   0   0   0   0   0   0   0   0   0   0   0  35   0   0   0  0.30 0.02
   15 V     0  -2  -2  -2   5  -2  -2  -2  -3   1   0  -2   0  -2  -2   0   3  -3  -2   2    0   0   0   0  23   0   0   0   0   0   0   0   0   0   0   0  41   0   0  36  0.33 0.03
   16 A     1  -1  -1  -1  -1  -1  -1  -1  -1   1   1  -1   0  -1  -1   0   0  -1  -1   2   21   2   2   2   1   2   3   3   1   2  21   2   1   2   2   3   2   1   1  26  0.05 0.00
   17 S     2  -1   0  -1  -1  -1  -1  -1  -1   0  -1  -1  -1  -2  -1   3   1  -2  -1   1   19   1   1   1   0   1   1   1   0   1   2   1   0   1   1  43   1   0   1  24  0.16 0.01
   18 P     3  -1  -1  -1  -1  -1  -1   0  -2  -1  -2  -1  -1  -2   3   1   0  -2  -2  -1   68   1   1   1   0   1   1   1   0   1   1   1   0   1  18   1   1   0   1   1  0.39 0.02
   19 F    -1  -3  -2  -3  -2  -3  -3   2  -2   0   2  -3   0   4  -3  -2  -2  -1   1  -1    0   0   0   0   0   0   0  27   0   0  32   0   0  41   0   0   0   0   0   0  0.32 0.02
   20 A     3  -2  -1  -2  -1  -1  -1   0  -2  -1   0  -1   0  -2  -1   2   0  -3  -2   0   68   0   0   0   0   0   0   0   0   0  16   0   0   0   0  16   0   0   0   0  0.28 0.02
   21 A     3  -1   0  -1  -1  -1  -1   0  -1  -2  -2  -1  -1  -3  -1   4   1  -3  -2  -1   36   0   0   0   0   0   0   0   0   0   0   0   0   0   0  64   0   0   0   0  0.42 0.04
   22 A     2  -1   0  -1  -1  -1  -1   1  -2  -2  -2  -1  -1  -3  -1   2   3  -3  -2  -1   28   0   0   0   0   0   0  13   0   0   0   0   0   0   0  21  38   0   0   0  0.31 0.02
   23 D     1  -2   0   1  -2  -1  -1   2  -2  -3  -3  -1  -2  -3   4   2   0  -3  -3  -2   11   0   0  12   0   0   0  19   0   0   0   0   0   0  30  28   0   0   0   0  0.56 0.03
   24 I     2  -2   2  -2  -1  -2  -2  -2  -2   2   0  -2   0  -2  -2   0   0  -3  -2   3   30   0  17   0   0   0   0   0   0  12   0   0   0   0   0   0   0   0   0  41  0.17 0.03
   25 Q    -1  -2  -1  -2  -2   1  -1  -2  -1   0  -1  -1   0   4  -2   1   0  -1   1   1    0   0   0   0   0  12   0   0   0   0   0   0   0  40   0  28   0   0   0  20  0.21 0.04
   26 G     3  -2  -1  -2  -1  -1  -1   3  -2  -2  -2  -1  -2  -3  -1   2   0  -3  -2  -1   51   0   0   0   0   0   0  29   0   0   0   0   0   0   0  20   0   0   0   0  0.43 0.04
   27 H     1  -1   0  -2  -3   2   0  -2   6  -3  -2  -1  -1   0  -2  -1  -1  -1   3  -2   17   0   0   0   0  19   0   0  44   0   0   0   0   0   0   0   0   0  20   0  0.49 0.06
   28 K    -1   0   0   0  -3   4   3  -2   0  -3  -3   2  -1  -3  -1   1   0  -3  -2  -2    0   0   0   0   0  41  30   0   0   0   0  12   0   0   0  17   0   0   0   0  0.50 0.05
   29 A     3  -1  -1  -1  -1  -1   1   2  -2  -2  -2  -1  -2  -3  -1   2   0  -3  -2  -1   53   0   0   0   0   0  11  17   0   0   0   0   0   0   0  20   0   0   0   0  0.34 0.04
   30 G     0  -1   0   2  -3  -1  -1   5  -2  -4  -4   1  -3  -4  -2   0  -2  -3  -3  -3    0   0   0  20   0   0   0  63   0   0   0  17   0   0   0   0   0   0   0   0  0.65 0.05
   31 D    -2  -1   3   5  -4   0   2  -2   4  -4  -4  -1  -3  -3  -2   0  -1  -4  -2  -3    0   0  20  53   0   0  10   0  17   0   0   0   0   0   0   0   0   0   0   0  0.65 0.05
   32 F    -2  -3  -3  -4  -2  -3  -3  -3  -1   0   1  -3   0   5  -4  -3  -2   6   3  -1    0   0   0   0   0   0   0   0   0   0  19   0   0  52   0   0   0  17  11   0  0.73 0.05
   33 I    -1  -2  -2  -3  -2  -2  -2  -3  -1   3   0  -2   0   2  -3   0   0  -1   3   2    0   0   0   0   0   0   0   0   0  34   0   0   0  10   0  17   0   0  20  19  0.21 0.03
   34 I     1  -2  -3  -3  -1  -2  -3  -2  -2   2   1  -2   2   4  -3  -1  -1  -1   1   2   19   0   0   0   0   0   0   0   0  12   0   0  10  31   0   0   0   0   0  28  0.22 0.03
   35 R    -1   5  -1  -2  -3   0  -1  -3  -1  -1  -2   1  -1  -3  -2  -1   2  -3  -2   1    0  63   0   0   0   0   0   0   0   0   0   0   0   0   0   0  19   0   0  17  0.44 0.05
   36 G     2  -2  -2  -2  -1  -2  -2   3  -2   0   2  -2   0  -1  -2   0  -1  -2  -2   0   32   0   0   0   0   0   0  29   0   0  39   0   0   0   0   0   0   0   0   0  0.25 0.03
   37 G     2  -2  -1  -2  -2  -2  -2   5  -2  -3  -3  -2  -3  -3  -2   0  -2  -3  -3  -3   20   0   0   0   0   0   0  80   0   0   0   0   0   0   0   0   0   0   0   0  0.90 0.06
   38 F     2  -2  -2  -2  -1  -1  -2  -1  -2   0  -1  -2  -1   2  -2   1   1   6   0   0   37   0   0   0   0   0   0   0   0  11   0   0   0  12   0  10  11  19   0   0  0.34 0.04
   39 A     3  -2  -2  -2  -1  -1  -2   2  -2  -1   1  -1   0  -2  -2   0  -1  -3  -2  -1   61   0   0   0   0   0   0  20   0   0  19   0   0   0   0   0   0   0   0   0  0.30 0.04
   40 T    -1  -1  -1  -2  -2  -1  -1  -2   4  -1   0  -1   0   0  -2   1   3  -1   3  -1    0   0   0   0   0   0   0   0  19   0  17   0   0   0   0  11  33   0  20   0  0.24 0.04
   41 V    -1  -3  -3  -4  -1  -2  -3  -4  -2   2   0  -3   0   0  -3  -2  -1  -1   3   4    0   0   0   0   0   0   0   0   0   0   0   0   0   0   0   0   0   0  20  80  0.40 0.06
   42 D    -1   2  -1   1  -2   2   0  -3  -1   0   1   0   3  -1  -2  -1  -1  -2  -2   0    0  21   0  12   0  17   0   0   0   0  20   0  19   0   0   0   0   0   0  11  0.16 0.03
   43 P    -1  -3  -3  -2  -3  -2  -2  -3  -3  -3  -3  -2  -3  -2   7  -2  -2   6  -1  -3    0   0   0   0   0   0   0   0   0   0   0   0   0   0  80   0   0  20   0   0  1.85 0.09
   44 D    -1   0   4   2  -3   2   0  -1   0  -3  -3   2  -2  -3  -2   0   1  -3  -2  -3    0   0  41  12   0  19   0   0   0   0   0  17   0   0   0   0  10   0   0   0  0.43 0.04
   45 D     0  -1   3   5  -3   0   2  -1  -1  -3  -4  -1  -3  -4  -2   0  -1  -4  -3  -3   11   0  17  61   0   0  10   0   0   0   0   0   0   0   0   0   0   0   0   0  0.66 0.05
   46 S     1  -2   0  -1  -2  -1  -1   4  -2  -3  -3  -1  -2  -3  -2   3   0  -3  -2  -2    0   0   0   0   0   0   0  39   0   0   0   0   0   0   0  61   0   0   0   0  0.54 0.06
   47 S     1   0   0  -1  -1   0   0  -1  -1  -2  -2   1  -1  -3  -1   3   2  -3  -2  -1   10   0   0   0   0   0   0   0   0   0   0  17   0   0   0  53  19   0   0   0  0.35 0.04
   48 S    -1  -1   5   2  -2   0   0   1   0  -3  -3  -1  -2  -3  -2   1   0  -3  -2  -3    1   1  57  12   0   0   1  11   0   1   1   1   0   0   1  13   1   0   0   1  0.48 0.04
   49 D    -1   2   0   3  -2   0   0  -1  -1  -2  -2   0  -1  -2   4   0  -1  -2  -1  -2    3  21   2  25   1   2   2   3   1   2   3   2   1   1  21   3   2   1   1   2  0.33 0.01
   50 I    -1  -1  -2  -2  -1  -1  -1  -2  -2   2   2  -1   1   0  -1  -1  -1  -1  -1   1    3   2   2   2   1   2   2   3   1  14  42   2   1   1   2   3   2   1   1  14  0.12 0.01
   51 K     0   2   0  -1  -1   0   0  -1  -1  -1   0   1   0  -1  -1   1   0  -1  -1  -1    3  21   2   2   1   2   2   3   1   2  15  14   1   1   2  22   2   1   1   2  0.11 0.01
   52 L    -1  -1  -1  -1  -1  -1  -1   1  -2   2   2  -1   1   0  -1  -1  -1  -1  -1   1    3   2   2   2   1   2   2  14   1  21  35   2   1   1   2   3   2   1   1   2  0.07 0.01
   53 D    -1  -1   0   4  -2  -1   0  -1  -1  -2  -2  -1  -2  -1   3   0  -1  -1   2  -2    2   1   1  43   1   1   2   2   1   1   2   2   1   1  21   2   2   0  12   2  0.43 0.03
   54 G     1  -1  -1  -1  -2  -1  -1   4  -2  -2  -2   0  -2  -2  -1   0  -1  -2  -2  -2   21   1   1   1   0   1   1  54   0   1   2  12   0   1   1   1   1   0   1   1  0.45 0.03
   55 A     2  -2  -1  -2  -1  -1  -1  -1  -2  -1  -1  -1  -1   2  -2   2   1  -2   0   0   29   0   0   0   0   0   0   0   0   0   0   0   0  20   0  30  10   0   0  11  0.19 0.03
   56 K     1  -1  -2  -2  -2  -1  -1  -2  -1   0   1   0   0   2  -2   0   1   0   3   0   17   0   0   0   0   0   0   0   0   0  21  12   0  11   0   0  19   0  20   0  0.14 0.03
   57 Q     0   0   2   0  -2   3   0   1  -1  -3  -3   1  -1  -3  -1   3   0  -3  -2  -2    0   0  11   0   0  29   0  10   0   0   0  11   0   0   0  39   0   0   0   0  0.34 0.04
   58 R    -1   1   2  -1  -2   0  -1  -1  -1  -2  -2   0  -2  -3   5   1   1  -3  -2  -2    1  13  18   1   0   0   1   1   0   1   1   1   0   0  39  11  11   0   0   1  0.63 0.03
   59 G    -1  -1  -1  -2  -2   1  -1   3  -2  -1   1  -1   0  -1  -2   0   1  -2  -2  -1    1   1   0   1   0  11   1  32   0   1  31   1   0   0   1   1  18   0   0   1  0.18 0.02
   60 T     0  -1   0  -1  -1  -1  -1   1   4   0  -1  -1  -1  -2  -1   1   2  -2  -1   1    1   1   0   1   0   0   1  11  20   1   1   1   0   0   1  11  32   0   0  18  0.17 0.03
   61 K     0   0   0  -1  -2   0   1   1  -1  -2  -2   2  -1   2  -1   1   0  -1   0  -2    1   1   0   1   0   0  11  11   0   1   1  30   0  20   1  20   1   0   0   1  0.15 0.02
   62 A     0   0  -1  -2  -1   0  -1  -2  -1   0   2   1   2   1  -1  -1  -1  -1   0   0   12   1   1   1   0   1   2   2   1   1  27  19  16   9   1   2   1   0   1   2  0.07 0.02
   63 T     1  -1   0  -1  -1  -1  -1  -1  -1  -1  -1  -1  -1  -2   3   1   3  -2  -2  -1   10   1   1   1   0   1   2   2   1   1   2   1   1   1  18  10  43   0   1   2  0.34 0.03
   64 V     0  -3  -2  -3  -1  -2  -3   1  -3   1   0  -2   0   2  -3  -1  -1  -2   0   3    9   0   0   0   0   0   0  17   0   0   0   0   0  15   0   0   0   0   0  59  0.22 0.05
   65 D    -1  -2   4   4  -3  -1   0   3  -1  -3  -4  -1  -3  -4  -2   0   0  -4  -3  -3    0   0  36  32   0   0   0  26   0   0   0   0   0   0   0   0   7   0   0   0  0.56 0.07
   66 S     0  -1   4   2  -2  -1   0   1  -1  -3  -3  -1  -2  -3  -2   3   0  -4  -2  -3    0   0  28  14   0   0   0  12   0   0   0   0   0   0   0  45   0   0   0   0  0.45 0.07
   67 D     0  -2   3   5  -3  -1   0   2  -1  -3  -4  -1  -3  -4  -2   0  -1  -4  -3  -3   14   0  21  50   0   0   0  14   0   0   0   0   0   0   0   0   0   0   0   0  0.56 0.07
   68 T    -1  -2   2   3  -2  -1   0  -2  -2  -1  -2  -1  -1  -3  -2   0   3  -4  -2   0    0   0  14  30   0   0   0   0   0   0   0   0   0   0   0   0  44   0   0  12  0.37 0.07
   69 Q     1   0  -1  -2  -2   4   0  -2  -1   0   0   0   0  -2  -2   0   1  -3  -2   1   12   0   0   0   0  46   0   0   0   0  14   0   0   0   0   0  14   0   0  14  0.25 0.07
   70 L    -1  -2  -3  -3  -2   1  -2  -3  -2   1   3  -2   1   2   2  -2  -1  -2   0   1    0   0   0   0   0  16   0   0   0   0  44   0   0  14  12   0   0   0   0  14  0.25 0.05
   71 G     0  -2  -1  -2  -3  -2  -2   5  -2  -2  -2  -2   2  -3  -2  -1   1  -3  -3  -2    0   0   0   0   0   0   0  72   0   0   0   0  16   0   0   0  12   0   0   0  0.73 0.09
   72 L    -1  -1  -2  -3  -2  -2  -2   1  -3   1   3   1   1  -1  -3  -2  -1  -2  -2   1    0   0   0   0   0   0   0  14   0   0  57  16   0   0   0   0   0   0   0  14  0.21 0.05
   73 T     0  -1   0  -1  -2   2   2  -2  -1  -2  -2   0  -1  -3  -1   2   4  -3  -2  -1    0   0   0   0   0  16  14   0   0   0   0   0   0   0   0  26  44   0   0   0  0.39 0.07
   74 F    -2  -3  -4  -4  -2  -3  -3  -4  -3   3   2  -3   1   4  -3  -3  -1  -1   1   2    0   0   0   0   0   0   0   0   0  28  23   0   0  37   0   0   0   0   0  12  0.41 0.06
   75 T     0  -1   0  -1  -1  -1  -1   3  -2  -2  -2  -1  -1  -2  -1   1   3  -2  -2  -1    1   1   1   1   0   1   1  36   0   1   1   1   0   1   1   8  43   0   0   1  0.38 0.05
   76 Y    -2  -2  -2  -3  -2  -2  -2  -3   1  -2  -1  -2  -1   2  -2  -2  -2   2   7  -1    1   1   1   1   0   1   1   1   0   1   1   1   0   1   1   1   1   0  85   1  0.96 0.11
   77 M     0  -2  -2  -2  -2  -1  -2  -2  -1   0   1  -2   3   4  -2  -1  -1   0   3   0   15   1   1   1   0   1   1   1   0   1   9   1  23  29   1   1   1   0  13   1  0.23 0.05
   78 F     0  -2  -2  -3  -1  -2  -2  -2  -2   2   1  -2   1   4  -2  -2  -1  -1   1   1    8   1   1   1   0   1   1   1   0  20  16   1   0  31   1   1   1   0   0  15  0.20 0.03
   79 A     1  -1   2  -1  -1  -1  -1  -1  -1  -1  -2  -1  -1  -2  -1   1   4  -2  -2  -1   10   1  13   1   0   1   1   1   0   1   1   1   0   1   1   1  64   0   0   1  0.37 0.07
   80 D    -2  -2   3   6  -4  -1   1  -2  -1  -4  -4  -1  -3  -4   2  -1  -1  -5  -3  -4    0   0  16  71   0   0   0   0   0   0   0   0   0   0  14   0   0   0   0   0  0.89 0.10
   81 K    -2   2   5   2  -3   0   0  -1   3  -4  -3   1  -2  -3  -2   0  -1  -4  -2  -3    0  16  47  14   0   0   0   0  14   0   0   9   0   0   0   0   0   0   0   0  0.53 0.07
   82 W    -2   1  -3  -3  -2  -2  -3  -3  -3   3   0  -2   0  -1  -3  -2  -1   7   0   2    0  16   0   0   0   0   0   0   0  36   0   0   0   0   0   0   0  22   0  26  0.49 0.07
   83 G     1   2  -1  -1  -2   0   1   3  -1  -3  -3   0  -2  -3  -2   1   1  -3  -2  -2   14  16   0   0   0   0  14  35   0   0   0   0   0   0   0   7  14   0   0   0  0.33 0.04
   84 V     1  -2  -2  -3  -1  -2  -2  -2  -2   1   1  -2   0   3  -2   1   0  -2   0   2   14   0   0   0   0   0   0   0   0   0  14   0   0  20   0  16   0   0   0  37  0.17 0.05
   85 E    -1   3  -1   0  -3   1   4  -2  -1  -3  -2   1  -2  -3  -2   0   2  -3  -2  -2    0  28   0   0   0   0  43   0   0   0   0   0   0   0   0   0  30   0   0   0  0.46 0.08
   86 L    -1  -2  -3  -3  -2  -2  -2  -3  -3   1   4  -2   3   0  -3   0  -1  -2  -1   1    0   0   0   0   0   0   0   0   0   0  63   0  16   0   0  14   0   0   0   7  0.34 0.07
   87 V    -1  -2  -2   1  -2  -1  -1  -2  -2   1   2  -2   2   0  -2  -2  -1   5  -1   2    1   1   1  14   0   1   1   1   0   1  23   1  16   1   1   1   1  12   0  24  0.21 0.04
   88 A     3  -2  -2  -2  -1  -1  -1   1  -2   0   1  -1   0  -1  -1   0   0  -2  -2   1   47   1   1   1   0   1   1  13   0   1  16   1   0   1   1   1   1   0   0  14  0.17 0.04
   89 A     2  -2  -1  -2  -1  -1  -2   4  -2   0  -1  -1  -1  -2  -1   0  -1  -2  -2  -1   31   1   1   1   0   1   1  44   0  13   1   1   0   1   1   1   1   0   0   1  0.36 0.04
   90 T     0  -1  -1  -1  -1  -1  -1  -2  -2   1   0  -1   2  -1  -1   1   3  -2  -1   0    1   1   1   1   0   1   1   1   0  15   1   1  16   1   1  15  43   0   0   1  0.22 0.05
   91 P     0  -2  -1  -1  -2  -1  -1  -1  -2  -2  -3  -1  -2  -3   6   2   0  -3  -2  -2    1   1   1   1   0   1   1   1   0   1   1   1   0   1  59  29   1   0   0   1  1.08 0.08
   92 F    -1  -2  -2  -2  -2  -2  -2  -3   0   0  -1  -2  -1   4   3  -2  -1   0   4   1    1   1   1   1   0   1   1   1   0   1   1   1   0  31  15   1   1   0  28  14  0.41 0.05
   93 N     0   2   1   0  -2   1   3  -1  -1  -2  -2   0  -1  -2  -1   2   1  -2  -2  -2    1  15  10   1   0   1  29   1   0   1   1   1   0   1   1  24  13   0   0   1  0.27 0.04
   94 H     0  -1   0  -1  -2   0  -1  -2   6  -2  -2  -1  -1   2  -2   0   1  -2   1  -2   13   1   1   1   0   1   1   1  46   1   1   1   0  15   1   1  14   0   0   1  0.38 0.07
   95 Q     1   0   0   2  -2   1   0  -1  -1   0  -1   3  -1  -2  -1   0  -1  -2  -2  -1   15   1   1  14   0   9   1   1   0  16   1  34   0   1   1   1   1   0   0   1  0.15 0.04
   96 V    -1  -2  -2  -1  -1  -1   1  -2  -2   2   2  -1   1  -1  -2  -1   1  -2  -1   1    1   1   1   1   0   1  16   1   0  22  29   1   0   1   1   1  13   0   0  10  0.12 0.03
   97 D    -1  -2   0   4  -2  -1   0   3  -1  -2  -3  -1  -2  -3  -1   1   1  -3  -2  -2    1   1   1  37   0   1   1  29   0   1   1   1   0   1   1   8  15   0   0   1  0.39 0.04
   98 V     1  -2  -1  -2  -2  -2  -2   4  -2  -2  -2  -2  -2  -2  -2   0   1   6  -1   0   13   0   0   0   0   0   0  42   0   0   1   0   0   0   0   1  15  16   0   9  0.46 0.05
   99 K     1   1  -1  -1  -2   0  -1   2   2  -2  -2   1  -1   0  -1   0  -1   0   3  -1   15   8   1   1   0   1   1  17   8   1   2  10   0   1   1   9   1   0  22   1  0.16 0.02
  100 G     0  -2   0   2  -2  -1  -1   4  -2  -2  -2  -1  -2  -2  -1   0   1  -2  -2  -2    8   1   1  15   0   1   1  45   0   1   2   1   0   1   1   1  17   0   1   1  0.37 0.04
  101 L     0  -1  -1  -1  -1   0   1   0  -1   0   1  -1   0  -1  -1  -1   0  -1  -1   1    3   2   2   2   1   2  17  10   1   2  28   2   1   2   2   3   2   1   1  17  0.04 0.01
  102 G     0   2  -1  -1  -2   0   0   1  -1  -1  -1   0  -1  -2   3   0   1  -2  -1   0    2  17   1   1   1   1   9  11   1   1   2   2   1   1  16   2  15   0   1  16  0.16 0.02
  103 P     1  -1  -1  -2  -2  -1  -1  -2   3  -1   1  -1   0  -1   4  -1  -1  -2  -1  -1   17   1   1   1   0   1   1   1  15   1  30   1   0   1  24   1   1   0   1   1  0.29 0.03
  104 G     0  -1   2   0  -2   0   0   3  -1  -2  -1  -1   2  -2  -1   1   0  -2  -2  -1    1   1  15   1   0   1   8  32   0   1   2   1  16   1   1  15   1   0   1   1  0.22 0.03
  105 L     1  -2  -2  -2  -2  -1  -1  -1  -2  -1   0  -1  -1   2   5   0  -1  -1   0  -1   16   1   1   1   0   1   1   1   0   1  11   1   0  16  36   9   1   0   1   1  0.47 0.04
  106 D     1   1  -1   1  -2  -1  -1  -1  -2  -1   1   0   0  -2  -2   2   1  -3  -2  -1   16  14   0   9   0   0   0   0   0   0  21   0   0   0   0  27  14   0   0   0  0.14 0.04
  107 G     0  -3  -1  -2  -3  -2  -3   6  -3  -4  -4  -2  -3  -4  -3  -1  -2  -3  -4  -4    0   0   0   0   0   0   0 100   0   0   0   0   0   0   0   0   0   0   0   0  1.29 0.12
  108 K    -1   0   1   3  -3   1   2  -2  -1  -3  -3   3  -2  -3  -1   1  -1  -4  -3  -3    0   0   7  30   0   0  14   0   0   0   0  35   0   0   0  14   0   0   0   0  0.44 0.06
  109 L    -2  -3  -2   1  -2  -2  -2  -4  -3   4   3  -3   1   0  -3  -2  -1  -3  -2   1    0   0   0  14   0   0   0   0   0  49  37   0   0   0   0   0   0   0   0   0  0.33 0.06
  110 A     2  -2  -1  -2  -2  -2  -2   5  -2  -2   0  -2  -1  -2  -2   0  -1  -3  -3  -2   23   0   0   0   0   0   0  61   0   0  16   0   0   0   0   0   0   0   0   0  0.58 0.07
  111 D    -1   0   3   3  -3   0   2  -1  -1  -3  -3   1  -2  -3  -2   1   1  -4  -2  -3    0   0  27  24   0   0  14   0   0   0   0  14   0   0   0  14   7   0   0   0  0.42 0.05
  112 I    -1  -2   3  -1  -2  -2  -2  -2  -2   2   0  -2   0  -2  -3  -1   1  -3  -2   3    0   0  30   0   0   0   0   0   0   9   0   0   0   0   0   0   7   0   0  54  0.27 0.07
  113 K    -1   2   0  -1  -2   0   0  -2   2   0  -2   3  -1  -2  -2   1   1  -3  -2  -1    0  14   0   0   0   0   0   0   7  14   0  37   0   0   0  16  12   0   0   0  0.22 0.05
  114 Q    -1   0   0   2  -3   4   1   1   3  -3  -3   2  -2  -3  -2  -1  -1  -3  -1  -3    0   0   0  16   0  43   0  14  14   0   0  14   0   0   0   0   0   0   0   0  0.44 0.07
  115 L    -1  -2  -2  -2  -2  -2  -2   4  -2  -1   1   0   0  -1  -3  -1  -2   6  -1  -2    0   0   0   0   0   0   0  43   0   0  30  12   0   0   0   0   0  14   0   0  0.43 0.06
  116 P     0  -2  -1  -2  -2  -1  -1  -2  -2  -2  -2  -1  -2   2   6   2   1  -2  -1  -2    0   0   0   0   0   0   0   0   0   0   0   0   0  16  44  28  12   0   0   0  0.75 0.08
  117 P     1  -2   1  -1  -2  -1  -1  -2  -2  -1  -2  -1  -2  -3   6  -1  -1  -4  -3   0   14   0  14   0   0   0   0   0   0   0   0   0   0   0  57   0   0   0   0  16  0.98 0.08
  118 T    -1  -2  -1  -2  -2  -2  -2   1  -2   1   0  -2   0  -2  -2   0   4  -3  -2   0    0   0   0   0   0   0   0  16   0  14  12   0   0   0   0   0  59   0   0   0  0.30 0.07
  119 L     1  -2  -2   1  -2  -2  -1  -2  -2   1   2  -2   1   1  -2  -1  -1  -2  -1   0   26   0   0  16   0   0   0   0   0  14  37   0   0   7   0   0   0   0   0   0  0.14 0.04
  120 L    -1  -2  -3  -3  -2  -2  -3  -3  -3   2   3  -2   4   0  -3  -2   1  -2  -1   1    0   0   0   0   0   0   0   0   0  14  51   0  21   0   0   0  14   0   0   0  0.36 0.06
  121 L     2  -2  -1   1  -1  -1  -1  -1  -2   0   1  -1   2  -1  -2   1   0  -3  -2   0   30   0   0  14   0   0   0   0   0   0  23   0  14   0   0  12   0   0   0   7  0.13 0.04
  122 Q     2  -1   2  -1  -2   3   0  -1   0  -2  -2   0  -1  -1  -2   0   1  -1   2  -1   26   0  14   0   0  30   0   0   0   0   0   0   0   0   0   0  14   0  16   0  0.26 0.06
  123 Y    -2  -2  -2  -3  -2   1  -2  -3   0   0   1  -2   0   2  -3  -2  -2   4   6   1    0   0   0   0   0  12   0   0   0   0  16   0   0   0   0   0   0   7  51  14  0.51 0.08
  124 Y    -2  -2  -2  -3  -3  -2  -2  -3   1  -2  -2  -2  -2   2  -3   0  -2   1   7  -2    0   0   0   0   0   0   0   0   0   0   0   0   0   0   0  14   0   0  86   0  1.03 0.14
  125 P    -1   2   0  -1  -2   0   0  -1   5  -2  -2   0  -1  -2   4  -1  -1  -2   0  -2    3  17   2   2   1   2   2   3  27   2   3   2   1   1  24   3   2   0   1   2  0.40 0.03
  126 M    -2  -2  -3  -3  -2  -3  -3  -3  -1   0   0  -3   2   6  -3  -2  -2   0   2  -1    1   1   1   1   0   1   1   1   0   1   1   1   9  78   1   1   1   0   0   1  0.70 0.09
  127 G     0   0   3   0  -2  -1  -1   3  -1  -3  -3   0  -2  -3  -2   1   0  -3  -2  -2    1   8  29   1   0   1   1  36   0   1   1   1   0   1   1  16   1   0   0   1  0.39 0.04
  128 G     1  -1   2   2  -2   1   1   2  -1   0  -2  -1  -1  -3  -2   0  -1  -3  -2  -1   14   0  14  14   0  12   7  22   0  16   0   0   0   0   0   0   0   0   0   0  0.19 0.03
  129 T     2  -1  -1   2  -2  -1  -1  -1  -2  -2  -1   0   2  -3   4   0   1  -3  -2  -1   26   0   0  16   0   0   0   0   0   0   0   7  14   0  28   0   9   0   0   0  0.42 0.06
  130 N    -1  -1   2  -1  -2   2   0  -2   0  -2   0   0  -1  -1  -2   2   1  -1   2  -1    0   0  16   0   0  20   0   0   0   0  14   0   0   0   0  29   7   0  14   0  0.20 0.05
  131 S     1  -2   2   3  -2  -1   0   1  -1  -3  -3  -1  -2  -2  -2   2   0   6  -1  -2   14   0  12  21   0   0   0  14   0   0   0   0   0   0   0  23   0  16   0   0  0.40 0.05
  132 A     2   0  -1  -2  -2   0  -1  -2  -2  -1  -2   2  -1  -3   3   0   2  -3  -2   0   23   0   0   0   0   0   0   0   0   0   0  28   0   0  14   0  23   0   0  12  0.26 0.05
  133 F    -2  -3  -4  -4  -2  -3  -4  -4  -2   2   2  -3   1   5  -4  -3  -2  -1   1   1    0   0   0   0   0   0   0   0   0  28  23   0   0  50   0   0   0   0   0   0  0.51 0.07
  134 Q    -2   6  -1  -2  -3   2   0  -3  -1  -3  -2   1  -2  -3  -2  -1   1  -3  -2  -2    0  76   0   0   0   9   0   0   0   0   0   0   0   0   0   0  16   0   0   0  0.72 0.10
  135 P    -1  -3  -3  -2  -4  -2  -2  -3  -3  -3  -4  -2  -3  -4   8  -1  -2  -4  -4  -3    0   0   0   0   0   0   0   0   0   0   0   0   0   0 100   0   0   0   0   0  2.29 0.15
  136 Y    -2  -3  -3  -3  -3  -3  -3   1   0  -1  -1  -3  -1   5  -4  -2  -2   1   6  -2    0   0   0   0   0   0   0  16   0   0   0   0   0  40   0   0   0   0  44   0  0.71 0.09
  137 G    -1  -3  -3  -3  -1  -3  -3   0  -3   2   1  -3   0   2  -3  -2  -1  -2  -1   4    0   0   0   0   0   0   0   9   0   0   7   0   0  14   0   0   0   0   0  70  0.32 0.08
  138 G     0  -3  -1  -2  -3  -2  -2   6  -2  -4  -4  -2  -3  -4  -2   1  -1  -3  -3  -3    0   0   0   0   0   0   0  86   0   0   0   0   0   0   0  14   0   0   0   0  1.03 0.10
  139 L     2  -2  -2  -3  -1  -2  -2   1  -3   2   1  -2   0  -1  -2  -1  -1  -3  -2   2   28   0   0   0   0   0   0  14   0  22   9   0   0   0   0   0   0   0   0  28  0.19 0.04
  140 G     0  -2  -1  -2  -3  -2  -2   6  -2  -4  -4  -2  -3  -4  -2   1  -1  -3  -3  -3    0   0   0   0   0   0   0  84   0   0   0   0   0   0   0  16   0   0   0   0  1.01 0.10
  141 V    -2  -3  -3  -4  -2  -3  -3  -4  -2   2   2  -3   1   3  -3  -3  -1   6   3   1    0   0   0   0   0   0   0   0   0  14  28   0   0  14   0   0   0  16  12  16  0.44 0.05
  142 N     1  -1   4   0  -2  -1  -1  -1  -1  -2  -3  -1  -2  -3  -1   3   2  -3  -2  -2   14   0  30   0   0   0   0   0   0   0   0   0   0   0   0  42  14   0   0   0  0.41 0.07
  143 Y    -2  -1  -1  -2  -3   3  -1  -3   4  -2  -2  -1  -1   1  -3  -2  -2   1   6  -2    0   0   0   0   0  28   0   0  14   0   0   0   0   0   0   0   0   0  58   0  0.73 0.11
  144 T     1  -1   2  -1  -2   2   0  -1  -1  -1   0  -1  -1  -2  -2   1   3  -3  -2  -1   12   0  16   0   0  14   0   0   0   0  14   0   0   0   0  14  30   0   0   0  0.21 0.05
  145 T     0   2   0  -1  -2   0  -1  -2  -1  -2  -2   1  -1  -2  -2   2   3   6  -1  -2    0  14   0   0   0   0   0   0   0   0   0  12   0   0   0  30  30  14   0   0  0.39 0.07
  146 F    -1  -3  -2  -3  -2  -2  -3  -3  -1   0   1  -3   0   5  -3   0  -1   0   3   1    0   0   0   0   0   0   0   0   0   0  14   0   0  44   0  12   0   0  16  14  0.39 0.06
  147 F    -1   1  -2  -3  -3  -2  -2   1  -1  -2  -1  -1  -1   5  -3   0  -1   0   3  -2    0  12   0   0   0   0   0  14   0   0   0   0   0  44   0  14   0   0  16   0  0.35 0.06
  148 D    -2  -1   2   3  -3   2   0  -2   0  -2  -2  -1  -1   2  -2  -1  -1  -1   3  -2    1   1  15  31   0  15   1   1   0   1   1   1   0  13   1   1   1   0  16   1  0.29 0.04
  149 E    -1  -1   1   0  -2   0   2   1  -1   0  -1  -1  -1  -2  -1   0   2  -2  -2   0    1   1   7   1   0   1  24  17   0  15   1   1   0   1   1   1  27   0   0   1  0.16 0.04
  150 D     1  -1   0   1  -2   0   1   2  -1  -1  -2   0  -1  -2  -1   0   0  -2  -2   0   13   1   1  10   0   1  15  22   0   1   1   8   0   1   1   8   1   0   0  16  0.14 0.02
  151 L    -1   1  -1  -2  -2  -1  -2  -2  -1   0   2  -1   0   3  -2   0  -1  -1   0   0    1  15   1   1   0   1   1   1   0   1  37   1   0  22   1  16   1   0   0   1  0.14 0.04
  152 A     0   2   4   0  -2   0  -1   3  -1  -3  -3   0  -2  -3  -2   0  -1  -3  -2  -2   10  16  36   1   0   1   1  27   0   1   1   1   0   1   1   1   1   0   0   1  0.35 0.05
  153 S     0  -2   1   1  -2  -1  -1   4  -1  -3  -3  -1  -2  -3  -2   2  -1  -2  -2  -2    1   1   8   8   0   1   1  52   0   1   1   1   0   1   1  22   1   0   0   1  0.49 0.05
  154 N    -1   2   3   0  -2   0   2  -2   2  -3  -3   0  -2  -3  -2   1   2  -3  -2  -2    0  14  23   0   0   0  16   0   7   0   0   0   0   0   0  14  27   0   0   0  0.31 0.05
  155 R    -1   1   0   3  -3   0   0   2  -1  -3  -3   1  -2  -3  -2   1   1  -3  -3  -2    0   9   0  26   0   0   0  21   0   0   0  14   0   0   0  16  14   0   0   0  0.31 0.04
  156 K     1   2  -1  -1  -2   0   0  -2   3  -3  -3   3  -2  -3   3   1   0  -3  -1  -2   16  12   0   0   0   0   0   0  14   0   0  29   0   0  14   7   7   0   0   0  0.33 0.05
  157 A     1   2   1   2  -2   0   2   0  -1  -2  -2   0  -2  -3  -1   2   0  -3  -2  -2   10  16   8  14   0   1  15   8   0   1   1   1   0   0   1  22   1   0   0   1  0.23 0.03
  158 Q     2  -1  -1  -1  -1   1   0   2  -1  -2  -2   0  -1  -2   3   1   0  -2  -2  -1   23   1   1   1   1  10   2  15   1   1   2   2   1   1  16  17   2   0   1   2  0.25 0.02
  159 G     1  -2  -1  -1  -2  -1  -1   4  -2  -2  -2  -1  -2  -2  -1   0   2  -2  -2  -1   14   1   1   1   0   1   1  47   0   1   1   1   0   0   1   1  29   0   0   1  0.43 0.05
  160 F    -1  -2  -2  -2  -1  -2  -2  -2  -2   1   2  -2   1   3  -2   0  -1  -1   0   1    1   1   1   1   0   1   1   1   0   1  38   1   0  24   1  15   1   0   0  14  0.18 0.04
  161 S     2  -1  -1  -1  -1   2   0  -1  -1  -1  -1   0  -1  -2  -1   2   1  -2  -2   1   31   1   1   1   0  14   1   1   0   1   1   1   0   0   1  24   8   0   0  15  0.18 0.04
  162 S    -1  -1   3   3  -3   0   3  -1   0  -3  -3   0  -2  -3  -1   1   0  -3  -2  -2    1   1  28  22   0   1  31   1   0   1   1   1   0   0   1  10   1   0   0   1  0.44 0.05
  163 M    -1  -2  -3  -3  -2  -2  -3   1  -2   1   2  -2   2   0  -3  -2  -1  -1   2   2    0   0   0   0   0   0   0  14   0   0  35   0   9   0   0   0   0   0  16  26  0.21 0.05
  164 K    -1   1   3   0  -3   0   0   1  -1  -3  -3   3  -2  -3  -2   1   0  -3  -2  -3    0   0  28   0   0   0   0  14   0   0   0  44   0   0   0  14   0   0   0   0  0.40 0.07
  165 L     2  -2  -3  -3  -1  -2  -2  -2  -3   1   2  -2   0  -1   3  -1  -1  -3  -2   2   28   0   0   0   0   0   0   0   0   0  35   0   0   0  16   0   0   0   0  21  0.27 0.05
  166 Q     0  -1   0   2  -2   1   0   3  -1  -3  -3   1  -2  -3  -2   2   0  -3  -3  -3    0   0   0  21   0   9   0  26   0   0   0  14   0   0   0  30   0   0   0   0  0.36 0.05
  167 D     1  -2   2   5  -3  -1   1  -1  -1  -3  -3  -1  -3  -3  -2   1  -1  -4  -3  -3   14   0  12  59   0   0   0   0   0   0   0   0   0   0   0  14   0   0   0   0  0.62 0.08
  168 S     0  -1   0  -1  -2  -1  -1   1  -1  -3  -2   1  -2   1  -2   3   0  -2  -1  -2    0   0   0   0   0   0   0  14   0   0   0  14   0  12   0  60   0   0   0   0  0.32 0.07
  169 W    -3   1  -4  -4  -3  -2  -3  -3  -2  -2   0  -2  -1   3  -4  -3  -3  10   1  -2    0  12   0   0   0   0   0   0   0   0  14   0   0  14   0   0   0  60   0   0  1.47 0.13
  170 G     0  -2   0  -1  -2  -2  -2   5  -2  -3  -3  -1  -2  -3  -2   1   1  -3  -3  -2    0   0   0   0   0   0   0  66   0   0   0   0   0   0   0  17  17   0   0   0  0.69 0.06
  171 L     1  -2  -2  -2  -2  -1  -2  -2  -2   0   1  -1   0  -2   5   0   1  -3  -2   0   23   0   0   0   0   0   0   0   0   0  18   0   0   0  34   0  15   0   0   9  0.49 0.04
  172 A     3  -2  -2  -3  -1  -2  -2  -1  -1   1  -1  -2   0   0  -2   0  -1  -1   3   1   51   0   0   0   0   0   0   0   0  15   0   0   0   0   0   0   0   0  17  17  0.23 0.05
  173 G     0  -2  -2  -2  -2  -2  -2   4  -1  -1   1  -2   0   0  -3  -1  -2  -1   2  -1    8   0   0   0   0   0   0  42   0   0  32   0   0   0   0   0   0   0  17   0  0.32 0.04
  174 E    -1   0   3   0  -3   2   3  -2   0  -2  -3   0  -2  -3  -2   0   2  -3  -2  -2    0   0  25   0   0  17  27   0   0   0   0   0   0   0   0   0  30   0   0   0  0.40 0.05
  175 L     0  -3  -3  -3  -1  -3  -3  -3  -3   3   2  -3   1   0  -3  -2  -1  -3  -2   2    9   0   0   0   0   0   0   0   0  47  27   0   0   0   0   0   0   0   0  17  0.33 0.04
  176 G     0  -2  -1  -1  -3  -2  -2   6  -2  -4  -4  -2  -3  -3  -2   1  -1  -3  -3  -3    0   0   0   0   0   0   0  83   0   0   0   0   0   0   0  17   0   0   0   0  0.95 0.07
  177 F     3  -2  -3  -3  -1  -2  -2  -1  -2   0   1  -2   0   2  -2   0  -1  -2   0   1   49   0   0   0   0   0   0   0   0   0  24   0   0  18   0   0   0   0   0   8  0.21 0.04
  178 D    -1  -2   3   5  -3  -1   1  -1  -1  -3  -4  -1  -3  -4  -2   1  -1  -4  -3  -3    0   0  17  66   0   0   0   0   0   0   0   0   0   0   0  17   0   0   0   0  0.74 0.07
  179 Y    -2  -2  -3  -4  -3  -2  -3  -3   1  -1  -1  -2   2   2  -3  -2  -2   6   7  -1    0   0   0   0   0   0   0   0   0   0   0   0  15   0   0   0   0  15  70   0  0.96 0.10
  180 M     1  -1   3  -1  -2  -1  -1  -1  -1  -1   0  -1   3  -2   3   0  -1  -3  -2  -1   17   0  32   0   0   0   0   0   0   0   8   0  27   0  15   0   0   0   0   0  0.27 0.05
  181 L    -1  -3  -4  -4  -1  -3  -3  -4  -3   3   3  -3   1   0  -3  -2  -1  -3  -1   3    0   0   0   0   0   0   0   0   0  42  34   0   0   0   0   0   0   0   0  24  0.40 0.05
  182 N     1  -1   4   2  -2   0   0  -1   0  -3  -3  -1  -2  -3  -2   2   0  -4  -2  -2   17   0  44  15   0   0   0   0   0   0   0   0   0   0   0  24   0   0   0   0  0.44 0.05
  183 E    -1   1   0   3  -3   0   2  -2  -1  -3  -3   2  -2  -3   3   1  -1  -4  -3  -3    0   8   0  24   0   0  19   0   0   0   0  17   0   0  17  15   0   0   0   0  0.45 0.04
  184 H    -1  -1   4   1  -3   0   0   2   5  -4  -4  -1  -2  -3  -2   1  -1  -3  -1  -3    0   0  41   8   0   0   0  15  27   0   0   0   0   0   0   8   0   0   0   0  0.50 0.06
  185 A     0  -3  -4  -4  -3  -2  -3  -3  -2  -3  -2  -3  -2   1  -4  -2  -3  11   4  -3   10   0   0   0   0   0   0   0   0   0   0   0   0   0   0   0   0  75  15   0  1.98 0.13
  186 L     1  -2   2  -1  -2  -1  -2  -2  -1   0   1  -1   1   3  -2   1  -1  -1   0  -1   17   0  17   0   0   0   0   0   0   0  18   0   9  24   0  15   0   0   0   0  0.13 0.03
  187 F     2  -2  -3  -3  -1  -2  -2  -2  -3   2   2  -2   1   1  -2  -1  -1  -2  -1   1   32   0   0   0   0   0   0   0   0  15  34   0   0  10   0   0   0   0   0   8  0.19 0.03
  188 N    -1   2   4   0  -3  -1  -1   1  -1  -2  -2   0  -2   2  -2   0   1  -2  -1  -2    0  15  36   0   0   0   0  15   0   0   0   0   0  17   0   0  17   0   0   0  0.26 0.04
  189 M     1  -2  -3  -3  -2  -2  -2  -2  -2   0   2  -2   4   4  -3  -1  -1  -1   1   0   25   0   0   0   0   0   0   0   0   0  15   0  27  32   0   0   0   0   0   0  0.27 0.05
  190 A     1  -1   0   2  -1  -1   0  -1  -2  -2  -2  -1  -2  -3  -1   3   3  -3  -2  -1   10   0   0  15   0   0   0   0   0   0   0   0   0   0   0  41  34   0   0   0  0.37 0.05
  191 V     1  -3  -2  -3  -1  -2  -2   1  -3   1   1  -2   0  -1  -2  -1  -1  -3  -2   3   15   0   0   0   0   0   0  17   0   0  17   0   0   0   0   0   0   0   0  51  0.21 0.04
  192 W    -1   3  -1  -2  -3   2  -1  -2  -1  -3  -2   0  -2  -1  -3   1  -1   8   0  -3    0  32   0   0   0  15   0   0   0   0   0   0   0   0   0  17   0  36   0   0  0.82 0.08
  193 Y    -2  -1  -2  -3  -3  -1  -2  -3   1  -2  -2   1  -2   2  -3  -2  -2   5   7  -2    0   0   0   0   0   0   0   0   0   0   0  15   0   0   0   0   0   9  76   0  0.90 0.10
  194 M     0  -2  -2  -3  -1  -1  -2  -3  -2   2   2  -2   5  -1  -2  -1   1  -2  -2   1    8   0   0   0   0   0   0   0   0  17  15   0  44   0   0   0  15   0   0   0  0.28 0.06
  195 D    -2   2   2   2  -3  -1  -1  -2  -1  -2  -2  -1  -2   3   3  -1  -1  -2   0  -2    0  17  17  18   0   0   0   0   0   0   0   0   0  30  17   0   0   0   0   0  0.33 0.05
  196 I    -1  -2  -3  -3  -1  -2  -3  -3  -3   3   3  -2   1   0  -3   0  -1  -2  -1   1    0   0   0   0   0   0   0   0   0  36  49   0   0   0   0  15   0   0   0   0  0.30 0.05
  197 D     1   0   2   2  -3   1   2  -1  -1  -3  -3   3  -2  -3  -1   0  -1  -3  -2  -2   17   0  15  18   0   0  17   0   0   0   0  32   0   0   0   0   0   0   0   0  0.34 0.04
  198 T     0  -1   2  -1  -1  -1  -1  -2  -1  -1  -1  -1  -1  -2  -2   2   4  -3  -2   1    0   0  17   0   0   0   0   0   0   0   0   0   0   0   0  15  52   0   0  15  0.34 0.06
  199 K    -1   0   2   1  -3   0   2  -2   0  -2  -2   2  -2  -1  -2   0   1  -1   2  -2    0   0  15   9   0   0  17   0   0   0   0  25   0   0   0   0  17   0  17   0  0.26 0.04
  200 A     3  -2  -1  -2  -1  -1  -1  -1  -2   0  -1  -1  -1  -2  -1   2   0  -3  -2   2   42   0   0   0   0   0   0   0   0   0   0   0   0   0   0  32   0   0   0  26  0.26 0.05
  201 S     0   1   0  -1  -2   0   0  -1  -1  -2  -2   4  -2  -3  -1   2   2  -3  -2  -2    0   0   0   0   0   0   0   0   0   0   0  50   0   0   0  27  24   0   0   0  0.37 0.06
  202 I     1  -2  -2  -2  -1  -1  -2  -2  -1   1   1  -2   0   2  -2  -1  -1   0   3   0   19   1   1   1   0   1   1   1   0  13  22   1   0  12   1   1   1   0  22   1  0.14 0.02
  203 N     1   0   1  -1  -1   0   0  -1  -1   0  -1   2  -1  -2  -1   0   0  -2  -1   1   19   1  13   1   0   1   1   1   0   1   2  33   0   1   1   1   1   0   1  21  0.11 0.02
  204 G     1  -2  -1  -2  -1  -1  -1   1  -2   1   1  -1   0  -1  -1   1   0  -2  -1   0   23   1   1   1   0   1   1  14   0  21  20   1   0   1   1  11   1   0   1   1  0.08 0.01
  205 P     0   0   0   0  -1   0   0  -1  -1  -1  -1   2  -1  -1   3   1   0  -1  -1  -1    4   3   2   3   1   2   3   4   1   3   4  23   1   2  15  22   3   1   2   3  0.18 0.01
  206 S     2  -1   0  -1  -1   0   0   2  -1  -2  -2   0  -1  -2  -1   2   0  -2  -1  -1   23   2   1   2   1   1   2  20   1   2   3   2   1   1   2  33   2   0   1   2  0.21 0.01
  207 A     2  -1   0  -1  -1   0   0   0  -1  -1  -1   0  -1  -2   0   2   2  -2  -1   0   35   2   1   2   1   1   2   2   1   2   3   2   1   1   2  20  20   0   1   2  0.18 0.01
  208 L     1  -1  -1   2  -1  -1   0  -1  -1   0   2  -1   0  -1  -1   0  -1  -2  -1   0   20   2   1  22   1   1   2   2   1   2  33   2   1   1   2   2   2   0   1   2  0.08 0.01
  209 G     0  -3  -1  -2  -3  -2  -2   6  -2  -4  -4  -2  -3  -4  -3  -1  -2  -3  -3  -4    0   0   0   0   0   0   0 100   0   0   0   0   0   0   0   0   0   0   0   0  1.20 0.07
  210 V     0  -2  -2  -3  -2  -2  -2   3  -3   1   2  -2   1  -1  -2  -1  -1  -2  -2   1   11   0   0   0   0   0   0  29   0   0  38   0   0   0   0   0   0   0   0  22  0.21 0.02
  211 N     2  -1   2   3  -2   0   1  -1  -1  -2  -3  -1  -2  -3  -1   1   1  -3  -2  -1   38   0  12  29   0   0  11   0   0   0   0   0   0   0   0   0  10   0   0   0  0.32 0.03
  212 K     0   0  -1  -1  -2   2   1  -2  -1  -2  -2   1  -1  -3   3   0   2  -3  -2  -1   11   0   0   0   0  18  11   0   0   0   0  12   0   0  18   0  30   0   0   0  0.36 0.03
  213 T    -1  -1   2  -1  -2   1  -1  -2  -1   0  -1   1  -1  -2  -2   0   3  -3  -2   1    0   0  18   0   0  11   0   0   0   0   0  11   0   0   0   0  32   0   0  28  0.18 0.03
  214 K    -1   5   0  -1  -3   1   0  -2  -1  -3  -2   3  -2  -3  -2   1   1  -3  -2  -2    0  56   0   0   0   0   0   0   0   0   0  22   0   0   0  11  11   0   0   0  0.51 0.04
  215 V     1  -1  -1   1  -1  -1  -1  -1  -2   1  -1  -1   0  -2  -1   0   2  -2  -1   1   19   1   1  11   0   1   1   1   0  12   2   1   0   1   1   1  32   0   1  13  0.12 0.02
  216 D    -1   2   1   4  -2   0   1  -1   3  -2  -2   0  -2  -2  -1   1  -1  -3  -1  -2    1  21   1  42   0   1   1   1  11   1   2   1   0   1   1  11   1   0   1   1  0.35 0.03
  217 V     0  -2  -2  -2  -1  -2  -2  -2  -2   2   2  -2   1  -1  -2  -1   1  -2  -1   3    1   1   1   1   0   1   1   1   0   1  22   1   0   1   1   1  12   0   1  52  0.18 0.02
  218 D    -1   4   0   2  -4   1   2  -2  -1  -3  -3   3  -2  -3  -2  -1  -1  -3  -2  -3    0  39   0  12   0   0  11   0   0   0   0  38   0   0   0   0   0   0   0   0  0.51 0.04
  219 V     1  -2  -3  -3  -1  -2  -3  -3  -3   2   3  -2   1   0  -2  -1  -1  -2  -1   2   20   0   0   0   0   0   0   0   0  11  57   0   0   0   0   0   0   0   0  12  0.28 0.03
  220 D    -2  -2   2   6  -4  -1   1  -2  -1  -4  -4  -1  -3  -4  -2   0  -1  -5  -3  -4    0   0  11  89   0   0   0   0   0   0   0   0   0   0   0   0   0   0   0   0  1.00 0.07
  221 P    -1  -3  -2  -2  -3  -2  -2  -3  -3  -3  -3  -1  -3  -4   8  -1  -1  -4  -3  -3    0   0   0   0   0   0   0   0   0   0   0   0   0   0 100   0   0   0   0   0  2.20 0.09
  222 W    -2  -3  -4  -4  -2  -2  -3  -3  -3   0   1  -3   0   0  -4  -3  -2  10   1   1    0   0   0   0   0   0   0   0   0   0  20   0   0   0   0   0   0  62   0  18  1.41 0.08
  223 V     0  -2  -2  -3  -1  -2  -2  -3  -3   3   2  -2   1  -1  -2   0   0  -3  -1   3    0   0   0   0   0   0   0   0   0  20  18   0   0   0   0  18   0   0   0  44  0.23 0.03
  224 Y    -1  -2  -2  -3  -2  -2  -2  -3  -1   0   0  -2   0   4  -2   0   3   0   3   1    0   0   0   0   0   0   0   0   0   0   0   0   0  32   0   0  38   0  12  18  0.29 0.04
  225 M    -1  -2  -2  -3  -2  -2  -3   1  -2   0   1  -2   5   4  -3  -2  -2  -1   1  -1    0   0   0   0   0   0   0  18   0   0   0   0  44  38   0   0   0   0   0   0  0.36 0.06
  226 I    -2  -3  -3  -4  -2  -3  -3  -4  -2   2   2  -3   1   4  -3  -2  -1  -1   1   2    0   0   0   0   0   0   0   0   0  23  18   0   0  39   0   0   0   0   0  20  0.37 0.03
  227 G     1  -2   0  -1  -2  -1  -2   5  -2  -3  -3  -1  -2  -3  -2   2   0  -3  -3  -2   11   0   0   0   0   0   0  61   0   0   0   0   0   0   0  28   0   0   0   0  0.65 0.04
  228 F     1  -3  -3  -3  -1  -2  -3   0  -3   3   1  -2   1   2  -2  -1  -1  -2  -1   1   21   0   0   0   0   0   0  11   0  38  18   0   0  12   0   0   0   0   0   0  0.15 0.02
  229 G     0   2   0  -1  -2  -1  -1   5  -2  -4  -3   0  -2  -3  -2   1  -1  -3  -3  -3    0  18   0   0   0   0   0  62   0   0   0   0   0   0   0  20   0   0   0   0  0.62 0.04
  230 Y     1  -1  -2  -3  -2  -1  -1  -2   1  -2  -2   1  -1   2  -2  -1  -1   1   6  -1   18   0   0   0   0   0   0   0   0   0   0  18   0   0   0   0   0   0  64   0  0.54 0.06
  231 K    -1   4   0  -1  -3   3   1  -2  -1  -3  -3   4  -1  -3  -2  -1  -1  -3  -2  -3    0  39   0   0   0  18   0   0   0   0   0  43   0   0   0   0   0   0   0   0  0.58 0.05
  232 F    -3  -3  -3  -4  -3  -4  -4  -4  -2  -1   0  -4   0   7  -4  -3  -3   1   3  -1    0   0   0   0   0   0   0   0   0   0   0   0   0 100   0   0   0   0   0   0  1.01 0.08

                      K         Lambda
Standard Ungapped    0.1368     0.3187
Standard Gapped      0.0357     0.2670
PSI Ungapped         0.1177     0.3071
PSI Gapped           0.0357     0.2670
