
Last position-specific scoring matrix computed, weighted observed percentages rounded down, information per position, and relative weight of gapless real matches to pseudocounts
            A   R   N   D   C   Q   E   G   H   I   L   K   M   F   P   S   T   W   Y   V   A   R   N   D   C   Q   E   G   H   I   L   K   M   F   P   S   T   W   Y   V
    1 M    -1  -1  -2  -3  -1   0  -2  -3  -1   1   2  -1   5   0  -2  -1  -1  -1  -1   1    0   0   0   0   0   0   0   0   0   0   0   0   0   0   0   0   0   0   0   0  0.00     0.00
    2 M    -1  -1  -2  -3  -1   0  -2  -3  -1   1   2  -1   5   0  -2  -1  -1  -1  -1   1    0   0   0   0   0   0   0   0   0   0   0   0   0   0   0   0   0   0   0   0  0.00     0.00
    3 R    -1   5   0  -2  -3   1   0  -2   0  -3  -2   2  -1  -3  -2  -1  -1  -3  -2  -2    0   0   0   0   0   0   0   0   0   0   0   0   0   0   0   0   0   0   0   0  0.00     0.00
    4 N    -1   0   5   1  -3   0   0   0   1  -3  -3   0  -2  -3  -2   1   0  -4  -2  -3    0   0   0   0   0   0   0   0   0   0   0   0   0   0   0   0   0   0   0   0  0.00     0.00
    5 Q    -1   1   0   0  -3   5   2  -2   0  -3  -2   1   0  -3  -1   0  -1  -2  -1  -2    0   0   0   0   0   0   0   0   0   0   0   0   0   0   0   0   0   0   0   0  0.00     0.00
    6 R    -1   5   0  -2  -3   1   0  -2   0  -3  -2   2  -1  -3  -2  -1  -1  -3  -2  -2    0   0   0   0   0   0   0   0   0   0   0   0   0   0   0   0   0   0   0   0  0.00     0.00
    7 V     0  -2  -3  -3  -1  -2  -2  -3  -3   2   1  -2   1  -1  -2  -2   0  -3  -1   4    0   0   0   0   0   0   0   0   0   0   0   0   0   0   0   0   0   0   0   0  0.00     0.00
    8 T     0  -1   0  -1  -1  -1  -1  -1  -2  -1  -1  -1  -1  -2  -1   1   4  -2  -2   0    0   0   0   0   0   0   0   0   0   0   0   0   0   0   0   0   0   0   0   0  0.00     0.00
    9 S     1  -1   1   0  -1   0   0   0  -1  -2  -2   0  -1  -2  -1   4   1  -3  -2  -2    0   0   0   0   0   0   0   0   0   0   0   0   0   0   0   0   0   0   0   0  0.00     0.00
   10 A     4  -1  -1  -2   0  -1  -1   0  -2  -1  -1  -1  -1  -2  -1   1   0  -2  -2   0    0   0   0   0   0   0   0   0   0   0   0   0   0   0   0   0   0   0   0   0  0.00     0.00
   11 T     0  -1   0  -1  -1  -1  -1  -1  -2  -1  -1  -1  -1  -2  -1   1   4  -2  -2   0    0   0   0   0   0   0   0   0   0   0   0   0   0   0   0   0   0   0   0   0  0.00     0.00
   12 L    -1  -2  -3  -3  -1  -2  -3  -3  -3   1   4  -2   2   0  -3  -2  -1  -2  -1   1    0   0   0   0   0   0   0   0   0   0   0   0   0   0   0   0   0   0   0   0  0.00     0.00
   13 G     0  -2   0  -1  -2  -2  -2   5  -2  -4  -3  -1  -3  -3  -2   0  -1  -2  -3  -3    0   0   0   0   0   0   0   0   0   0   0   0   0   0   0   0   0   0   0   0  0.00     0.00
   14 L    -1  -2  -3  -3  -1  -2  -3  -3  -3   1   4  -2   2   0  -3  -2  -1  -2  -1   1    0   0   0   0   0   0   0   0   0   0   0   0   0   0   0   0   0   0   0   0  0.00     0.00
   15 A     4  -1  -1  -2   0  -1  -1   0  -2  -1  -1  -1  -1  -2  -1   1   0  -2  -2   0    0   0   0   0   0   0   0   0   0   0   0   0   0   0   0   0   0   0   0   0  0.00     0.00
   16 L    -1  -2  -3  -3  -1  -2  -3  -3  -3   1   4  -2   2   0  -3  -2  -1  -2  -1   1    0   0   0   0   0   0   0   0   0   0   0   0   0   0   0   0   0   0   0   0  0.00     0.00
   17 L    -1  -2  -3  -3  -1  -2  -3  -3  -3   1   4  -2   2   0  -3  -2  -1  -2  -1   1    0   0   0   0   0   0   0   0   0   0   0   0   0   0   0   0   0   0   0   0  0.00     0.00
   18 A     4  -1  -1  -2   0  -1  -1   0  -2  -1  -1  -1  -1  -2  -1   1   0  -2  -2   0    0   0   0   0   0   0   0   0   0   0   0   0   0   0   0   0   0   0   0   0  0.00     0.00
   19 A     4  -1  -1  -2   0  -1  -1   0  -2  -1  -1  -1  -1  -2  -1   1   0  -2  -2   0    0   0   0   0   0   0   0   0   0   0   0   0   0   0   0   0   0   0   0   0  0.00     0.00
   20 S     1  -1   1   0  -1   0   0   0  -1  -2  -2   0  -1  -2  -1   4   1  -3  -2  -2    0   0   0   0   0   0   0   0   0   0   0   0   0   0   0   0   0   0   0   0  0.00     0.00
   21 A     4  -1  -1  -2   0  -1  -1   0  -2  -1  -1  -1  -1  -2  -1   1   0  -2  -2   0    0   0   0   0   0   0   0   0   0   0   0   0   0   0   0   0   0   0   0   0  0.00     0.00
   22 P    -1  -2  -2  -1  -3  -1  -1  -2  -2  -3  -3  -1  -2  -3   7  -1  -1  -3  -3  -2    0   0   0   0   0   0   0   0   0   0   0   0   0   0   0   0   0   0   0   0  0.00     0.00
   23 G     0  -2   0  -1  -2  -2  -2   5  -2  -4  -3  -1  -3  -3  -2   0  -1  -2  -3  -3    0   0   0   0   0   0   0   0   0   0   0   0   0   0   0   0   0   0   0   0  0.00     0.00
   24 W    -2  -3  -4  -4  -2  -2  -3  -2  -2  -2  -2  -3  -1   1  -3  -3  -2  10   2  -3    0   0   0   0   0   0   0   0   0   0   0   0   0   0   0   0   0   0   0   0  0.00     0.00
   25 A     4  -1  -1  -2   0  -1  -1   0  -2  -1  -1  -1  -1  -2  -1   1   0  -2  -2   0    0   0   0   0   0   0   0   0   0   0   0   0   0   0   0   0   0   0   0   0  0.00     0.00
   26 A     4  -1  -1  -2   0  -1  -1   0  -2  -1  -1  -1  -1  -2  -1   1   0  -2  -2   0    0   0   0   0   0   0   0   0   0   0   0   0   0   0   0   0   0   0   0   0  0.00     0.00
   27 D    -2  -2   1   5  -3   0   1  -1  -1  -3  -3  -1  -3  -3  -1   0  -1  -4  -3  -3    0   0   0   0   0   0   0   0   0   0   0   0   0   0   0   0   0   0   0   0  0.00     0.00
   28 E    -1   0   0   1  -3   2   5  -2   0  -3  -3   1  -2  -3  -1   0  -1  -3  -2  -2    0   0   0   0   0   0   0   0   0   0   0   0   0   0   0   0   0   0   0   0  0.00     0.00
   29 Q    -1   1   0   0  -3   5   2  -2   0  -3  -2   1   0  -3  -1   0  -1  -2  -1  -2    0   0   0   0   0   0   0   0   0   0   0   0   0   0   0   0   0   0   0   0  0.00     0.00
   30 E    -1   0   0   1  -3   2   5  -2   0  -3  -3   1  -2  -3  -1   0  -1  -3  -2  -2    0   0   0   0   0   0   0   0   0   0   0   0   0   0   0   0   0   0   0   0  0.00     0.00
   31 N    -1   0   5   1  -3   0   0   0   1  -3  -3   0  -2  -3  -2   1   0  -4  -2  -3    0   0   0   0   0   0   0   0   0   0   0   0   0   0   0   0   0   0   0   0  0.00     0.00
   32 P    -1  -2  -2  -1  -3  -1  -1  -2  -2  -3  -3  -1  -2  -3   7  -1  -1  -3  -3  -2    0   0   0   0   0   0   0   0   0   0   0   0   0   0   0   0   0   0   0   0  0.00     0.00
   33 P    -1  -2  -2  -1  -3  -1  -1  -2  -2  -3  -3  -1  -2  -3   7  -1  -1  -3  -3  -2    0   0   0   0   0   0   0   0   0   0   0   0   0   0   0   0   0   0   0   0  0.00     0.00
   34 A     4  -1  -1  -2   0  -1  -1   0  -2  -1  -1  -1  -1  -2  -1   1   0  -2  -2   0    0   0   0   0   0   0   0   0   0   0   0   0   0   0   0   0   0   0   0   0  0.00     0.00
   35 P    -1  -2  -2  -1  -3  -1  -1  -2  -2  -3  -3  -1  -2  -3   7  -1  -1  -3  -3  -2    0   0   0   0   0   0   0   0   0   0   0   0   0   0   0   0   0   0   0   0  0.00     0.00
   36 D    -2  -2   1   5  -3   0   1  -1  -1  -3  -3  -1  -3  -3  -1   0  -1  -4  -3  -3    0   0   0   0   0   0   0   0   0   0   0   0   0   0   0   0   0   0   0   0  0.00     0.00
   37 N    -1   0   5   1  -3   0   0   0   1  -3  -3   0  -2  -3  -2   1   0  -4  -2  -3    0   0   0   0   0   0   0   0   0   0   0   0   0   0   0   0   0   0   0   0  0.00     0.00
   38 P    -1  -2  -2  -2  -3  -1  -1  -2  -2  -3  -3  -1  -3  -4   8  -1  -1  -4  -3  -2    0   0   0   0   0   0   0   0   0   0   0   0   0   0 100   0   0   0   0   0  2.05 0.01
   39 S     0  -1  -1  -2  -1  -1  -1  -2  -2   0   2  -1   1  -1  -2   2   0  -2  -1   0    0   0   0   0   0   0   0   0   0   0  50   0   0   0   0  50   0   0   0   0  0.18 0.00
   40 Y    -2  -2  -2  -3  -3  -2  -2  -3   2  -1  -1  -2  -1   3  -3  -2  -2   2   7  -1    0   0   0   0   0   0   0   0   0   0   0   0   0   0   0   0   0   0 100   0  0.87 0.01
   41 A     2  -2  -2  -3  -1  -1  -2  -1  -2   0   2  -2   1  -1  -2   0  -1  -2  -1   0   50   0   0   0   0   0   0   0   0   0  50   0   0   0   0   0   0   0   0   0  0.20 0.00
   42 A     4  -1  -2  -2   0  -1  -1   0  -2  -1  -2  -1  -1  -2  -1   1   0  -3  -2   0  100   0   0   0   0   0   0   0   0   0   0   0   0   0   0   0   0   0   0   0  0.41 0.00
   43 E     3  -1  -1   0  -2   1   3  -1  -1  -2  -2   0  -1  -3  -1   1   0  -3  -2  -1   50   0   0   0   0   0  50   0   0   0   0   0   0   0   0   0   0   0   0   0  0.36 0.00
   44 V     0  -3  -3  -3  -1  -2  -3  -3  -3   3   1  -2   1  -1  -2  -2   0  -3  -1   4    0   0   0   0   0   0   0   0   0   0   0   0   0   0   0   0   0   0   0 100  0.35 0.00
   45 Q     0   0   0   0  -2   4   1  -1   0  -3  -2   1  -1  -3  -1   3   1  -2  -2  -2    0   0   0   0   0  50   0   0   0   0   0   0   0   0   0  50   0   0   0   0  0.40 0.00
   46 S     3  -1   0  -1  -1   0  -1   0  -1  -2  -2   0  -1  -2  -1   3   1  -3  -2  -1   50   0   0   0   0   0   0   0   0   0   0   0   0   0   0  50   0   0   0   0  0.35 0.00
   47 I    -1  -3  -3  -3  -1  -3  -3  -4  -3   3   3  -3   2   0  -3  -2  -1  -2  -1   2    0   0   0   0   0   0   0   0   0  50  50   0   0   0   0   0   0   0   0   0  0.37 0.00
   48 P     0  -1   0  -1  -2  -1  -1  -1  -2  -3  -3  -1  -2  -3   6   3   0  -3  -2  -2    0   0   0   0   0   0   0   0   0   0   0   0   0   0  50  50   0   0   0   0  0.91 0.00
   49 S     1  -1   1   0  -1   0   0   0  -1  -2  -3   0  -2  -2  -1   4   1  -3  -2  -2    0   0   0   0   0   0   0   0   0   0   0   0   0   0   0 100   0   0   0   0  0.46 0.00
   50 V    -1  -2  -3  -3  -2  -2  -2  -3   0   1   0  -2   0   2  -3  -2  -1   1   5   2    0   0   0   0   0   0   0   0   0   0   0   0   0   0   0   0   0   0  50  50  0.37 0.00
   51 A     4  -1  -2  -2   0  -1  -1   0  -2  -1  -2  -1  -1  -2  -1   1   0  -3  -2   0  100   0   0   0   0   0   0   0   0   0   0   0   0   0   0   0   0   0   0   0  0.41 0.00
   52 K    -1   1  -1  -2  -2   0  -1  -3  -2   2   0   3   0  -1  -2  -1  -1  -3  -2   1    0   0   0   0   0   0   0   0   0  50   0  50   0   0   0   0   0   0   0   0  0.16 0.00
   53 P     0  -1   0  -1  -2  -1  -1  -1  -2  -3  -3  -1  -2  -3   6   3   0  -3  -2  -2    0   0   0   0   0   0   0   0   0   0   0   0   0   0  50  50   0   0   0   0  0.91 0.00
   54 I     2  -2  -2  -2  -1  -2  -2  -1  -2   3   0  -2   0  -1  -2   0   0  -3  -2   2   50   0   0   0   0   0   0   0   0  50   0   0   0   0   0   0   0   0   0   0  0.19 0.00
   55 K    -1   2   0  -1  -3   4   1  -2   0  -3  -2   3  -1  -3  -1   0  -1  -3  -2  -2    0   0   0   0   0  50   0   0   0   0   0  50   0   0   0   0   0   0   0   0  0.49 0.00
   56 G     3  -2  -1  -2  -1  -1  -1   4  -2  -2  -2  -1  -2  -3  -1   1  -1  -3  -2  -1   50   0   0   0   0   0   0  50   0   0   0   0   0   0   0   0   0   0   0   0  0.52 0.00
   57 Q    -1   0   0   1  -3   4   4  -2   0  -3  -3   1  -1  -3  -1   0  -1  -2  -2  -2    0   0   0   0   0  50  50   0   0   0   0   0   0   0   0   0   0   0   0   0  0.60 0.00
   58 A     2  -2   0   4  -2  -1   1  -1  -1  -2  -2  -1  -2  -3  -1   1  -1  -3  -2  -1   50   0   0  50   0   0   0   0   0   0   0   0   0   0   0   0   0   0   0   0  0.41 0.00
   59 G     0   1   0  -1  -3   0   0   4  -1  -3  -3   3  -2  -3  -2   0  -1  -3  -2  -3    0   0   0   0   0   0   0  50   0   0   0  50   0   0   0   0   0   0   0   0  0.49 0.00
   60 A     3  -2  -2  -2  -1  -1  -1  -1  -2  -2  -2  -1  -2  -3   6   0  -1  -3  -2  -1   50   0   0   0   0   0   0   0   0   0   0   0   0   0  50   0   0   0   0   0  0.89 0.00
   61 T     0  -1   0   1  -2   1   3  -2  -1  -2  -2   0  -1  -3  -1   1   3  -3  -2  -1    0   0   0   0   0   0  50   0   0   0   0   0   0   0   0   0  50   0   0   0  0.40 0.00
   62 G     0  -2   0  -1  -3  -2  -2   6  -2  -4  -4  -2  -3  -3  -2   0  -2  -3  -3  -3    0   0   0   0   0   0   0 100   0   0   0   0   0   0   0   0   0   0   0   0  1.04 0.00
   63 L    -2  -3  -3  -4  -2  -3  -3  -3  -2   1   3  -3   1   5  -3  -3  -2   0   2   0    0   0   0   0   0   0   0   0   0   0  50   0   0  50   0   0   0   0   0   0  0.43 0.00
   64 V    -1  -3  -3  -3  -1  -3  -3  -4  -3   3   1  -3   1  -1  -3  -2   0  -3  -1   3    0   0   0   0   0   0   0   0   0  50   0   0   0   0   0   0   0   0   0  50  0.35 0.00
   65 E    -1   0   0   2  -4   2   5  -2   0  -3  -3   1  -2  -3  -1   0  -1  -3  -2  -3    0   0   0   0   0   0 100   0   0   0   0   0   0   0   0   0   0   0   0   0  0.74 0.00
   66 G     0  -2   0  -1  -3  -2  -2   6  -2  -4  -4  -2  -3  -3  -2   0  -2  -3  -3  -3    0   0   0   0   0   0   0 100   0   0   0   0   0   0   0   0   0   0   0   0  1.04 0.00
   67 Q     0   0   0   0  -2   4   1  -1   0  -3  -2   1  -1  -3  -1   3   1  -2  -2  -2    0   0   0   0   0  50   0   0   0   0   0   0   0   0   0  50   0   0   0   0  0.40 0.00
   68 S     1  -1   1   0  -1   0   0   0  -1  -2  -3   0  -2  -2  -1   4   1  -3  -2  -2    0   0   0   0   0   0   0   0   0   0   0   0   0   0   0 100   0   0   0   0  0.46 0.00
   69 L    -2  -2  -4  -4  -1  -2  -3  -4  -3   2   4  -3   2   0  -3  -3  -1  -2  -1   1    0   0   0   0   0   0   0   0   0   0 100   0   0   0   0   0   0   0   0   0  0.46 0.00
   70 T     0  -1   0  -1  -1  -1  -1  -2  -2  -1  -1  -1  -1  -2  -1   1   5  -3  -2   0    0   0   0   0   0   0   0   0   0   0   0   0   0   0   0   0 100   0   0   0  0.48 0.00
   71 L    -1  -2  -3  -3  -1  -2  -3  -3  -3   2   3  -2   1   0  -3  -2  -1  -2  -1   3    0   0   0   0   0   0   0   0   0   0  50   0   0   0   0   0   0   0   0  50  0.32 0.00
   72 T    -1  -2  -1  -2  -1  -1  -2  -3  -2   1   2  -1   1  -1  -2   0   3  -2  -1   0    0   0   0   0   0   0   0   0   0   0  50   0   0   0   0   0  50   0   0   0  0.25 0.00
   73 T    -1  -1   4   0  -2   0  -1  -1   0  -2  -2   0  -1  -3  -2   1   3  -3  -2  -1    0   0  50   0   0   0   0   0   0   0   0   0   0   0   0   0  50   0   0   0  0.42 0.00
   74 R    -1   6   0  -2  -4   1   0  -2   0  -3  -2   2  -1  -3  -2  -1  -1  -3  -2  -3    0 100   0   0   0   0   0   0   0   0   0   0   0   0   0   0   0   0   0   0  0.75 0.00
   75 N    -2   0   6   1  -3   0   0   0   1  -3  -4   0  -2  -3  -2   1   0  -4  -2  -3    0   0 100   0   0   0   0   0   0   0   0   0   0   0   0   0   0   0   0   0  0.73 0.00
   76 F    -2  -3  -3  -4  -2  -3  -3  -3  -1   0   0  -3   0   6  -4  -2  -2   1   3  -1    0   0   0   0   0   0   0   0   0   0   0   0   0 100   0   0   0   0   0   0  0.74 0.00
   77 Y    -2  -2  -2  -3  -3  -2  -2  -3   2  -1  -1  -2  -1   3  -3  -2  -2   2   7  -1    0   0   0   0   0   0   0   0   0   0   0   0   0   0   0   0   0   0 100   0  0.87 0.01
   78 S     0  -2  -1  -2  -2  -1  -1  -1  -1  -1  -1  -1  -1   4  -2   2   0   0   2  -1    0   0   0   0   0   0   0   0   0   0   0   0   0  50   0  50   0   0   0   0  0.28 0.00
   79 R    -2   4   4   0  -3   1   0  -1   0  -3  -3   1  -2  -3  -2   0  -1  -3  -2  -3    0  50  50   0   0   0   0   0   0   0   0   0   0   0   0   0   0   0   0   0  0.52 0.00
   80 E    -1   4   0   0  -4   1   4  -2   0  -3  -3   2  -2  -3  -2   0  -1  -3  -2  -3    0  50   0   0   0   0  50   0   0   0   0   0   0   0   0   0   0   0   0   0  0.55 0.00
   81 N    -2  -1   4   4  -3   0   1  -1   0  -3  -4   0  -3  -3  -2   0  -1  -4  -3  -3    0   0  50  50   0   0   0   0   0   0   0   0   0   0   0   0   0   0   0   0  0.67 0.00
   82 M    -1  -1   4   0  -2   0  -1  -1   0   0   0  -1   4  -1  -2   0   0  -2  -2  -1    0   0  50   0   0   0   0   0   0   0   0   0  50   0   0   0   0   0   0   0  0.26 0.00
   83 K    -1   4   0  -1  -3   1   0  -2  -1  -3  -2   4  -1  -3  -2   0  -1  -3  -2  -2    0  50   0   0   0   0   0   0   0   0   0  50   0   0   0   0   0   0   0   0  0.56 0.00
   84 D    -2  -2   1   6  -4   0   2  -1  -1  -3  -4  -1  -3  -4  -2   0  -1  -4  -3  -3    0   0   0 100   0   0   0   0   0   0   0   0   0   0   0   0   0   0   0   0  0.93 0.00
   85 S     1  -1   1   0  -1   0   0   0  -1  -2  -3   0  -2  -2  -1   4   1  -3  -2  -2    0   0   0   0   0   0   0   0   0   0   0   0   0   0   0 100   0   0   0   0  0.46 0.00
   86 F    -1  -1  -1  -1  -1  -1  -1  -1  -1   0   0  -1   0   5  -1  -1  -1   1   2  -1    4   3   2   3   1   2   3   4   1   3   5   3   1  52   3   4   3   1   2   3  0.19 0.00
   87 T     0  -1   0  -1  -1  -1  -1  -2  -2  -1  -1  -1  -1  -2  -1   1   5  -3  -2   0    0   0   0   0   0   0   0   0   0   0   0   0   0   0   0   0 100   0   0   0  0.48 0.00
   88 F     2  -2  -2  -3  -1  -2  -2  -1  -1  -1   0  -2   0   4  -2   0  -1   0   2  -1   50   0   0   0   0   0   0   0   0   0   0   0   0  50   0   0   0   0   0   0  0.29 0.00
   89 R    -1   4  -1  -2  -3   0  -1  -2  -1  -3  -3   1  -2  -3   6  -1  -1  -3  -2  -3    0  50   0   0   0   0   0   0   0   0   0   0   0   0  50   0   0   0   0   0  0.98 0.00
   90 I    -1  -2  -1  -2  -1  -2  -2  -3  -2   3   0  -2   0  -1  -2   0   3  -3  -2   2    0   0   0   0   0   0   0   0   0  50   0   0   0   0   0   0  50   0   0   0  0.24 0.00
   91 P    -1  -2  -2  -2  -3  -1  -2  -3   0  -2  -2  -1  -2   1   6  -1  -1   1   5  -2    0   0   0   0   0   0   0   0   0   0   0   0   0   0  50   0   0   0  50   0  0.98 0.00
   92 K    -1   1   4   0  -3   1   0  -1   0  -3  -3   3  -2  -3  -2   0   0  -3  -2  -3    0   0  50   0   0   0   0   0   0   0   0  50   0   0   0   0   0   0   0   0  0.45 0.00
   93 A     3  -1   0  -1  -1   0  -1   0  -1  -2  -2   0  -1  -2  -1   3   1  -3  -2  -1   50   0   0   0   0   0   0   0   0   0   0   0   0   0   0  50   0   0   0   0  0.35 0.00
   94 G     0  -2   0  -1  -3  -2  -2   6  -2  -4  -4  -2  -3  -3  -2   0  -2  -3  -3  -3    0   0   0   0   0   0   0 100   0   0   0   0   0   0   0   0   0   0   0   0  1.04 0.00
   95 G     0   1   0  -1  -3   0   0   4  -1  -3  -3   3  -2  -3  -2   0  -1  -3  -2  -3    0   0   0   0   0   0   0  50   0   0   0  50   0   0   0   0   0   0   0   0  0.49 0.00
   96 G     0  -2   0  -1  -3  -2  -2   6  -2  -4  -4  -2  -3  -3  -2   0  -2  -3  -3  -3    0   0   0   0   0   0   0 100   0   0   0   0   0   0   0   0   0   0   0   0  1.04 0.00
   97 S     0  -1   4   1  -2   0   0   0   0  -3  -3   0  -2  -3  -1   3   1  -3  -2  -2    0   0  50   0   0   0   0   0   0   0   0   0   0   0   0  50   0   0   0   0  0.45 0.00
   98 Q     0   0   0  -1  -2   4   1  -2   0  -2  -2   0  -1  -3  -1   1   3  -2  -2  -1    0   0   0   0   0  50   0   0   0   0   0   0   0   0   0   0  50   0   0   0  0.38 0.00
   99 R    -2   4   4   0  -3   1   0  -1   0  -3  -3   1  -2  -3  -2   0  -1  -3  -2  -3    0  50  50   0   0   0   0   0   0   0   0   0   0   0   0   0   0   0   0   0  0.52 0.00
  100 I    -1  -3  -2  -2  -2  -2  -3   4  -3   2   0  -2   0  -1  -3  -1  -1  -3  -2   1    0   0   0   0   0   0   0  50   0  50   0   0   0   0   0   0   0   0   0   0  0.33 0.00
  101 H    -2  -1   0  -2  -3   0  -1  -3   6  -2  -2  -1  -1   2  -3  -1  -2   1   5  -2    0   0   0   0   0   0   0   0  50   0   0   0   0   0   0   0   0   0  50   0  0.66 0.00
  102 Q     0   0   0   0  -2   4   1  -1   0  -3  -2   1  -1  -3  -1   3   1  -2  -2  -2    0   0   0   0   0  50   0   0   0   0   0   0   0   0   0  50   0   0   0   0  0.40 0.00
  103 R    -1   4   0   0  -4   1   4  -2   0  -3  -3   2  -2  -3  -2   0  -1  -3  -2  -3    0  50   0   0   0   0  50   0   0   0   0   0   0   0   0   0   0   0   0   0  0.55 0.00
  104 N    -1   0   4   1  -1   0   0   0   0  -1  -1   0  -1  -1  -1   0   0  -1  -1  -1    4   3  52   3   1   2   3   4   1   3   5   3   1   2   3   4   3   1   2   3  0.24 0.00
  105 A     4  -1  -2  -2   0  -1  -1   0  -2  -1  -2  -1  -1  -2  -1   1   0  -3  -2   0  100   0   0   0   0   0   0   0   0   0   0   0   0   0   0   0   0   0   0   0  0.41 0.00
  106 W    -3  -3  -4  -4  -2  -2  -3  -3  -2  -3  -2  -3  -2   1  -4  -3  -3  11   2  -3    0   0   0   0   0   0   0   0   0   0   0   0   0   0   0   0   0 100   0   0  2.33 0.01
  107 V     3  -2  -2  -2  -1  -1  -2  -1  -2   1   0  -1   0  -2  -2   0   0  -3  -2   3   50   0   0   0   0   0   0   0   0   0   0   0   0   0   0   0   0   0   0  50  0.21 0.00
  108 Q    -1   0   0  -1  -3   4   1  -2   6  -3  -3   0  -1  -2  -2   0  -1  -2   1  -3    0   0   0   0   0  50   0   0  50   0   0   0   0   0   0   0   0   0   0   0  0.57 0.00
  109 G     3  -2  -1  -2  -1  -1  -1   4  -2  -2  -2  -1  -2  -3  -1   1  -1  -3  -2  -1   50   0   0   0   0   0   0  50   0   0   0   0   0   0   0   0   0   0   0   0  0.52 0.00
  110 T    -1  -2  -1  -2  -1  -2  -2  -3  -2   3   0  -2   0  -1  -2   0   3  -3  -2   2    0   0   0   0   0   0   0   0   0  50   0   0   0   0   0   0  50   0   0   0  0.24 0.00
  111 V    -1  -3  -3  -3  -1  -3  -3  -4  -3   3   1  -3   1  -1  -3  -2   0  -3  -1   3    0   0   0   0   0   0   0   0   0  50   0   0   0   0   0   0   0   0   0  50  0.35 0.00
  112 L     0  -1  -1  -2  -1  -1  -1  -2  -2   0   2  -1   1  -1  -2   2   0  -2  -1   0    0   0   0   0   0   0   0   0   0   0  50   0   0   0   0  50   0   0   0   0  0.18 0.00
  113 K    -1   2   0  -1  -3   1   1  -2  -1  -3  -3   5  -1  -3  -1   0  -1  -3  -2  -2    0   0   0   0   0   0   0   0   0   0   0 100   0   0   0   0   0   0   0   0  0.52 0.00
  114 Y    -2  -2  -3  -3  -2  -2  -3  -3   1  -1   0  -2   0   5  -3  -2  -2   2   6  -1    0   0   0   0   0   0   0   0   0   0   0   0   0  50   0   0   0   0  50   0  0.69 0.00
  115 S     0  -1   4   1  -2   0   0   0   0  -3  -3   0  -2  -3  -1   3   1  -3  -2  -2    0   0  50   0   0   0   0   0   0   0   0   0   0   0   0  50   0   0   0   0  0.45 0.00
  116 S     1  -1   1   0  -1   0   0   0  -1  -2  -3   0  -2  -2  -1   4   1  -3  -2  -2    0   0   0   0   0   0   0   0   0   0   0   0   0   0   0 100   0   0   0   0  0.46 0.00
  117 G     0  -2   0  -1  -3  -2  -2   6  -2  -4  -4  -2  -3  -3  -2   0  -2  -3  -3  -3    0   0   0   0   0   0   0 100   0   0   0   0   0   0   0   0   0   0   0   0  1.04 0.00
  118 Y    -2  -2  -3  -3  -2  -2  -3  -3   1  -1   0  -2   0   5  -3  -2  -2   2   6  -1    0   0   0   0   0   0   0   0   0   0   0   0   0  50   0   0   0   0  50   0  0.69 0.00
  119 T     0  -1   0  -1  -1  -1  -1  -2  -2  -1  -1  -1  -1  -2  -1   1   5  -3  -2   0    0   0   0   0   0   0   0   0   0   0   0   0   0   0   0   0 100   0   0   0  0.48 0.00
  120 Q    -1   1   0   0  -3   6   2  -2   0  -3  -2   1   0  -3  -1   0  -1  -2  -2  -2    0   0   0   0   0 100   0   0   0   0   0   0   0   0   0   0   0   0   0   0  0.66 0.01
  121 G     0  -2   0  -1  -3  -2  -2   6  -2  -4  -4  -2  -3  -3  -2   0  -2  -3  -3  -3    0   0   0   0   0   0   0 100   0   0   0   0   0   0   0   0   0   0   0   0  1.04 0.00
  122 T     0  -1   0  -1  -1  -1  -1  -2  -2  -1  -1  -1  -1  -2  -1   1   5  -3  -2   0    0   0   0   0   0   0   0   0   0   0   0   0   0   0   0   0 100   0   0   0  0.48 0.00
  123 V     0  -3  -3  -3  -1  -2  -3  -3  -3   3   1  -2   1  -1  -2  -2   0  -3  -1   4    0   0   0   0   0   0   0   0   0   0   0   0   0   0   0   0   0   0   0 100  0.35 0.00
  124 G     0  -2   0  -1  -3  -2  -2   6  -2  -4  -4  -2  -3  -3  -2   0  -2  -3  -3  -3    0   0   0   0   0   0   0 100   0   0   0   0   0   0   0   0   0   0   0   0  1.04 0.00
  125 F    -2  -3  -3  -4  -2  -3  -3  -3  -1   0   0  -3   0   6  -4  -2  -2   1   3  -1    0   0   0   0   0   0   0   0   0   0   0   0   0 100   0   0   0   0   0   0  0.74 0.00
  126 G     0  -2   0  -1  -3  -2  -2   6  -2  -4  -4  -2  -3  -3  -2   0  -2  -3  -3  -3    0   0   0   0   0   0   0 100   0   0   0   0   0   0   0   0   0   0   0   0  1.04 0.00
  127 F    -1  -3  -3  -3  -2  -3  -3  -3  -2   2   1  -3   0   4  -3  -2  -1   0   2   2    0   0   0   0   0   0   0   0   0   0   0   0   0  50   0   0   0   0   0  50  0.35 0.00
  128 D    -2  -2   1   6  -4   0   2  -1  -1  -3  -4  -1  -3  -4  -2   0  -1  -4  -3  -3    0   0   0 100   0   0   0   0   0   0   0   0   0   0   0   0   0   0   0   0  0.93 0.00
  129 V     3  -2  -2  -2  -1  -1  -2  -1  -2   1   0  -1   0  -2  -2   0   0  -3  -2   3   50   0   0   0   0   0   0   0   0   0   0   0   0   0   0   0   0   0   0  50  0.21 0.00
  130 A     2  -2  -2  -3  -1  -2  -2  -1  -1  -1   0  -2   0   4  -2   0  -1   0   2  -1   50   0   0   0   0   0   0   0   0   0   0   0   0  50   0   0   0   0   0   0  0.29 0.00
  131 A     4  -1  -2  -2   0  -1  -1   0  -2  -1  -2  -1  -1  -2  -1   1   0  -3  -2   0  100   0   0   0   0   0   0   0   0   0   0   0   0   0   0   0   0   0   0   0  0.41 0.00
  132 F    -2  -2  -3  -3  -2  -2  -3  -3  -1   1   1  -2   4   5  -3  -2  -1   0   2   0    0   0   0   0   0   0   0   0   0   0   0   0  50  50   0   0   0   0   0   0  0.37 0.00
  133 N    -1  -2   4   0  -2  -1  -1  -2  -1   2   0  -1   0  -1  -2  -1   0  -3  -2   1    0   0  50   0   0   0   0   0   0  50   0   0   0   0   0   0   0   0   0   0  0.22 0.00
  134 E     0  -1   0   0  -3   1   3   4  -1  -4  -3   0  -2  -3  -2   0  -1  -3  -3  -3    0   0   0   0   0   0  50  50   0   0   0   0   0   0   0   0   0   0   0   0  0.56 0.00
  135 I    -1  -3  -3  -3  -1  -3  -3  -4  -3   3   3  -3   2   0  -3  -2  -1  -2  -1   2    0   0   0   0   0   0   0   0   0  50  50   0   0   0   0   0   0   0   0   0  0.37 0.00
  136 A     3   1  -1  -1  -1   0   0  -1  -1  -2  -2   3  -1  -3  -1   1   0  -3  -2  -1   50   0   0   0   0   0   0   0   0   0   0  50   0   0   0   0   0   0   0   0  0.29 0.00
  137 L    -2  -2  -4  -4  -1  -2  -3  -4  -3   2   4  -3   2   0  -3  -3  -1  -2  -1   1    0   0   0   0   0   0   0   0   0   0 100   0   0   0   0   0   0   0   0   0  0.46 0.00
  138 E    -1  -1   1   5  -4   1   4  -2  -1  -3  -3   0  -3  -3  -1   0  -1  -4  -3  -3    0   0   0  50   0   0  50   0   0   0   0   0   0   0   0   0   0   0   0   0  0.69 0.00
  139 R    -1   4   0  -1  -2   0   0  -2  -1  -2  -2   1  -1  -3  -2   1   3  -3  -2  -1    0  50   0   0   0   0   0   0   0   0   0   0   0   0   0   0  50   0   0   0  0.39 0.00
  140 G     0  -2   0  -1  -3  -2  -2   6  -2  -4  -4  -2  -3  -3  -2   0  -2  -3  -3  -3    0   0   0   0   0   0   0 100   0   0   0   0   0   0   0   0   0   0   0   0  1.04 0.00
  141 K    -1   1   1   4  -3   1   1  -1  -1  -3  -3   3  -2  -3  -1   0  -1  -4  -2  -3    0   0   0  50   0   0   0   0   0   0   0  50   0   0   0   0   0   0   0   0  0.51 0.00
  142 G     0  -2   0  -1  -3  -2  -2   6  -2  -4  -4  -2  -3  -3  -2   0  -2  -3  -3  -3    0   0   0   0   0   0   0 100   0   0   0   0   0   0   0   0   0   0   0   0  1.04 0.00
  143 R    -1   6   0  -2  -4   1   0  -2   0  -3  -2   2  -1  -3  -2  -1  -1  -3  -2  -3    0 100   0   0   0   0   0   0   0   0   0   0   0   0   0   0   0   0   0   0  0.75 0.00
  144 I    -1  -2   4   0  -2  -1  -1  -2  -1   2   0  -1   0  -1  -2  -1   0  -3  -2   1    0   0  50   0   0   0   0   0   0  50   0   0   0   0   0   0   0   0   0   0  0.22 0.00
  145 G     0  -2   0  -1  -3  -2  -2   6  -2  -4  -4  -2  -3  -3  -2   0  -2  -3  -3  -3    0   0   0   0   0   0   0 100   0   0   0   0   0   0   0   0   0   0   0   0  1.04 0.00
  146 G     0  -2   0  -1  -3  -2  -2   6  -2  -4  -4  -2  -3  -3  -2   0  -2  -3  -3  -3    0   0   0   0   0   0   0 100   0   0   0   0   0   0   0   0   0   0   0   0  1.04 0.00
  147 G    -1   4   0  -2  -3   0  -1   4  -1  -3  -3   1  -2  -3  -2  -1  -1  -3  -2  -3    0  50   0   0   0   0   0  50   0   0   0   0   0   0   0   0   0   0   0   0  0.56 0.00
  148 G     1  -1   0  -1  -2  -1  -1   4  -1  -3  -3  -1  -2  -3  -1   3   0  -3  -2  -2    0   0   0   0   0   0   0  50   0   0   0   0   0   0   0  50   0   0   0   0  0.53 0.00
  149 N     0  -1   4   1  -2   0   0   0   0  -3  -3   0  -2  -3  -1   3   1  -3  -2  -2    0   0  50   0   0   0   0   0   0   0   0   0   0   0   0  50   0   0   0   0  0.45 0.00
  150 R    -2   4  -2  -2  -3   0  -1  -3  -1  -1  -1   1  -1   4  -3  -2  -2   0   2  -2    0  50   0   0   0   0   0   0   0   0   0   0   0  50   0   0   0   0   0   0  0.40 0.00
  151 T    -1  -1   1   4  -2  -1   1  -2  -1  -2  -2  -1  -2  -3  -1   1   3  -3  -2  -1    0   0   0  50   0   0   0   0   0   0   0   0   0   0   0   0  50   0   0   0  0.46 0.00
  152 L    -1  -2  -3  -3  -1  -2  -3  -3  -3   2   3  -2   1   0  -3  -2  -1  -2  -1   3    0   0   0   0   0   0   0   0   0   0  50   0   0   0   0   0   0   0   0  50  0.32 0.00
  153 A     2  -2  -2  -3  -1  -1  -2  -1  -2   0   2  -2   1  -1  -2   0  -1  -2  -1   0   50   0   0   0   0   0   0   0   0   0  50   0   0   0   0   0   0   0   0   0  0.20 0.00
  154 N    -1  -1   4   0  -3  -1  -1  -1  -1  -3  -3  -1  -2  -3   6   0  -1  -4  -3  -3    0   0  50   0   0   0   0   0   0   0   0   0   0   0  50   0   0   0   0   0  0.98 0.00
  155 S     1  -2  -1  -1  -1  -1  -1  -1  -2   1   0  -1   0  -2  -2   2   1  -3  -1   2    0   0   0   0   0   0   0   0   0   0   0   0   0   0   0  50   0   0   0  50  0.18 0.00
  156 D    -2  -2   1   6  -4   0   2  -1  -1  -3  -4  -1  -3  -4  -2   0  -1  -4  -3  -3    0   0   0 100   0   0   0   0   0   0   0   0   0   0   0   0   0   0   0   0  0.93 0.00
  157 G     0  -2   0  -1  -3  -2  -2   6  -2  -4  -4  -2  -3  -3  -2   0  -2  -3  -3  -3    0   0   0   0   0   0   0 100   0   0   0   0   0   0   0   0   0   0   0   0  1.04 0.00
  158 E    -1   0   0   2  -4   2   5  -2   0  -3  -3   1  -2  -3  -1   0  -1  -3  -2  -3    0   0   0   0   0   0 100   0   0   0   0   0   0   0   0   0   0   0   0   0  0.74 0.00
  159 A     4  -1  -2  -2   0  -1  -1   0  -2  -1  -2  -1  -1  -2  -1   1   0  -3  -2   0  100   0   0   0   0   0   0   0   0   0   0   0   0   0   0   0   0   0   0   0  0.41 0.00
  160 L    -2   4  -2  -3  -2   0  -1  -3  -1   0   2   1   1  -1  -3  -2  -1  -2  -1   0    0  50   0   0   0   0   0   0   0   0  50   0   0   0   0   0   0   0   0   0  0.29 0.00
  161 G    -1  -2   1   4  -3  -1   0   4  -2  -4  -4  -1  -3  -3  -2   0  -1  -3  -3  -3    0   0   0  50   0   0   0  50   0   0   0   0   0   0   0   0   0   0   0   0  0.66 0.00
  162 E    -1   0   0   2  -4   2   5  -2   0  -3  -3   1  -2  -3  -1   0  -1  -3  -2  -3    0   0   0   0   0   0 100   0   0   0   0   0   0   0   0   0   0   0   0   0  0.74 0.00
  163 W    -2  -2  -3  -4  -2  -2  -3  -3   0  -2  -1  -2  -1   2  -3  -2  -2   9   5  -2    0   0   0   0   0   0   0   0   0   0   0   0   0   0   0   0   0  50  50   0  1.31 0.01
  164 S     1  -1   0  -1  -1   0  -1  -1  -1  -1  -2   0  -1  -2  -1   3   4  -3  -2  -1    0   0   0   0   0   0   0   0   0   0   0   0   0   0   0  50  50   0   0   0  0.39 0.00
  165 K    -1   2   0  -1  -3   1   1  -2  -1  -3  -3   5  -1  -3  -1   0  -1  -3  -2  -2    0   0   0   0   0   0   0   0   0   0   0 100   0   0   0   0   0   0   0   0  0.52 0.00
  166 L    -1  -2  -3  -3  -1  -2  -3  -3  -3   2   3  -2   1   0  -3  -2  -1  -2  -1   3    0   0   0   0   0   0   0   0   0   0  50   0   0   0   0   0   0   0   0  50  0.32 0.00
  167 G     0  -2   0  -1  -3  -2  -2   6  -2  -4  -4  -2  -3  -3  -2   0  -2  -3  -3  -3    0   0   0   0   0   0   0 100   0   0   0   0   0   0   0   0   0   0   0   0  1.04 0.00
  168 V     0  -2  -1  -2  -2  -2  -2   4  -3   1  -1  -2  -1  -2  -2  -1  -1  -3  -2   2    0   0   0   0   0   0   0  50   0   0   0   0   0   0   0   0   0   0   0  50  0.34 0.00
  169 A     4  -1  -2  -2   0  -1  -1   0  -2  -1  -2  -1  -1  -2  -1   1   0  -3  -2   0  100   0   0   0   0   0   0   0   0   0   0   0   0   0   0   0   0   0   0   0  0.41 0.00
  170 N    -1   0   4   1  -1   0   0   0   0  -1  -1   0  -1  -1  -1   0   0  -1  -1  -1    4   3  52   3   1   2   3   4   1   3   5   3   1   2   3   4   3   1   2   3  0.24 0.00
  171 I     2  -2  -2  -2  -1  -2  -2  -1  -2   3   0  -2   0  -1  -2   0   0  -3  -2   2   50   0   0   0   0   0   0   0   0  50   0   0   0   0   0   0   0   0   0   0  0.19 0.00
  172 R    -1   4   0  -1  -3   1   0  -2  -1  -3  -2   4  -1  -3  -2   0  -1  -3  -2  -2    0  50   0   0   0   0   0   0   0   0   0  50   0   0   0   0   0   0   0   0  0.56 0.00
  173 L    -1  -2  -3  -3  -1  -2  -3  -3  -3   2   3  -2   1   0  -3  -2  -1  -2  -1   3    0   0   0   0   0   0   0   0   0   0  50   0   0   0   0   0   0   0   0  50  0.32 0.00
  174 R    -1   6   0  -2  -4   1   0  -2   0  -3  -2   2  -1  -3  -2  -1  -1  -3  -2  -3    0 100   0   0   0   0   0   0   0   0   0   0   0   0   0   0   0   0   0   0  0.75 0.00
  175 A     2  -2  -2  -3  -1  -1  -2  -1  -2   0   2  -2   1  -1  -2   0  -1  -2  -1   0   50   0   0   0   0   0   0   0   0   0  50   0   0   0   0   0   0   0   0   0  0.20 0.00
  176 S     0  -2  -1  -2  -2  -1  -1  -1  -1  -1  -1  -1  -1   4  -2   2   0   0   2  -1    0   0   0   0   0   0   0   0   0   0   0   0   0  50   0  50   0   0   0   0  0.28 0.00
  177 N    -2  -1   4   4  -3   0   1  -1   0  -3  -4   0  -3  -3  -2   0  -1  -4  -3  -3    0   0  50  50   0   0   0   0   0   0   0   0   0   0   0   0   0   0   0   0  0.67 0.00
  178 T     0  -1   0  -1  -1  -1  -1  -2  -2  -1  -1  -1  -1  -2  -1   1   5  -3  -2   0    0   0   0   0   0   0   0   0   0   0   0   0   0   0   0   0 100   0   0   0  0.48 0.00
  179 E    -1  -1  -1   0  -2   0   3  -3  -1   2   0   0   0  -1  -2  -1  -1  -3  -2   1    0   0   0   0   0   0  50   0   0  50   0   0   0   0   0   0   0   0   0   0  0.22 0.00
  180 F    -1  -3  -3  -3  -2  -3  -3  -3  -2   2   1  -3   0   4  -3  -2  -1   0   2   2    0   0   0   0   0   0   0   0   0   0   0   0   0  50   0   0   0   0   0  50  0.35 0.00
  181 K    -1   2   0  -1  -3   1   1  -2  -1  -3  -3   5  -1  -3  -1   0  -1  -3  -2  -2    0   0   0   0   0   0   0   0   0   0   0 100   0   0   0   0   0   0   0   0  0.52 0.00
  182 A     3  -2  -2  -2  -1  -1  -2  -1  -2   1   0  -1   0  -2  -2   0   0  -3  -2   3   50   0   0   0   0   0   0   0   0   0   0   0   0   0   0   0   0   0   0  50  0.21 0.00
  183 G     0  -2   0  -1  -3  -2  -2   6  -2  -4  -4  -2  -3  -3  -2   0  -2  -3  -3  -3    0   0   0   0   0   0   0 100   0   0   0   0   0   0   0   0   0   0   0   0  1.04 0.00
  184 R    -2   4   1   4  -4   0   1  -2  -1  -3  -3   1  -2  -3  -2  -1  -1  -3  -2  -3    0  50   0  50   0   0   0   0   0   0   0   0   0   0   0   0   0   0   0   0  0.56 0.00
  185 F    -1  -3  -3  -3  -2  -3  -3  -3  -2   2   1  -3   0   4  -3  -2  -1   0   2   2    0   0   0   0   0   0   0   0   0   0   0   0   0  50   0   0   0   0   0  50  0.35 0.00
  186 L    -2  -3  -3  -4  -2  -3  -3  -3  -2   1   3  -3   1   5  -3  -3  -2   0   2   0    0   0   0   0   0   0   0   0   0   0  50   0   0  50   0   0   0   0   0   0  0.43 0.00
  187 V    -1  -2  -3  -2  -2  -2  -2  -3  -3   1  -1  -2  -1  -2   6  -1  -1  -3  -2   2    0   0   0   0   0   0   0   0   0   0   0   0   0   0  50   0   0   0   0  50  0.79 0.00
  188 N     0  -1   4   1  -2   0   0   0   0  -3  -3   0  -2  -3  -1   3   1  -3  -2  -2    0   0  50   0   0   0   0   0   0   0   0   0   0   0   0  50   0   0   0   0  0.45 0.00
  189 T     0  -1   0  -1  -1  -1  -1  -2  -2  -1  -1  -1  -1  -2  -1   1   5  -3  -2   0    0   0   0   0   0   0   0   0   0   0   0   0   0   0   0   0 100   0   0   0  0.48 0.00
  190 P    -1  -2  -2  -2  -3  -1  -1  -2  -2  -3  -3  -1  -3  -4   8  -1  -1  -4  -3  -2    0   0   0   0   0   0   0   0   0   0   0   0   0   0 100   0   0   0   0   0  2.05 0.01
  191 V     0  -3  -3  -3  -1  -2  -3  -3  -3   3   1  -2   1  -1  -2  -2   0  -3  -1   4    0   0   0   0   0   0   0   0   0   0   0   0   0   0   0   0   0   0   0 100  0.35 0.00
  192 F    -1  -3  -3  -3  -2  -3  -3  -3  -2   2   1  -3   0   4  -3  -2  -1   0   2   2    0   0   0   0   0   0   0   0   0   0   0   0   0  50   0   0   0   0   0  50  0.35 0.00
  193 S     3  -1   0  -1  -1   0  -1   0  -1  -2  -2   0  -1  -2  -1   3   1  -3  -2  -1   50   0   0   0   0   0   0   0   0   0   0   0   0   0   0  50   0   0   0   0  0.35 0.00
  194 Y     0  -1   0  -1  -2  -1  -1  -1   1  -2  -2  -1  -1   1  -2   2   0   1   5  -1    0   0   0   0   0   0   0   0   0   0   0   0   0   0   0  50   0   0  50   0  0.38 0.00
  195 I    -1  -3  -2  -2  -2  -2  -3   4  -3   2   0  -2   0  -1  -3  -1  -1  -3  -2   1    0   0   0   0   0   0   0  50   0  50   0   0   0   0   0   0   0   0   0   0  0.33 0.00
  196 D    -2  -2   1   6  -4   0   2  -1  -1  -3  -4  -1  -3  -4  -2   0  -1  -4  -3  -3    0   0   0 100   0   0   0   0   0   0   0   0   0   0   0   0   0   0   0   0  0.93 0.00
  197 N     0  -1   4   1  -2   0   0   0   0  -3  -3   0  -2  -3  -1   3   1  -3  -2  -2    0   0  50   0   0   0   0   0   0   0   0   0   0   0   0  50   0   0   0   0  0.45 0.00
  198 R    -1   6   0  -2  -4   1   0  -2   0  -3  -2   2  -1  -3  -2  -1  -1  -3  -2  -3    0 100   0   0   0   0   0   0   0   0   0   0   0   0   0   0   0   0   0   0  0.75 0.00
  199 A     2  -2  -2  -3  -1  -1  -2  -1  -2   0   2  -2   1  -1  -2   0  -1  -2  -1   0   50   0   0   0   0   0   0   0   0   0  50   0   0   0   0   0   0   0   0   0  0.20 0.00
  200 L    -2  -2  -4  -4  -1  -2  -3  -4  -3   2   4  -3   2   0  -3  -3  -1  -2  -1   1    0   0   0   0   0   0   0   0   0   0 100   0   0   0   0   0   0   0   0   0  0.46 0.00
  201 P    -1  -2  -2  -2  -3  -1  -1  -2  -2  -3  -3  -1  -3  -4   8  -1  -1  -4  -3  -2    0   0   0   0   0   0   0   0   0   0   0   0   0   0 100   0   0   0   0   0  2.05 0.01
  202 S     0   0   0   1  -2   1   4  -1  -1  -3  -3   0  -2  -3  -1   3   0  -3  -2  -2    0   0   0   0   0   0  50   0   0   0   0   0   0   0   0  50   0   0   0   0  0.43 0.00
  203 S     1  -1   1   0  -1   0   0   0  -1  -2  -3   0  -2  -2  -1   4   1  -3  -2  -2    0   0   0   0   0   0   0   0   0   0   0   0   0   0   0 100   0   0   0   0  0.46 0.00
  204 F    -2  -3  -3  -4  -2  -3  -3  -3  -1   0   0  -3   0   6  -4  -2  -2   1   3  -1    0   0   0   0   0   0   0   0   0   0   0   0   0 100   0   0   0   0   0   0  0.74 0.00
  205 T    -1   4   0  -1  -2   0   0  -2  -1  -2  -2   1  -1  -3  -2   1   3  -3  -2  -1    0  50   0   0   0   0   0   0   0   0   0   0   0   0   0   0  50   0   0   0  0.39 0.00
  206 G     0  -2   0  -1  -3  -2  -2   6  -2  -4  -4  -2  -3  -3  -2   0  -2  -3  -3  -3    0   0   0   0   0   0   0 100   0   0   0   0   0   0   0   0   0   0   0   0  1.04 0.00
  207 F    -1  -3  -3  -3  -2  -3  -3  -3  -2   2   1  -3   0   4  -3  -2  -1   0   2   2    0   0   0   0   0   0   0   0   0   0   0   0   0  50   0   0   0   0   0  50  0.35 0.00
  208 A     3  -1  -1  -1  -1  -1  -1  -1  -2  -1  -1  -1  -1  -2  -1   1   3  -3  -2   0   50   0   0   0   0   0   0   0   0   0   0   0   0   0   0   0  50   0   0   0  0.32 0.00
  209 V     0  -3  -3  -3  -1  -2  -3  -3  -3   3   1  -2   1  -1  -2  -2   0  -3  -1   4    0   0   0   0   0   0   0   0   0   0   0   0   0   0   0   0   0   0   0 100  0.35 0.00
  210 T     0  -1   0   1  -2   1   3  -2  -1  -2  -2   0  -1  -3  -1   1   3  -3  -2  -1    0   0   0   0   0   0  50   0   0   0   0   0   0   0   0   0  50   0   0   0  0.40 0.00
  211 S     0  -1   4   1  -2   0   0   0   0  -3  -3   0  -2  -3  -1   3   1  -3  -2  -2    0   0  50   0   0   0   0   0   0   0   0   0   0   0   0  50   0   0   0   0  0.45 0.00
  212 E     0  -1   0   1  -2   1   3  -2  -1  -2  -2   0  -1  -3  -1   1   3  -3  -2  -1    0   0   0   0   0   0  50   0   0   0   0   0   0   0   0   0  50   0   0   0  0.40 0.00
  213 E     0   0   0   1  -2   1   4  -1  -1  -3  -3   0  -2  -3  -1   3   0  -3  -2  -2    0   0   0   0   0   0  50   0   0   0   0   0   0   0   0  50   0   0   0   0  0.43 0.00
  214 L    -1  -3  -3  -3  -1  -3  -3  -4  -3   3   3  -3   2   0  -3  -2  -1  -2  -1   2    0   0   0   0   0   0   0   0   0  50  50   0   0   0   0   0   0   0   0   0  0.37 0.00
  215 D    -1   0   1   4  -3   4   2  -2   0  -3  -3   0  -2  -3  -1   0  -1  -3  -2  -3    0   0   0  50   0  50   0   0   0   0   0   0   0   0   0   0   0   0   0   0  0.58 0.00
  216 N    -1  -1   4   0  -3  -1  -1   4   0  -4  -4  -1  -2  -3  -2   0  -1  -3  -3  -3    0   0  50   0   0   0   0  50   0   0   0   0   0   0   0   0   0   0   0   0  0.62 0.00
  217 L    -2  -2  -4  -4  -1  -2  -3  -4  -3   2   4  -3   2   0  -3  -3  -1  -2  -1   1    0   0   0   0   0   0   0   0   0   0 100   0   0   0   0   0   0   0   0   0  0.46 0.00
  218 S     1  -1   0  -1  -1   0  -1  -1  -1  -1  -2   0  -1  -2  -1   3   4  -3  -2  -1    0   0   0   0   0   0   0   0   0   0   0   0   0   0   0  50  50   0   0   0  0.39 0.00
  219 L    -2  -2  -4  -4  -1  -2  -3  -4  -3   2   4  -3   2   0  -3  -3  -1  -2  -1   1    0   0   0   0   0   0   0   0   0   0 100   0   0   0   0   0   0   0   0   0  0.46 0.00
  220 Q    -1   1   0   0  -3   6   2  -2   0  -3  -2   1   0  -3  -1   0  -1  -2  -2  -2    0   0   0   0   0 100   0   0   0   0   0   0   0   0   0   0   0   0   0   0  0.66 0.01
  221 A     3  -2  -1  -2  -1  -1  -1   4  -2  -2  -2  -1  -2  -3  -1   1  -1  -3  -2  -1   50   0   0   0   0   0   0  50   0   0   0   0   0   0   0   0   0   0   0   0  0.52 0.00
  222 G     0  -2   0  -1  -3  -2  -2   6  -2  -4  -4  -2  -3  -3  -2   0  -2  -3  -3  -3    0   0   0   0   0   0   0 100   0   0   0   0   0   0   0   0   0   0   0   0  1.04 0.00
  223 S     0   4   0  -1  -2   0   0  -1  -1  -3  -2   1  -1  -3  -1   3   0  -3  -2  -2    0  50   0   0   0   0   0   0   0   0   0   0   0   0   0  50   0   0   0   0  0.40 0.00
  224 F    -2  -3  -3  -4  -2  -3  -3  -3  -2   1   3  -3   1   5  -3  -3  -2   0   2   0    0   0   0   0   0   0   0   0   0   0  50   0   0  50   0   0   0   0   0   0  0.43 0.00
  225 R    -2   4   0  -1  -3   1   0  -2   6  -3  -3   1  -2  -2  -2  -1  -1  -3   0  -3    0  50   0   0   0   0   0   0  50   0   0   0   0   0   0   0   0   0   0   0  0.58 0.00
  226 K     3   1  -1  -1  -1   0   0  -1  -1  -2  -2   3  -1  -3  -1   1   0  -3  -2  -1   50   0   0   0   0   0   0   0   0   0   0  50   0   0   0   0   0   0   0   0  0.29 0.00
  227 V    -1  -2  -3  -3  -1  -1  -2  -3  -2   2   1  -2   4   0  -3  -2   0  -2  -1   3    0   0   0   0   0   0   0   0   0   0   0   0  50   0   0   0   0   0   0  50  0.27 0.00
  228 S     1  -1   1   0  -1   0   0   0  -1  -2  -3   0  -2  -2  -1   4   1  -3  -2  -2    0   0   0   0   0   0   0   0   0   0   0   0   0   0   0 100   0   0   0   0  0.46 0.00
  229 P    -1  -2  -2  -2  -3  -1  -1  -2  -2  -3  -3  -1  -3  -4   8  -1  -1  -4  -3  -2    0   0   0   0   0   0   0   0   0   0   0   0   0   0 100   0   0   0   0   0  2.05 0.01
  230 R    -1   4  -1  -2  -2   0  -1  -3  -1   1   0   1   0  -2  -2  -1  -1  -3  -2   2    0  50   0   0   0   0   0   0   0   0   0   0   0   0   0   0   0   0   0  50  0.26 0.00
  231 T     1  -1   0  -1  -1   0  -1  -1  -1  -1  -2   0  -1  -2  -1   3   4  -3  -2  -1    0   0   0   0   0   0   0   0   0   0   0   0   0   0   0  50  50   0   0   0  0.39 0.00
  232 G     1  -1   0  -1  -2  -1  -1   4  -1  -3  -3  -1  -2  -3  -1   3   0  -3  -2  -2    0   0   0   0   0   0   0  50   0   0   0   0   0   0   0  50   0   0   0   0  0.53 0.00
  233 S     0  -1   4   1  -2   0   0   0   0  -3  -3   0  -2  -3  -1   3   1  -3  -2  -2    0   0  50   0   0   0   0   0   0   0   0   0   0   0   0  50   0   0   0   0  0.45 0.00
  234 G    -1  -2  -2  -2  -2  -2  -3   4  -2   0   2  -2   1  -1  -3  -1  -1  -2  -2  -1    0   0   0   0   0   0   0  50   0   0  50   0   0   0   0   0   0   0   0   0  0.36 0.00
  235 D    -2  -1   4   4  -3   0   1  -1   0  -3  -4   0  -3  -3  -2   0  -1  -4  -3  -3    0   0  50  50   0   0   0   0   0   0   0   0   0   0   0   0   0   0   0   0  0.67 0.00
  236 E    -1  -1   1   5  -4   1   4  -2  -1  -3  -3   0  -3  -3  -1   0  -1  -4  -3  -3    0   0   0  50   0   0  50   0   0   0   0   0   0   0   0   0   0   0   0   0  0.69 0.00
  237 D    -2  -1   4   4  -3   0   1  -1   0  -3  -4   0  -3  -3  -2   0  -1  -4  -3  -3    0   0  50  50   0   0   0   0   0   0   0   0   0   0   0   0   0   0   0   0  0.67 0.00
  238 M    -2  -2  -3  -3  -2  -2  -3  -3  -1   1   1  -2   4   5  -3  -2  -1   0   2   0    0   0   0   0   0   0   0   0   0   0   0   0  50  50   0   0   0   0   0   0  0.37 0.00
  239 T     0  -2  -1  -2  -1  -1  -2  -2  -2   1   0  -1   0  -1  -2   0   3  -3  -1   3    0   0   0   0   0   0   0   0   0   0   0   0   0   0   0   0  50   0   0  50  0.25 0.00
  240 T     0  -1   0  -1  -1  -1  -1  -2  -2  -1  -1  -1  -1  -2  -1   1   5  -3  -2   0    0   0   0   0   0   0   0   0   0   0   0   0   0   0   0   0 100   0   0   0  0.48 0.00
  241 E    -2  -1  -1   0  -3   0   3  -3  -1  -1  -1  -1  -1   4  -2  -1  -1   0   1  -2    0   0   0   0   0   0  50   0   0   0   0   0   0  50   0   0   0   0   0   0  0.36 0.00
  242 Y    -2  -2  -2  -3  -3  -2  -2  -3   2  -1  -1  -2  -1   3  -3  -2  -2   2   7  -1    0   0   0   0   0   0   0   0   0   0   0   0   0   0   0   0   0   0 100   0  0.87 0.01
  243 G     0  -2   0  -1  -3  -2  -2   6  -2  -4  -4  -2  -3  -3  -2   0  -2  -3  -3  -3    0   0   0   0   0   0   0 100   0   0   0   0   0   0   0   0   0   0   0   0  1.04 0.00
  244 T     0  -2   0  -1  -2  -1  -1   4  -2  -2  -2  -1  -2  -3  -2   1   3  -3  -2  -1    0   0   0   0   0   0   0  50   0   0   0   0   0   0   0   0  50   0   0   0  0.48 0.00
  245 R    -1   4   0  -1  -2   1   0  -1   0  -1  -1   1  -1  -1  -1   0   0  -1  -1  -1    4  53   2   3   1   2   3   4   1   3   5   3   1   2   3   4   3   1   2   3  0.24 0.00
  246 Q    -1   0  -1  -1  -3   4   1  -2  -1  -3  -3   0  -1  -4   6   0  -1  -3  -2  -2    0   0   0   0   0  50   0   0   0   0   0   0   0   0  50   0   0   0   0   0  0.97 0.00
  247 V     0  -3  -3  -3  -1  -2  -3  -3  -3   3   1  -2   1  -1  -2  -2   0  -3  -1   4    0   0   0   0   0   0   0   0   0   0   0   0   0   0   0   0   0   0   0 100  0.35 0.00
  248 K    -1   1   4   0  -3   1   0  -1   0  -3  -3   3  -2  -3  -2   0   0  -3  -2  -3    0   0  50   0   0   0   0   0   0   0   0  50   0   0   0   0   0   0   0   0  0.45 0.00
  249 G     1  -1   0  -1  -2  -1  -1   4  -1  -3  -3  -1  -2  -3  -1   3   0  -3  -2  -2    0   0   0   0   0   0   0  50   0   0   0   0   0   0   0  50   0   0   0   0  0.53 0.00
  250 D    -1  -2   0   4  -3  -1   0  -2  -2  -3  -3  -1  -3  -4   6  -1  -1  -4  -3  -3    0   0   0  50   0   0   0   0   0   0   0   0   0   0  50   0   0   0   0   0  1.07 0.00
  251 R    -2   4  -2  -3  -3   0  -1  -3  -1  -3  -2   1  -1   0  -3  -2  -2   9   1  -3    0  50   0   0   0   0   0   0   0   0   0   0   0   0   0   0   0  50   0   0  1.09 0.00
  252 L    -1  -3  -3  -3  -1  -3  -3  -4  -3   3   3  -3   2   0  -3  -2  -1  -2  -1   2    0   0   0   0   0   0   0   0   0  50  50   0   0   0   0   0   0   0   0   0  0.37 0.00
  253 N    -1  -1   4   0  -3  -1  -1   4   0  -4  -4  -1  -2  -3  -2   0  -1  -3  -3  -3    0   0  50   0   0   0   0  50   0   0   0   0   0   0   0   0   0   0   0   0  0.62 0.00
  254 Y    -2  -2  -2  -3  -3  -2  -2  -3   2  -1  -1  -2  -1   3  -3  -2  -2   2   7  -1    0   0   0   0   0   0   0   0   0   0   0   0   0   0   0   0   0   0 100   0  0.87 0.01
  255 L    -1  -2  -2  -2  -2  -2  -3   4  -2   0   2  -2   1  -1  -3  -1  -1  -2  -2  -1    0   0   0   0   0   0   0  50   0   0  50   0   0   0   0   0   0   0   0   0  0.36 0.00
  256 G     0  -2   0  -1  -3  -2  -2   6  -2  -4  -4  -2  -3  -3  -2   0  -2  -3  -3  -3    0   0   0   0   0   0   0 100   0   0   0   0   0   0   0   0   0   0   0   0  1.04 0.00
  257 G     0  -2   0  -1  -3  -2  -2   6  -2  -4  -4  -2  -3  -3  -2   0  -2  -3  -3  -3    0   0   0   0   0   0   0 100   0   0   0   0   0   0   0   0   0   0   0   0  1.04 0.00
  258 N    -2  -1   4   4  -3   0   1  -1   0  -3  -4   0  -3  -3  -2   0  -1  -4  -3  -3    0   0  50  50   0   0   0   0   0   0   0   0   0   0   0   0   0   0   0   0  0.67 0.00
  259 Y    -2  -2  -2  -3  -3  -2  -2  -3   2  -1  -1  -2  -1   3  -3  -2  -2   2   7  -1    0   0   0   0   0   0   0   0   0   0   0   0   0   0   0   0   0   0 100   0  0.87 0.01
  260 K     0   1   0   0  -2   1   0  -1  -1  -3  -3   3  -1  -3  -1   3   1  -3  -2  -2    0   0   0   0   0   0   0   0   0   0   0  50   0   0   0  50   0   0   0   0  0.34 0.00
  261 P    -1  -3  -3  -2  -2  -2  -2  -3  -3   2   0  -2   0  -1   6  -2  -1  -3  -2   1    0   0   0   0   0   0   0   0   0  50   0   0   0   0  50   0   0   0   0   0  0.78 0.00
  262 L    -2  -1   4   0  -2  -1  -1  -2  -1   0   2  -1   1  -1  -2  -1  -1  -3  -2  -1    0   0  50   0   0   0   0   0   0   0  50   0   0   0   0   0   0   0   0   0  0.24 0.00
  263 D    -2  -2   1   6  -4   0   2  -1  -1  -3  -4  -1  -3  -4  -2   0  -1  -4  -3  -3    0   0   0 100   0   0   0   0   0   0   0   0   0   0   0   0   0   0   0   0  0.93 0.00
  264 G    -1  -1   4   0  -3  -1  -1   4   0  -4  -4  -1  -2  -3  -2   0  -1  -3  -3  -3    0   0  50   0   0   0   0  50   0   0   0   0   0   0   0   0   0   0   0   0  0.62 0.00
  265 L    -2  -3  -4  -4  -2  -2  -3  -3  -3   0   2  -3   1   1  -3  -3  -2   9   1  -1    0   0   0   0   0   0   0   0   0   0  50   0   0   0   0   0   0  50   0   0  1.02 0.00
  266 E     0  -1   0   1  -2   1   3  -2  -1  -2  -2   0  -1  -3  -1   1   3  -3  -2  -1    0   0   0   0   0   0  50   0   0   0   0   0   0   0   0   0  50   0   0   0  0.40 0.00
  267 I    -1  -3  -3  -3  -1  -3  -3  -4  -3   3   1  -3   1  -1  -3  -2   0  -3  -1   3    0   0   0   0   0   0   0   0   0  50   0   0   0   0   0   0   0   0   0  50  0.35 0.00
  268 S     1  -1   1   0  -1   0   0   0  -1  -2  -3   0  -2  -2  -1   4   1  -3  -2  -2    0   0   0   0   0   0   0   0   0   0   0   0   0   0   0 100   0   0   0   0  0.46 0.00
  269 L    -1  -2  -3  -3  -1  -2  -3  -3  -3   2   3  -2   1   0  -3  -2  -1  -2  -1   3    0   0   0   0   0   0   0   0   0   0  50   0   0   0   0   0   0   0   0  50  0.32 0.00
  270 Y    -2  -2  -2  -3  -3  -2  -2  -3   2  -1  -1  -2  -1   3  -3  -2  -2   2   7  -1    0   0   0   0   0   0   0   0   0   0   0   0   0   0   0   0   0   0 100   0  0.87 0.01
  271 G     3  -2  -1  -2  -1  -1  -1   4  -2  -2  -2  -1  -2  -3  -1   1  -1  -3  -2  -1   50   0   0   0   0   0   0  50   0   0   0   0   0   0   0   0   0   0   0   0  0.52 0.00
  272 S     1  -1   1   0  -1   0   0   0  -1  -2  -3   0  -2  -2  -1   4   1  -3  -2  -2    0   0   0   0   0   0   0   0   0   0   0   0   0   0   0 100   0   0   0   0  0.46 0.00
  273 H    -1   0   0  -1  -3   4   1  -2   6  -3  -3   0  -1  -2  -2   0  -1  -2   1  -3    0   0   0   0   0  50   0   0  50   0   0   0   0   0   0   0   0   0   0   0  0.57 0.00
  274 F    -2  -3  -3  -4  -2  -3  -3  -3  -2   1   3  -3   1   5  -3  -3  -2   0   2   0    0   0   0   0   0   0   0   0   0   0  50   0   0  50   0   0   0   0   0   0  0.43 0.00
  275 Q    -1   2   0  -1  -3   4   1  -2   0  -3  -2   3  -1  -3  -1   0  -1  -3  -2  -2    0   0   0   0   0  50   0   0   0   0   0  50   0   0   0   0   0   0   0   0  0.49 0.00
  276 D    -2  -2   1   6  -4   0   2  -1  -1  -3  -4  -1  -3  -4  -2   0  -1  -4  -3  -3    0   0   0 100   0   0   0   0   0   0   0   0   0   0   0   0   0   0   0   0  0.93 0.00
  277 V     0  -3  -3  -3  -1  -2  -3  -3  -3   3   1  -2   1  -1  -2  -2   0  -3  -1   4    0   0   0   0   0   0   0   0   0   0   0   0   0   0   0   0   0   0   0 100  0.35 0.00
  278 W    -3  -3  -4  -4  -2  -2  -3  -3  -2  -3  -2  -3  -2   1  -4  -3  -3  11   2  -3    0   0   0   0   0   0   0   0   0   0   0   0   0   0   0   0   0 100   0   0  2.33 0.01
  279 N    -2   0   6   1  -3   0   0   0   1  -3  -4   0  -2  -3  -2   1   0  -4  -2  -3    0   0 100   0   0   0   0   0   0   0   0   0   0   0   0   0   0   0   0   0  0.73 0.00
  280 Q    -1   1   0   0  -3   6   2  -2   0  -3  -2   1   0  -3  -1   0  -1  -2  -2  -2    0   0   0   0   0 100   0   0   0   0   0   0   0   0   0   0   0   0   0   0  0.66 0.01
  281 Y    -2  -2  -2  -3  -3  -2  -2  -3   2  -1  -1  -2  -1   3  -3  -2  -2   2   7  -1    0   0   0   0   0   0   0   0   0   0   0   0   0   0   0   0   0   0 100   0  0.87 0.01
  282 Y    -2  -2  -2  -3  -3  -2  -2  -3   2  -1  -1  -2  -1   3  -3  -2  -2   2   7  -1    0   0   0   0   0   0   0   0   0   0   0   0   0   0   0   0   0   0 100   0  0.87 0.01
  283 L     2  -2  -2  -3  -1  -1  -2  -1  -2   0   2  -2   1  -1  -2   0  -1  -2  -1   0   50   0   0   0   0   0   0   0   0   0  50   0   0   0   0   0   0   0   0   0  0.20 0.00
  284 G     0  -2   0  -1  -3  -2  -2   6  -2  -4  -4  -2  -3  -3  -2   0  -2  -3  -3  -3    0   0   0   0   0   0   0 100   0   0   0   0   0   0   0   0   0   0   0   0  1.04 0.00
  285 V     0  -1  -1  -1  -1  -1  -1  -1  -1   2   0  -1   0  -1  -1  -1   0  -1  -1   3    4   3   2   3   1   2   3   4   1   3   5   3   1   2   3   4   3   1   2  53  0.07 0.00
  286 T     0  -1   0  -1  -1  -1  -1  -2  -2  -1  -1  -1  -1  -2  -1   1   5  -3  -2   0    0   0   0   0   0   0   0   0   0   0   0   0   0   0   0   0 100   0   0   0  0.48 0.00
  287 H     0  -1   1  -1  -2   0   0  -1   6  -3  -3   0  -2  -2  -1   3   0  -3   0  -2    0   0   0   0   0   0   0   0  50   0   0   0   0   0   0  50   0   0   0   0  0.44 0.00
  288 D    -1  -2   0   4  -2  -1   0  -2  -2   1  -1  -1  -1  -2  -2  -1  -1  -4  -2   2    0   0   0  50   0   0   0   0   0   0   0   0   0   0   0   0   0   0   0  50  0.29 0.00
  289 I    -1  -3  -3  -3  -1  -3  -3  -4  -3   3   1  -3   1  -1  -3  -2   0  -3  -1   3    0   0   0   0   0   0   0   0   0  50   0   0   0   0   0   0   0   0   0  50  0.35 0.00
  290 G    -1  -2  -1  -2  -3  -2  -2   4   0  -2  -2  -2  -2   1  -3  -1  -2   1   5  -2    0   0   0   0   0   0   0  50   0   0   0   0   0   0   0   0   0   0  50   0  0.56 0.00
  291 D    -1  -2   0   4  -3  -1   0  -2  -2  -3  -3  -1  -3  -4   6  -1  -1  -4  -3  -3    0   0   0  50   0   0   0   0   0   0   0   0   0   0  50   0   0   0   0   0  1.07 0.00
  292 L    -2  -2  -4  -4  -1  -2  -3  -4  -3   2   4  -3   2   0  -3  -3  -1  -2  -1   1    0   0   0   0   0   0   0   0   0   0 100   0   0   0   0   0   0   0   0   0  0.46 0.00
  293 E     0   0   0   1  -2   1   4  -1  -1  -3  -3   0  -2  -3  -1   3   0  -3  -2  -2    0   0   0   0   0   0  50   0   0   0   0   0   0   0   0  50   0   0   0   0  0.43 0.00
  294 N    -2  -1   4   4  -3   0   1  -1   0  -3  -4   0  -3  -3  -2   0  -1  -4  -3  -3    0   0  50  50   0   0   0   0   0   0   0   0   0   0   0   0   0   0   0   0  0.67 0.00
  295 G    -1  -2   1   4  -3  -1   0   4  -2  -4  -4  -1  -3  -3  -2   0  -1  -3  -3  -3    0   0   0  50   0   0   0  50   0   0   0   0   0   0   0   0   0   0   0   0  0.66 0.00
  296 I    -1  -3  -3  -3  -1  -3  -3  -4  -3   3   3  -3   2   0  -3  -2  -1  -2  -1   2    0   0   0   0   0   0   0   0   0  50  50   0   0   0   0   0   0   0   0   0  0.37 0.00
  297 A     4  -1  -2  -2   0  -1  -1   0  -2  -1  -2  -1  -1  -2  -1   1   0  -3  -2   0  100   0   0   0   0   0   0   0   0   0   0   0   0   0   0   0   0   0   0   0  0.41 0.00
  298 L    -2  -2  -4  -4  -1  -2  -3  -4  -3   2   4  -3   2   0  -3  -3  -1  -2  -1   1    0   0   0   0   0   0   0   0   0   0 100   0   0   0   0   0   0   0   0   0  0.46 0.00
  299 R    -1   4  -2  -2  -2   0  -1  -3  -1   2   0   1   0  -1  -3  -2  -1  -3  -2   1    0  50   0   0   0   0   0   0   0  50   0   0   0   0   0   0   0   0   0   0  0.25 0.00
  300 T     0  -2   0  -1  -2  -1  -1   4  -2  -2  -2  -1  -2  -3  -2   1   3  -3  -2  -1    0   0   0   0   0   0   0  50   0   0   0   0   0   0   0   0  50   0   0   0  0.48 0.00
  301 A     3  -2  -1  -2  -1  -1  -1   4  -2  -2  -2  -1  -2  -3  -1   1  -1  -3  -2  -1   50   0   0   0   0   0   0  50   0   0   0   0   0   0   0   0   0   0   0   0  0.52 0.00
  302 F    -2  -3  -3  -4  -2  -3  -3  -3  -1   0   0  -3   0   6  -4  -2  -2   1   3  -1    0   0   0   0   0   0   0   0   0   0   0   0   0 100   0   0   0   0   0   0  0.74 0.00
  303 N    -2   0   6   1  -3   0   0   0   1  -3  -4   0  -2  -3  -2   1   0  -4  -2  -3    0   0 100   0   0   0   0   0   0   0   0   0   0   0   0   0   0   0   0   0  0.73 0.00
  304 G    -1  -2  -1  -2  -3  -2  -2   4   0  -2  -2  -2  -2   1  -3  -1  -2   1   5  -2    0   0   0   0   0   0   0  50   0   0   0   0   0   0   0   0   0   0  50   0  0.56 0.00
  305 Y    -2  -2  -2  -3  -3  -2  -2  -3   2  -1  -1  -2  -1   3  -3  -2  -2   2   7  -1    0   0   0   0   0   0   0   0   0   0   0   0   0   0   0   0   0   0 100   0  0.87 0.01
  306 H    -1   1   0  -1  -3   1   0  -2   6  -3  -3   3  -2  -2  -2  -1  -1  -3   0  -3    0   0   0   0   0   0   0   0  50   0   0  50   0   0   0   0   0   0   0   0  0.49 0.00
  307 T     3  -1  -1  -1  -1  -1  -1  -1  -2  -1  -1  -1  -1  -2  -1   1   3  -3  -2   0   50   0   0   0   0   0   0   0   0   0   0   0   0   0   0   0  50   0   0   0  0.32 0.00
  308 G     0  -2  -1  -2  -2  -2  -2   4  -3   1  -1  -2  -1  -2  -2  -1  -1  -3  -2   2    0   0   0   0   0   0   0  50   0   0   0   0   0   0   0   0   0   0   0  50  0.34 0.00
  309 D    -2  -2   1   6  -4   0   2  -1  -1  -3  -4  -1  -3  -4  -2   0  -1  -4  -3  -3    0   0   0 100   0   0   0   0   0   0   0   0   0   0   0   0   0   0   0   0  0.93 0.00
  310 T     0  -1   0   1  -2   1   3  -2  -1  -2  -2   0  -1  -3  -1   1   3  -3  -2  -1    0   0   0   0   0   0  50   0   0   0   0   0   0   0   0   0  50   0   0   0  0.40 0.00
  311 G     0  -2   0  -1  -3  -2  -2   6  -2  -4  -4  -2  -3  -3  -2   0  -2  -3  -3  -3    0   0   0   0   0   0   0 100   0   0   0   0   0   0   0   0   0   0   0   0  1.04 0.00
  312 A     3   1  -1  -1  -1   0   0  -1  -1  -2  -2   3  -1  -3  -1   1   0  -3  -2  -1   50   0   0   0   0   0   0   0   0   0   0  50   0   0   0   0   0   0   0   0  0.29 0.00
  313 R    -1   4   0  -1  -3   1   0  -2  -1  -3  -2   4  -1  -3  -2   0  -1  -3  -2  -2    0  50   0   0   0   0   0   0   0   0   0  50   0   0   0   0   0   0   0   0  0.56 0.00
  314 E    -1   4   0   0  -4   1   4  -2   0  -3  -3   2  -2  -3  -2   0  -1  -3  -2  -3    0  50   0   0   0   0  50   0   0   0   0   0   0   0   0   0   0   0   0   0  0.55 0.00
  315 A     2  -2  -2  -3  -1  -1  -2  -1  -2   0   2  -2   1  -1  -2   0  -1  -2  -1   0   50   0   0   0   0   0   0   0   0   0  50   0   0   0   0   0   0   0   0   0  0.20 0.00
  316 G     0  -2   0  -1  -3  -2  -2   6  -2  -4  -4  -2  -3  -3  -2   0  -2  -3  -3  -3    0   0   0   0   0   0   0 100   0   0   0   0   0   0   0   0   0   0   0   0  1.04 0.00
  317 Y    -1  -1  -1   0  -3   1   3  -3   1  -2  -2   0  -2   1  -2  -1  -1   1   5  -2    0   0   0   0   0   0  50   0   0   0   0   0   0   0   0   0   0   0  50   0  0.47 0.00
  318 I    -2  -3  -3  -3  -2  -3  -3  -4  -2   3   1  -3   1   5  -3  -2  -1   0   2   1    0   0   0   0   0   0   0   0   0  50   0   0   0  50   0   0   0   0   0   0  0.38 0.00
  319 D    -2  -2   1   6  -4   0   2  -1  -1  -3  -4  -1  -3  -4  -2   0  -1  -4  -3  -3    0   0   0 100   0   0   0   0   0   0   0   0   0   0   0   0   0   0   0   0  0.93 0.00
  320 N    -2   0   6   1  -3   0   0   0   1  -3  -4   0  -2  -3  -2   1   0  -4  -2  -3    0   0 100   0   0   0   0   0   0   0   0   0   0   0   0   0   0   0   0   0  0.73 0.00
  321 D    -2  -1   4   4  -3   0   1  -1   0  -3  -4   0  -3  -3  -2   0  -1  -4  -3  -3    0   0  50  50   0   0   0   0   0   0   0   0   0   0   0   0   0   0   0   0  0.67 0.00
  322 T    -1  -2  -1  -2  -1  -2  -2  -3  -2   3   0  -2   0  -1  -2   0   3  -3  -2   2    0   0   0   0   0   0   0   0   0  50   0   0   0   0   0   0  50   0   0   0  0.24 0.00
  323 W    -3  -3  -4  -4  -2  -2  -3  -3  -2  -3  -2  -3  -2   1  -4  -3  -3  11   2  -3    0   0   0   0   0   0   0   0   0   0   0   0   0   0   0   0   0 100   0   0  2.33 0.01
  324 S     1  -1   1   0  -1   0   0   0  -1  -2  -3   0  -2  -2  -1   4   1  -3  -2  -2    0   0   0   0   0   0   0   0   0   0   0   0   0   0   0 100   0   0   0   0  0.46 0.00
  325 L     2  -2  -2  -3  -1  -1  -2  -1  -2   0   2  -2   1  -1  -2   0  -1  -2  -1   0   50   0   0   0   0   0   0   0   0   0  50   0   0   0   0   0   0   0   0   0  0.20 0.00
  326 A     3   1  -1  -1  -1   0   0  -1  -1  -2  -2   3  -1  -3  -1   1   0  -3  -2  -1   50   0   0   0   0   0   0   0   0   0   0  50   0   0   0   0   0   0   0   0  0.29 0.00
  327 F    -1  -3  -3  -3  -2  -3  -3  -3  -2   2   1  -3   0   4  -3  -2  -1   0   2   2    0   0   0   0   0   0   0   0   0   0   0   0   0  50   0   0   0   0   0  50  0.35 0.00
  328 T     0  -2   0  -1  -2  -1  -1   4  -2  -2  -2  -1  -2  -3  -2   1   3  -3  -2  -1    0   0   0   0   0   0   0  50   0   0   0   0   0   0   0   0  50   0   0   0  0.48 0.00
  329 L    -1  -2  -3  -3  -1  -2  -3  -3  -3   2   3  -2   1   0  -3  -2  -1  -2  -1   3    0   0   0   0   0   0   0   0   0   0  50   0   0   0   0   0   0   0   0  50  0.32 0.00
  330 G    -1   4   0  -2  -3   0  -1   4  -1  -3  -3   1  -2  -3  -2  -1  -1  -3  -2  -3    0  50   0   0   0   0   0  50   0   0   0   0   0   0   0   0   0   0   0   0  0.56 0.00
  331 H    -2  -1   0  -2  -3   0  -1  -3   6  -2  -2  -1  -1   2  -3  -1  -2   1   5  -2    0   0   0   0   0   0   0   0  50   0   0   0   0   0   0   0   0   0  50   0  0.66 0.00
  332 R    -1   4   0  -2  -3   0  -1   4  -1  -3  -3   1  -2  -3  -2  -1  -1  -3  -2  -3    0  50   0   0   0   0   0  50   0   0   0   0   0   0   0   0   0   0   0   0  0.56 0.00
  333 A     4  -1  -2  -2   0  -1  -1   0  -2  -1  -2  -1  -1  -2  -1   1   0  -3  -2   0  100   0   0   0   0   0   0   0   0   0   0   0   0   0   0   0   0   0   0   0  0.41 0.00
  334 H    -2   0   1  -1  -3   0   0  -2   8  -3  -3  -1  -2  -1  -2  -1  -2  -2   2  -3    0   0   0   0   0   0   0   0 100   0   0   0   0   0   0   0   0   0   0   0  0.87 0.01
  335 A     3  -1  -1  -1  -1  -1  -1  -1  -2  -1  -1  -1  -1  -2  -1   1   3  -3  -2   0   50   0   0   0   0   0   0   0   0   0   0   0   0   0   0   0  50   0   0   0  0.32 0.00
  336 L    -2  -2  -4  -4  -1  -2  -3  -4  -3   2   4  -3   2   0  -3  -3  -1  -2  -1   1    0   0   0   0   0   0   0   0   0   0 100   0   0   0   0   0   0   0   0   0  0.46 0.00
  337 T     3  -1  -1  -1  -1  -1  -1  -1  -2  -1  -1  -1  -1  -2  -1   1   3  -3  -2   0   50   0   0   0   0   0   0   0   0   0   0   0   0   0   0   0  50   0   0   0  0.32 0.00
  338 L    -2  -2  -4  -4  -1  -2  -3  -4  -3   2   4  -3   2   0  -3  -3  -1  -2  -1   1    0   0   0   0   0   0   0   0   0   0 100   0   0   0   0   0   0   0   0   0  0.46 0.00
  339 A     3  -1   0  -1  -1   0  -1   0  -1  -2  -2   0  -1  -2  -1   3   1  -3  -2  -1   50   0   0   0   0   0   0   0   0   0   0   0   0   0   0  50   0   0   0   0  0.35 0.00
  340 Y    -2  -1   0  -2  -3   0  -1  -3   6  -2  -2  -1  -1   2  -3  -1  -2   1   5  -2    0   0   0   0   0   0   0   0  50   0   0   0   0   0   0   0   0   0  50   0  0.66 0.00
  341 Q    -1   1   0   0  -3   6   2  -2   0  -3  -2   1   0  -3  -1   0  -1  -2  -2  -2    0   0   0   0   0 100   0   0   0   0   0   0   0   0   0   0   0   0   0   0  0.66 0.01
  342 Q    -1   4   0  -1  -3   4   1  -2   0  -3  -2   2  -1  -3  -2   0  -1  -2  -2  -2    0  50   0   0   0  50   0   0   0   0   0   0   0   0   0   0   0   0   0   0  0.57 0.00
  343 V    -1  -1   4   0  -2  -1  -1  -2  -1   1  -1  -1   0  -2  -2   0   0  -3  -2   2    0   0  50   0   0   0   0   0   0   0   0   0   0   0   0   0   0   0   0  50  0.23 0.00
  344 D    -2  -1   4   4  -3   0   1  -1   0  -3  -4   0  -3  -3  -2   0  -1  -4  -3  -3    0   0  50  50   0   0   0   0   0   0   0   0   0   0   0   0   0   0   0   0  0.67 0.00
  345 G     0  -2   0  -1  -3  -2  -2   6  -2  -4  -4  -2  -3  -3  -2   0  -2  -3  -3  -3    0   0   0   0   0   0   0 100   0   0   0   0   0   0   0   0   0   0   0   0  1.04 0.00
  346 N    -2  -1   4   4  -3   0   1  -1   0  -3  -4   0  -3  -3  -2   0  -1  -4  -3  -3    0   0  50  50   0   0   0   0   0   0   0   0   0   0   0   0   0   0   0   0  0.67 0.00
  347 E    -1  -1   1   5  -4   1   4  -2  -1  -3  -3   0  -3  -3  -1   0  -1  -4  -3  -3    0   0   0  50   0   0  50   0   0   0   0   0   0   0   0   0   0   0   0   0  0.69 0.00
  348 Y    -2  -2   0   4  -3  -1   0  -2   1  -2  -2  -1  -2   1  -2  -1  -1   0   5  -2    0   0   0  50   0   0   0   0   0   0   0   0   0   0   0   0   0   0  50   0  0.52 0.00
  349 F    -2  -3  -3  -4  -2  -3  -3  -3  -1   0   0  -3   0   6  -4  -2  -2   1   3  -1    0   0   0   0   0   0   0   0   0   0   0   0   0 100   0   0   0   0   0   0  0.74 0.00
  350 D    -2  -2   1   6  -4   0   2  -1  -1  -3  -4  -1  -3  -4  -2   0  -1  -4  -3  -3    0   0   0 100   0   0   0   0   0   0   0   0   0   0   0   0   0   0   0   0  0.93 0.00
  351 Y    -2  -2  -2  -3  -3  -2  -2  -3   2  -1  -1  -2  -1   3  -3  -2  -2   2   7  -1    0   0   0   0   0   0   0   0   0   0   0   0   0   0   0   0   0   0 100   0  0.87 0.01
  352 V    -1  -2  -3  -3  -1  -2  -3  -3  -3   2   3  -2   1   0  -3  -2  -1  -2  -1   3    0   0   0   0   0   0   0   0   0   0  50   0   0   0   0   0   0   0   0  50  0.32 0.00
  353 H    -2   4   0  -1  -3   1   0  -2   6  -3  -3   1  -2  -2  -2  -1  -1  -3   0  -3    0  50   0   0   0   0   0   0  50   0   0   0   0   0   0   0   0   0   0   0  0.58 0.00
  354 E    -1   0   0   1  -3   4   4  -2   0  -3  -3   1  -1  -3  -1   0  -1  -2  -2  -2    0   0   0   0   0  50  50   0   0   0   0   0   0   0   0   0   0   0   0   0  0.60 0.00
  355 T     1  -1   0  -1  -1   0  -1  -1  -1  -1  -2   0  -1  -2  -1   3   4  -3  -2  -1    0   0   0   0   0   0   0   0   0   0   0   0   0   0   0  50  50   0   0   0  0.39 0.00
  356 S     0  -1   1   4  -2   0   1  -1  -1  -3  -3   0  -2  -3  -1   3   0  -4  -2  -2    0   0   0  50   0   0   0   0   0   0   0   0   0   0   0  50   0   0   0   0  0.49 0.00
  357 A     3  -1   0  -1  -1   0  -1   0  -1  -2  -2   0  -1  -2  -1   3   1  -3  -2  -1   50   0   0   0   0   0   0   0   0   0   0   0   0   0   0  50   0   0   0   0  0.35 0.00
  358 I    -1  -3  -3  -3  -1  -3  -3  -4  -3   4   2  -3   1   0  -3  -2  -1  -3  -1   3    0   0   0   0   0   0   0   0   0 100   0   0   0   0   0   0   0   0   0   0  0.39 0.00
  359 F    -2  -3  -3  -4  -2  -3  -3  -3  -1   0   0  -3   0   6  -4  -2  -2   1   3  -1    0   0   0   0   0   0   0   0   0   0   0   0   0 100   0   0   0   0   0   0  0.74 0.00
  360 L    -1  -2  -3  -3  -1  -2  -3  -3  -3   2   3  -2   1   0  -3  -2  -1  -2  -1   3    0   0   0   0   0   0   0   0   0   0  50   0   0   0   0   0   0   0   0  50  0.32 0.00
  361 A     2  -2   0   4  -2  -1   1  -1  -1  -2  -2  -1  -2  -3  -1   1  -1  -3  -2  -1   50   0   0  50   0   0   0   0   0   0   0   0   0   0   0   0   0   0   0   0  0.41 0.00
  362 N    -2   0   6   1  -3   0   0   0   1  -3  -4   0  -2  -3  -2   1   0  -4  -2  -3    0   0 100   0   0   0   0   0   0   0   0   0   0   0   0   0   0   0   0   0  0.73 0.00
  363 S     1  -1   1   0  -1   0   0   0  -1  -2  -3   0  -2  -2  -1   4   1  -3  -2  -2    0   0   0   0   0   0   0   0   0   0   0   0   0   0   0 100   0   0   0   0  0.46 0.00
  364 M    -1  -2  -3  -3  -1  -1  -3  -3  -2   3   2  -2   4   0  -3  -2  -1  -2  -1   2    0   0   0   0   0   0   0   0   0  50   0   0  50   0   0   0   0   0   0   0  0.30 0.00
  365 L    -2  -2  -3  -3  -2  -2  -3  -3   0   0   2  -2   1   2  -3  -2  -1   1   5   0    0   0   0   0   0   0   0   0   0   0  50   0   0   0   0   0   0   0  50   0  0.42 0.00
  366 A     3  -1   0  -1  -1   0  -1   0  -1  -2  -2   0  -1  -2  -1   3   1  -3  -2  -1   50   0   0   0   0   0   0   0   0   0   0   0   0   0   0  50   0   0   0   0  0.35 0.00
  367 D    -2  -2   1   6  -4   0   2  -1  -1  -3  -4  -1  -3  -4  -2   0  -1  -4  -3  -3    0   0   0 100   0   0   0   0   0   0   0   0   0   0   0   0   0   0   0   0  0.93 0.00
  368 Y    -2  -2  -3  -3  -2  -2  -3  -3   1  -1   0  -2   0   5  -3  -2  -2   2   6  -1    0   0   0   0   0   0   0   0   0   0   0   0   0  50   0   0   0   0  50   0  0.69 0.00
  369 N    -2   0   6   1  -3   0   0   0   1  -3  -4   0  -2  -3  -2   1   0  -4  -2  -3    0   0 100   0   0   0   0   0   0   0   0   0   0   0   0   0   0   0   0   0  0.73 0.00
  370 S     1  -1   1   0  -1   0   0   0  -1  -2  -3   0  -2  -2  -1   4   1  -3  -2  -2    0   0   0   0   0   0   0   0   0   0   0   0   0   0   0 100   0   0   0   0  0.46 0.00
  371 P    -1  -2  -2  -2  -3  -1  -1  -2  -2  -3  -3  -1  -3  -4   8  -1  -1  -4  -3  -2    0   0   0   0   0   0   0   0   0   0   0   0   0   0 100   0   0   0   0   0  2.05 0.01
  372 N    -1   1   4   0  -3   1   0  -1   0  -3  -3   3  -2  -3  -2   0   0  -3  -2  -3    0   0  50   0   0   0   0   0   0   0   0  50   0   0   0   0   0   0   0   0  0.45 0.00
  373 E    -1   0   0   2  -4   2   5  -2   0  -3  -3   1  -2  -3  -1   0  -1  -3  -2  -3    0   0   0   0   0   0 100   0   0   0   0   0   0   0   0   0   0   0   0   0  0.74 0.00
  374 K    -1   4   0  -1  -3   1   0  -2  -1  -3  -2   4  -1  -3  -2   0  -1  -3  -2  -2    0  50   0   0   0   0   0   0   0   0   0  50   0   0   0   0   0   0   0   0  0.56 0.00
  375 S     1  -1   1   0  -1   0   0   0  -1  -2  -3   0  -2  -2  -1   4   1  -3  -2  -2    0   0   0   0   0   0   0   0   0   0   0   0   0   0   0 100   0   0   0   0  0.46 0.00
  376 A     2  -2  -3  -3  -1  -1  -2  -1  -2  -2  -2  -2  -1   0  -2   0  -1   9   1  -1   50   0   0   0   0   0   0   0   0   0   0   0   0   0   0   0   0  50   0   0  0.96 0.00
  377 Q    -1   0  -1  -1  -2   4   1  -2   0   0   1   0   4  -1  -2  -1  -1  -2  -1   0    0   0   0   0   0  50   0   0   0   0   0   0  50   0   0   0   0   0   0   0  0.28 0.00
  378 I    -1  -3  -3  -3  -1  -3  -3  -4  -3   3   3  -3   2   0  -3  -2  -1  -2  -1   2    0   0   0   0   0   0   0   0   0  50  50   0   0   0   0   0   0   0   0   0  0.37 0.00
  379 R    -1   6   0  -2  -4   1   0  -2   0  -3  -2   2  -1  -3  -2  -1  -1  -3  -2  -3    0 100   0   0   0   0   0   0   0   0   0   0   0   0   0   0   0   0   0   0  0.75 0.00
  380 Y    -2  -2  -2  -3  -3  -2  -2  -3   2  -1  -1  -2  -1   3  -3  -2  -2   2   7  -1    0   0   0   0   0   0   0   0   0   0   0   0   0   0   0   0   0   0 100   0  0.87 0.01
  381 E    -1  -1   1   5  -4   1   4  -2  -1  -3  -3   0  -3  -3  -1   0  -1  -4  -3  -3    0   0   0  50   0   0  50   0   0   0   0   0   0   0   0   0   0   0   0   0  0.69 0.00
  382 T    -1  -2  -1  -2  -1  -1  -2  -3  -2   1   2  -1   1  -1  -2   0   3  -2  -1   0    0   0   0   0   0   0   0   0   0   0  50   0   0   0   0   0  50   0   0   0  0.25 0.00
  383 D    -2  -1   4   4  -3   0   1  -1   0  -3  -4   0  -3  -3  -2   0  -1  -4  -3  -3    0   0  50  50   0   0   0   0   0   0   0   0   0   0   0   0   0   0   0   0  0.67 0.00
  384 W    -2  -3  -3  -4  -2  -3  -3  -3  -2  -1   0  -3  -1   5  -4  -3  -2   9   3  -2    0   0   0   0   0   0   0   0   0   0   0   0   0  50   0   0   0  50   0   0  1.23 0.00
  385 S     1  -1   0  -1  -1   0  -1  -1  -1  -1  -2   0  -1  -2  -1   3   4  -3  -2  -1    0   0   0   0   0   0   0   0   0   0   0   0   0   0   0  50  50   0   0   0  0.39 0.00
  386 Y     0  -1   0  -1  -2  -1  -1  -1   1  -2  -2  -1  -1   1  -2   2   0   1   5  -1    0   0   0   0   0   0   0   0   0   0   0   0   0   0   0  50   0   0  50   0  0.38 0.00
  387 Y    -2  -2  -2  -3  -3  -2  -2  -3   2  -1  -1  -2  -1   3  -3  -2  -2   2   7  -1    0   0   0   0   0   0   0   0   0   0   0   0   0   0   0   0   0   0 100   0  0.87 0.01
  388 G     0  -2   0  -1  -3  -2  -2   6  -2  -4  -4  -2  -3  -3  -2   0  -2  -3  -3  -3    0   0   0   0   0   0   0 100   0   0   0   0   0   0   0   0   0   0   0   0  1.04 0.00
  389 V    -1  -3  -3  -3  -1  -3  -3  -4  -3   3   1  -3   1  -1  -3  -2   0  -3  -1   3    0   0   0   0   0   0   0   0   0  50   0   0   0   0   0   0   0   0   0  50  0.35 0.00
  390 P    -1  -2  -2  -2  -3  -1  -1  -2  -2  -3  -3  -1  -3  -4   8  -1  -1  -4  -3  -2    0   0   0   0   0   0   0   0   0   0   0   0   0   0 100   0   0   0   0   0  2.05 0.01
  391 G     0  -2   0  -1  -3  -2  -2   6  -2  -4  -4  -2  -3  -3  -2   0  -2  -3  -3  -3    0   0   0   0   0   0   0 100   0   0   0   0   0   0   0   0   0   0   0   0  1.04 0.00
  392 L    -2  -2  -4  -4  -1  -2  -3  -4  -3   2   4  -3   2   0  -3  -3  -1  -2  -1   1    0   0   0   0   0   0   0   0   0   0 100   0   0   0   0   0   0   0   0   0  0.46 0.00
  393 S     1  -1   0  -1  -1   0  -1  -1  -1  -1  -2   0  -1  -2  -1   3   4  -3  -2  -1    0   0   0   0   0   0   0   0   0   0   0   0   0   0   0  50  50   0   0   0  0.39 0.00
  394 T    -1  -2  -1  -2  -2  -2  -2  -2  -2   0   0  -2   0   4  -2   0   3   0   2   0    0   0   0   0   0   0   0   0   0   0   0   0   0  50   0   0  50   0   0   0  0.32 0.00
  395 G     0  -2  -1  -2  -2  -1  -2   4  -2   0   0  -2   4  -1  -2  -1  -1  -2  -2  -1    0   0   0   0   0   0   0  50   0   0   0   0  50   0   0   0   0   0   0   0  0.36 0.00
  396 V     0  -2  -1  -2  -1  -1  -2  -2  -2   1   0  -1   0  -1  -2   0   3  -3  -1   3    0   0   0   0   0   0   0   0   0   0   0   0   0   0   0   0  50   0   0  50  0.25 0.00
  397 W    -2   4  -2  -3  -3   0  -1  -3  -1  -3  -2   1  -1   0  -3  -2  -2   9   1  -3    0  50   0   0   0   0   0   0   0   0   0   0   0   0   0   0   0  50   0   0  1.09 0.00
  398 Y    -2  -2  -2  -3  -3  -2  -2  -3   2  -1  -1  -2  -1   3  -3  -2  -2   2   7  -1    0   0   0   0   0   0   0   0   0   0   0   0   0   0   0   0   0   0 100   0  0.87 0.01
  399 V     3  -2  -2  -2  -1  -1  -2  -1  -2   1   0  -1   0  -2  -2   0   0  -3  -2   3   50   0   0   0   0   0   0   0   0   0   0   0   0   0   0   0   0   0   0  50  0.21 0.00
  400 K    -1   4   0  -1  -3   1   0  -2  -1  -3  -2   4  -1  -3  -2   0  -1  -3  -2  -2    0  50   0   0   0   0   0   0   0   0   0  50   0   0   0   0   0   0   0   0  0.56 0.00
  401 G     0  -2   0  -1  -3  -2  -2   6  -2  -4  -4  -2  -3  -3  -2   0  -2  -3  -3  -3    0   0   0   0   0   0   0 100   0   0   0   0   0   0   0   0   0   0   0   0  1.04 0.00
  402 W     0  -2  -1  -2  -2  -1  -1  -1  -2  -3  -2  -1  -2   0  -2   2   0   9   1  -2    0   0   0   0   0   0   0   0   0   0   0   0   0   0   0  50   0  50   0   0  0.96 0.00
  403 D    -1  -2   1   4  -3  -1   0   4  -2  -4  -4  -1  -3  -3  -2   0  -1  -3  -3  -3    0   0   0  50   0   0   0  50   0   0   0   0   0   0   0   0   0   0   0   0  0.66 0.00
  404 I     2  -2  -2  -2  -1  -2  -2  -1  -2   3   0  -2   0  -1  -2   0   0  -3  -2   2   50   0   0   0   0   0   0   0   0  50   0   0   0   0   0   0   0   0   0   0  0.19 0.00
  405 D    -2  -2   1   6  -4   0   2  -1  -1  -3  -4  -1  -3  -4  -2   0  -1  -4  -3  -3    0   0   0 100   0   0   0   0   0   0   0   0   0   0   0   0   0   0   0   0  0.93 0.00
  406 G    -1  -2  -1  -2  -3  -2  -2   4   0  -2  -2  -2  -2   1  -3  -1  -2   1   5  -2    0   0   0   0   0   0   0  50   0   0   0   0   0   0   0   0   0   0  50   0  0.56 0.00
  407 T     1  -1   0  -1  -1   0  -1  -1  -1  -1  -2   0  -1  -2  -1   3   4  -3  -2  -1    0   0   0   0   0   0   0   0   0   0   0   0   0   0   0  50  50   0   0   0  0.39 0.00
  408 H    -2   0   4   0  -3   0   0  -1   6  -3  -3   0  -2  -2  -2   0  -1  -3   0  -3    0   0  50   0   0   0   0   0  50   0   0   0   0   0   0   0   0   0   0   0  0.59 0.00
  409 Y     2  -2  -2  -2  -1  -1  -1  -1   0  -1  -1  -1  -1   1  -2   0  -1   1   5  -1   50   0   0   0   0   0   0   0   0   0   0   0   0   0   0   0   0   0  50   0  0.36 0.00
  410 D    -2  -1   4   4  -3   0   1  -1   0  -3  -4   0  -3  -3  -2   0  -1  -4  -3  -3    0   0  50  50   0   0   0   0   0   0   0   0   0   0   0   0   0   0   0   0  0.67 0.00
  411 G     0  -2   0  -1  -2  -1  -1   4  -2  -2  -2  -1  -2  -3  -2   1   3  -3  -2  -1    0   0   0   0   0   0   0  50   0   0   0   0   0   0   0   0  50   0   0   0  0.48 0.00
  412 D    -2  -2   1   6  -4   0   2  -1  -1  -3  -4  -1  -3  -4  -2   0  -1  -4  -3  -3    0   0   0 100   0   0   0   0   0   0   0   0   0   0   0   0   0   0   0   0  0.93 0.00
  413 R    -2   4   1   4  -4   0   1  -2  -1  -3  -3   1  -2  -3  -2  -1  -1  -3  -2  -3    0  50   0  50   0   0   0   0   0   0   0   0   0   0   0   0   0   0   0   0  0.56 0.00
  414 N    -2   0   6   1  -3   0   0   0   1  -3  -4   0  -2  -3  -2   1   0  -4  -2  -3    0   0 100   0   0   0   0   0   0   0   0   0   0   0   0   0   0   0   0   0  0.73 0.00
  415 G     0  -2   0  -1  -3  -2  -2   6  -2  -4  -4  -2  -3  -3  -2   0  -2  -3  -3  -3    0   0   0   0   0   0   0 100   0   0   0   0   0   0   0   0   0   0   0   0  1.04 0.00
  416 A     3  -1  -1  -1   0   0   0   0  -1  -1  -1   0  -1  -1   0   1   0  -1  -1   0   54   3   2   3   1   2   3   4   1   3   5   3   1   2   3   4   3   1   2   3  0.14 0.00
  417 Y    -1  -1  -1  -1  -1  -1  -1  -1   1  -1  -1  -1  -1   2  -1  -1  -1   1   5  -1    4   3   2   3   1   2   3   4   1   3   5   3   1   2   3   4   3   1  52   3  0.26 0.00
  418 G     0  -1   0  -1  -1  -1  -1   4  -1  -2  -1  -1  -1  -1  -1   0  -1  -1  -1  -1    4   3   2   3   1   2   3  54   1   3   5   3   1   2   3   4   3   1   2   3  0.33 0.00
  419 N    -1   0   4   1  -1   0   0   0   0  -1  -1   0  -1  -1  -1   0   0  -1  -1  -1    4   3  52   3   1   2   3   4   1   3   5   3   1   2   3   4   3   1   2   3  0.24 0.00
  420 Y    -1  -1  -1  -1  -1  -1  -1  -1   1  -1  -1  -1  -1   2  -1  -1  -1   1   5  -1    4   3   2   3   1   2   3   4   1   3   5   3   1   2   3   4   3   1  52   3  0.26 0.00
  421 A     3  -1  -1  -1   0   0   0   0  -1  -1  -1   0  -1  -1   0   1   0  -1  -1   0   54   3   2   3   1   2   3   4   1   3   5   3   1   2   3   4   3   1   2   3  0.14 0.00
  422 E     0   0   0   1  -2   1   4  -1   0  -1  -1   0  -1  -1   0   0   0  -1  -1  -1    4   3   2   3   1   2  53   4   1   3   5   3   1   2   3   4   3   1   2   3  0.25 0.00
  423 V     0  -1  -1  -1  -1  -1  -1  -1  -1   2   0  -1   0  -1  -1  -1   0  -1  -1   3    4   3   2   3   1   2   3   4   1   3   5   3   1   2   3   4   3   1   2  53  0.07 0.00
  424 R    -2   4   4   0  -3   1   0  -1   0  -3  -3   1  -2  -3  -2   0  -1  -3  -2  -3    0  50  50   0   0   0   0   0   0   0   0   0   0   0   0   0   0   0   0   0  0.52 0.00
  425 A     3  -2  -2  -2  -1  -1  -1  -1  -2  -2  -2  -1  -2  -3   6   0  -1  -3  -2  -1   50   0   0   0   0   0   0   0   0   0   0   0   0   0  50   0   0   0   0   0  0.89 0.00
  426 Q    -1   0  -1  -2  -2   4   0  -3  -1   0   2   0   1  -1  -2  -1  -1  -2  -1   0    0   0   0   0   0  50   0   0   0   0  50   0   0   0   0   0   0   0   0   0  0.25 0.00
  427 D    -2  -2   1   6  -4   0   2  -1  -1  -3  -4  -1  -3  -4  -2   0  -1  -4  -3  -3    0   0   0 100   0   0   0   0   0   0   0   0   0   0   0   0   0   0   0   0  0.93 0.00
  428 G    -1  -1   4   0  -3  -1  -1   4   0  -4  -4  -1  -2  -3  -2   0  -1  -3  -3  -3    0   0  50   0   0   0   0  50   0   0   0   0   0   0   0   0   0   0   0   0  0.62 0.00
  429 E    -1   0   0   1  -3   4   4  -2   0  -3  -3   1  -1  -3  -1   0  -1  -2  -2  -2    0   0   0   0   0  50  50   0   0   0   0   0   0   0   0   0   0   0   0   0  0.60 0.00
  430 K    -1   2   0  -1  -3   1   1  -2  -1  -3  -3   5  -1  -3  -1   0  -1  -3  -2  -2    0   0   0   0   0   0   0   0   0   0   0 100   0   0   0   0   0   0   0   0  0.52 0.00
  431 H    -2   4   0  -1  -3   1   0  -2   6  -3  -3   1  -2  -2  -2  -1  -1  -3   0  -3    0  50   0   0   0   0   0   0  50   0   0   0   0   0   0   0   0   0   0   0  0.58 0.00
  432 H    -2  -1  -1  -2  -3  -1  -1  -2   6  -3  -2  -2  -2   0  -3  -2  -2   9   2  -3    0   0   0   0   0   0   0   0  50   0   0   0   0   0   0   0   0  50   0   0  1.19 0.01
  433 E    -1   0   0   2  -4   2   5  -2   0  -3  -3   1  -2  -3  -1   0  -1  -3  -2  -3    0   0   0   0   0   0 100   0   0   0   0   0   0   0   0   0   0   0   0   0  0.74 0.00
  434 L    -2   4  -2  -3  -2   0  -1  -3  -1   0   2   1   1  -1  -3  -2  -1  -2  -1   0    0  50   0   0   0   0   0   0   0   0  50   0   0   0   0   0   0   0   0   0  0.29 0.00
  435 G    -1  -2   1   4  -3  -1   0   4  -2  -4  -4  -1  -3  -3  -2   0  -1  -3  -3  -3    0   0   0  50   0   0   0  50   0   0   0   0   0   0   0   0   0   0   0   0  0.66 0.00
  436 L    -1  -2  -3  -3  -1  -2  -3  -3  -3   2   3  -2   1   0  -3  -2  -1  -2  -1   3    0   0   0   0   0   0   0   0   0   0  50   0   0   0   0   0   0   0   0  50  0.32 0.00
  437 M    -1  -1  -1   0  -2   1   3  -2  -1   0   0   0   4  -1  -2  -1  -1  -2  -2  -1    0   0   0   0   0   0  50   0   0   0   0   0  50   0   0   0   0   0   0   0  0.27 0.00
  438 A     3  -2  -2  -2  -1  -1  -2  -1  -2   1   0  -1   0  -2  -2   0   0  -3  -2   3   50   0   0   0   0   0   0   0   0   0   0   0   0   0   0   0   0   0   0  50  0.21 0.00
  439 A     3   1  -1  -1  -1   0   0  -1  -1  -2  -2   3  -1  -3  -1   1   0  -3  -2  -1   50   0   0   0   0   0   0   0   0   0   0  50   0   0   0   0   0   0   0   0  0.29 0.00
  440 Y    -2  -2  -2  -3  -3  -2  -2  -3   2  -1  -1  -2  -1   3  -3  -2  -2   2   7  -1    0   0   0   0   0   0   0   0   0   0   0   0   0   0   0   0   0   0 100   0  0.87 0.01
  441 K     0   1  -1  -2  -2   0   0  -2  -2   1   0   3   0  -2  -2  -1   0  -3  -2   2    0   0   0   0   0   0   0   0   0   0   0  50   0   0   0   0   0   0   0  50  0.17 0.00
  442 V     0  -3  -3  -3  -1  -2  -3  -3  -3   3   1  -2   1  -1  -2  -2   0  -3  -1   4    0   0   0   0   0   0   0   0   0   0   0   0   0   0   0   0   0   0   0 100  0.35 0.00
  443 Q    -1   1   0   0  -3   6   2  -2   0  -3  -2   1   0  -3  -1   0  -1  -2  -2  -2    0   0   0   0   0 100   0   0   0   0   0   0   0   0   0   0   0   0   0   0  0.66 0.01
  444 N    -1  -1   4   0  -2   0  -1  -1   0  -2  -2   0  -1  -3  -2   1   3  -3  -2  -1    0   0  50   0   0   0   0   0   0   0   0   0   0   0   0   0  50   0   0   0  0.42 0.00
  445 G     0  -2   0  -1  -3  -2  -2   6  -2  -4  -4  -2  -3  -3  -2   0  -2  -3  -3  -3    0   0   0   0   0   0   0 100   0   0   0   0   0   0   0   0   0   0   0   0  1.04 0.00
  446 P    -1  -2  -2  -2  -3  -1  -1  -2  -2  -3  -3  -1  -3  -4   8  -1  -1  -4  -3  -2    0   0   0   0   0   0   0   0   0   0   0   0   0   0 100   0   0   0   0   0  2.05 0.01
  447 I     2  -2  -2  -2  -1  -2  -2  -1  -2   3   0  -2   0  -1  -2   0   0  -3  -2   2   50   0   0   0   0   0   0   0   0  50   0   0   0   0   0   0   0   0   0   0  0.19 0.00
  448 K    -1   2   0  -1  -3   1   1  -2  -1  -3  -3   5  -1  -3  -1   0  -1  -3  -2  -2    0   0   0   0   0   0   0   0   0   0   0 100   0   0   0   0   0   0   0   0  0.52 0.00
  449 D    -2  -2   1   6  -4   0   2  -1  -1  -3  -4  -1  -3  -4  -2   0  -1  -4  -3  -3    0   0   0 100   0   0   0   0   0   0   0   0   0   0   0   0   0   0   0   0  0.93 0.00
  450 S     0  -1  -1  -2  -1  -1  -1  -2  -2   0   2  -1   1  -1  -2   2   0  -2  -1   0    0   0   0   0   0   0   0   0   0   0  50   0   0   0   0  50   0   0   0   0  0.18 0.00
  451 T     1  -1   0  -1  -1   0  -1  -1  -1  -1  -2   0  -1  -2  -1   3   4  -3  -2  -1    0   0   0   0   0   0   0   0   0   0   0   0   0   0   0  50  50   0   0   0  0.39 0.00
  452 F    -2  -3  -3  -4  -2  -3  -3  -3  -1   0   0  -3   0   6  -4  -2  -2   1   3  -1    0   0   0   0   0   0   0   0   0   0   0   0   0 100   0   0   0   0   0   0  0.74 0.00
  453 K    -1   4   0  -1  -3   1   0  -2  -1  -3  -2   4  -1  -3  -2   0  -1  -3  -2  -2    0  50   0   0   0   0   0   0   0   0   0  50   0   0   0   0   0   0   0   0  0.56 0.00
  454 L    -2  -2  -4  -4  -1  -2  -3  -4  -3   2   4  -3   2   0  -3  -3  -1  -2  -1   1    0   0   0   0   0   0   0   0   0   0 100   0   0   0   0   0   0   0   0   0  0.46 0.00
  455 T    -1   4   0  -1  -2   0   0  -2  -1  -2  -2   1  -1  -3  -2   1   3  -3  -2  -1    0  50   0   0   0   0   0   0   0   0   0   0   0   0   0   0  50   0   0   0  0.39 0.00
  456 Y    -1   0  -1  -1  -3   4   1  -2   1  -2  -2   0  -1   1  -2  -1  -1   1   5  -2    0   0   0   0   0  50   0   0   0   0   0   0   0   0   0   0   0   0  50   0  0.47 0.00
  457 M     3  -1  -2  -2  -1  -1  -1  -1  -2   0   1  -1   4  -1  -2   0   0  -2  -1   0   50   0   0   0   0   0   0   0   0   0   0   0  50   0   0   0   0   0   0   0  0.20 0.00
  458 M     0  -1  -1  -2  -1  -1  -1  -2  -2   0   1  -1   4  -1  -2   0   3  -2  -1   0    0   0   0   0   0   0   0   0   0   0   0   0  50   0   0   0  50   0   0   0  0.24 0.00
  459 H    -1  -1   0  -1  -2   0   0  -2   6  -2  -2  -1  -1  -2  -2   0   3  -2   0  -1    0   0   0   0   0   0   0   0  50   0   0   0   0   0   0   0  50   0   0   0  0.42 0.00
  460 K    -1   4   0  -1  -3   1   0  -2  -1  -3  -2   4  -1  -3  -2   0  -1  -3  -2  -2    0  50   0   0   0   0   0   0   0   0   0  50   0   0   0   0   0   0   0   0  0.56 0.00
  461 A     4  -1  -2  -2   0  -1  -1   0  -2  -1  -2  -1  -1  -2  -1   1   0  -3  -2   0  100   0   0   0   0   0   0   0   0   0   0   0   0   0   0   0   0   0   0   0  0.41 0.00
  462 S     1  -1   0  -1  -1   0  -1  -1  -1  -1  -2   0  -1  -2  -1   3   4  -3  -2  -1    0   0   0   0   0   0   0   0   0   0   0   0   0   0   0  50  50   0   0   0  0.39 0.00
  463 Q     3   0  -1  -1  -1   4   1  -1   0  -2  -2   0  -1  -3  -1   1   0  -2  -2  -1   50   0   0   0   0  50   0   0   0   0   0   0   0   0   0   0   0   0   0   0  0.34 0.00
  464 N    -2  -1   4   0  -3  -1  -1  -2   0  -1  -1  -1  -1   4  -3  -1  -1  -1   1  -2    0   0  50   0   0   0   0   0   0   0   0   0   0  50   0   0   0   0   0   0  0.37 0.00
  465 Q    -1   0   0   1  -3   4   4  -2   0  -3  -3   1  -1  -3  -1   0  -1  -2  -2  -2    0   0   0   0   0  50  50   0   0   0   0   0   0   0   0   0   0   0   0   0  0.60 0.00
  466 I     0  -2  -1  -1  -1  -1  -1  -2  -2   2   0  -1   0  -1  -2   2   1  -3  -2   1    0   0   0   0   0   0   0   0   0  50   0   0   0   0   0  50   0   0   0   0  0.16 0.00
  467 D    -2  -2   1   6  -4   0   2  -1  -1  -3  -4  -1  -3  -4  -2   0  -1  -4  -3  -3    0   0   0 100   0   0   0   0   0   0   0   0   0   0   0   0   0   0   0   0  0.93 0.00
  468 G     0  -1   0  -1  -1  -1  -1   4  -1  -2  -1  -1  -1  -1  -1   0  -1  -1  -1  -1    4   3   2   3   1   2   3  54   1   3   5   3   1   2   3   4   3   1   2   3  0.33 0.00
  469 S     1   0   0   0  -1   0   0   0   0  -1  -1   0  -1  -1   0   3   1  -1  -1  -1    4   3   2   3   1   2   3   4   1   3   5   3   1   2   3  54   3   1   2   3  0.17 0.00
  470 V    -1  -2  -3  -3  -1  -2  -3  -3  -3   2   3  -2   1   0  -3  -2  -1  -2  -1   3    0   0   0   0   0   0   0   0   0   0  50   0   0   0   0   0   0   0   0  50  0.32 0.00
  471 N    -2  -1   4   4  -3   0   1  -1   0  -3  -4   0  -3  -3  -2   0  -1  -4  -3  -3    0   0  50  50   0   0   0   0   0   0   0   0   0   0   0   0   0   0   0   0  0.67 0.00
  472 E    -1   0   0   2  -4   2   5  -2   0  -3  -3   1  -2  -3  -1   0  -1  -3  -2  -3    0   0   0   0   0   0 100   0   0   0   0   0   0   0   0   0   0   0   0   0  0.74 0.00
  473 L    -1  -2  -1  -2  -1  -1  -2  -3  -2   1   2  -1   1  -1  -2   0   3  -2  -1   0    0   0   0   0   0   0   0   0   0   0  50   0   0   0   0   0  50   0   0   0  0.25 0.00
  474 R    -1   6   0  -2  -4   1   0  -2   0  -3  -2   2  -1  -3  -2  -1  -1  -3  -2  -3    0 100   0   0   0   0   0   0   0   0   0   0   0   0   0   0   0   0   0   0  0.75 0.00
  475 L    -1  -2  -3  -3  -1  -2  -3  -3  -3   2   3  -2   1   0  -3  -2  -1  -2  -1   3    0   0   0   0   0   0   0   0   0   0  50   0   0   0   0   0   0   0   0  50  0.32 0.00
  476 V    -1  -3  -3  -3  -1  -3  -3  -4  -3   3   1  -3   1  -1  -3  -2   0  -3  -1   3    0   0   0   0   0   0   0   0   0  50   0   0   0   0   0   0   0   0   0  50  0.35 0.00
  477 S     0  -2  -1  -1  -1  -1  -1  -2  -2   2   0  -1   0  -1  -2   2   1  -3  -2   1    0   0   0   0   0   0   0   0   0  50   0   0   0   0   0  50   0   0   0   0  0.16 0.00
  478 T     0  -1   0   1  -2   1   3  -2  -1  -2  -2   0  -1  -3  -1   1   3  -3  -2  -1    0   0   0   0   0   0  50   0   0   0   0   0   0   0   0   0  50   0   0   0  0.40 0.00
  479 F    -2  -2  -3  -3  -2  -2  -3  -3   1  -1   0  -2   0   5  -3  -2  -2   2   6  -1    0   0   0   0   0   0   0   0   0   0   0   0   0  50   0   0   0   0  50   0  0.69 0.00
  480 P    -1  -2  -2  -2  -3  -1  -1  -2  -2  -3  -3  -1  -3  -4   8  -1  -1  -4  -3  -2    0   0   0   0   0   0   0   0   0   0   0   0   0   0 100   0   0   0   0   0  2.05 0.01
  481 F    -2  -3  -3  -4  -2  -3  -3  -3  -2   1   3  -3   1   5  -3  -3  -2   0   2   0    0   0   0   0   0   0   0   0   0   0  50   0   0  50   0   0   0   0   0   0  0.43 0.00
  482 N     0  -1   4   1  -2   0   0   0   0  -3  -3   0  -2  -3  -1   3   1  -3  -2  -2    0   0  50   0   0   0   0   0   0   0   0   0   0   0   0  50   0   0   0   0  0.45 0.00
  483 L    -1  -3  -3  -3  -1  -3  -3  -4  -3   3   3  -3   2   0  -3  -2  -1  -2  -1   2    0   0   0   0   0   0   0   0   0  50  50   0   0   0   0   0   0   0   0   0  0.37 0.00
  484 L    -2  -2  -4  -4  -1  -2  -3  -4  -3   2   4  -3   2   0  -3  -3  -1  -2  -1   1    0   0   0   0   0   0   0   0   0   0 100   0   0   0   0   0   0   0   0   0  0.46 0.00

                      K         Lambda
Standard Ungapped    0.1331     0.3149
Standard Gapped      0.0410     0.2670
PSI Ungapped         0.1331     0.3149
PSI Gapped           0.0410     0.2670
