
Last position-specific scoring matrix computed, weighted observed percentages rounded down, information per position, and relative weight of gapless real matches to pseudocounts
            A   R   N   D   C   Q   E   G   H   I   L   K   M   F   P   S   T   W   Y   V   A   R   N   D   C   Q   E   G   H   I   L   K   M   F   P   S   T   W   Y   V
    1 M    -1  -1  -2  -3  -1   0  -2  -3  -2   1   2  -1   6   0  -3  -2  -1  -1  -1   1    0   0   0   0   0   0   0   0   0   0   0   0 100   0   0   0   0   0   0   0  0.34 0.00
    2 I    -1  -3  -3  -3  -1  -3  -3  -4  -3   4   2  -3   1   0  -3  -2  -1  -3  -1   3    0   0   0   0   0   0   0   0   0 100   0   0   0   0   0   0   0   0   0   0  0.39 0.00
    3 R    -1   6   0  -2  -4   1   0  -2   0  -3  -2   2  -1  -3  -2  -1  -1  -3  -2  -3    0 100   0   0   0   0   0   0   0   0   0   0   0   0   0   0   0   0   0   0  0.74 0.00
    4 R    -1   4   0  -1  -3   1   0  -2   0  -3  -2   4  -1  -3  -2   0  -1  -3  -2  -2    0  50   0   0   0   0   0   0   0   0   0  50   0   0   0   0   0   0   0   0  0.55 0.00
    5 H    -2   0   1  -1  -3   0   0  -2   8  -3  -3  -1  -2  -1  -2  -1  -2  -2   2  -3    0   0   0   0   0   0   0   0 100   0   0   0   0   0   0   0   0   0   0   0  0.85 0.00
    6 S     1  -1   1   0  -1   0   0   0  -1  -2  -3   0  -2  -2  -1   4   1  -3  -2  -2    0   0   0   0   0   0   0   0   0   0   0   0   0   0   0 100   0   0   0   0  0.45 0.00
    7 C    -1  -3  -3  -4   7  -3  -3  -3  -3   0   2  -3   1  -1  -3  -2  -1  -2  -2   0    0   0   0   0  50   0   0   0   0   0  50   0   0   0   0   0   0   0   0   0  0.56 0.00
    8 K     0   1   0   0  -1   1   1  -1   0  -1  -1   3  -1  -1   0   0   0  -1  -1  -1    4   3   2   3   1   2   3   4   1   3   5  53   1   2   3   4   3   1   2   3  0.17 0.00
    9 G     0  -1   0  -1  -1  -1  -1   4  -1  -2  -1  -1  -1  -1  -1   0  -1  -1  -1  -1    4   3   2   3   1   2   3  54   1   3   5   3   1   2   3   4   3   1   2   3  0.33 0.00
   10 V     0  -1  -1  -1  -1  -1  -1  -1  -1   2   0  -1   0  -1  -1  -1   0  -1  -1   3    4   3   2   3   1   2   3   4   1   3   5   3   1   2   3   4   3   1   2  53  0.07 0.00
   11 G     0  -1   0  -1  -1  -1  -1   4  -1  -2  -1  -1  -1  -1  -1   0  -1  -1  -1  -1    4   3   2   3   1   2   3  54   1   3   5   3   1   2   3   4   3   1   2   3  0.33 0.00
   12 S     1   0   0   0  -1   0   0   0   0  -1  -1   0  -1  -1   0   3   1  -1  -1  -1    4   3   2   3   1   2   3   4   1   3   5   3   1   2   3  54   3   1   2   3  0.16 0.00
   13 S     1  -1   0  -1  -2  -1  -1   4  -1  -3  -3  -1  -2  -3  -1   3   0  -3  -2  -2    0   0   0   0   0   0   0  50   0   0   0   0   0   0   0  50   0   0   0   0  0.52 0.00
   14 V    -1  -3  -3  -3  -2  -3  -3  -3  -2   2   1  -3   0   4  -3  -2  -1   0   2   2    0   0   0   0   0   0   0   0   0   0   0   0   0  50   0   0   0   0   0  50  0.34 0.00
   15 A     3  -2  -2  -2  -1  -1  -2  -1  -2   1   0  -1   0  -2  -2   0   0  -3  -2   3   50   0   0   0   0   0   0   0   0   0   0   0   0   0   0   0   0   0   0  50  0.21 0.00
   16 W     2  -2  -3  -3  -1  -1  -2  -1  -2  -2  -2  -2  -1   0  -2   0  -1   9   1  -1   50   0   0   0   0   0   0   0   0   0   0   0   0   0   0   0   0  50   0   0  0.95 0.00
   17 S     1  -1   1   0  -1   0   0   0  -1  -2  -3   0  -2  -2  -1   4   1  -3  -2  -2    0   0   0   0   0   0   0   0   0   0   0   0   0   0   0 100   0   0   0   0  0.45 0.00
   18 L     2  -2  -2  -3  -1  -1  -2  -1  -2   0   2  -2   1  -1  -2   0  -1  -2  -1   0   50   0   0   0   0   0   0   0   0   0  50   0   0   0   0   0   0   0   0   0  0.20 0.01
   19 L    -2  -2  -4  -4  -1  -2  -3  -4  -3   2   4  -3   2   0  -3  -3  -1  -2  -1   1    0   0   0   0   0   0   0   0   0   0 100   0   0   0   0   0   0   0   0   0  0.45 0.00
   20 G     3  -2  -1  -2  -1  -1  -1   4  -2  -2  -2  -1  -2  -3  -1   1  -1  -3  -2  -1   50   0   0   0   0   0   0  50   0   0   0   0   0   0   0   0   0   0   0   0  0.51 0.00
   21 L    -2  -2  -4  -4  -1  -2  -3  -4  -3   2   4  -3   2   0  -3  -3  -1  -2  -1   1    0   0   0   0   0   0   0   0   0   0 100   0   0   0   0   0   0   0   0   0  0.45 0.00
   22 A     4  -1  -2  -2   0  -1  -1   0  -2  -1  -2  -1  -1  -2  -1   1   0  -3  -2   0  100   0   0   0   0   0   0   0   0   0   0   0   0   0   0   0   0   0   0   0  0.40 0.00
   23 I    -1  -3  -3  -3  -1  -3  -3  -4  -3   3   1  -3   1  -1  -3  -2   0  -3  -1   3    0   0   0   0   0   0   0   0   0  50   0   0   0   0   0   0   0   0   0  50  0.34 0.00
   24 S     1  -1   1   0  -1   0   0   0  -1  -2  -3   0  -2  -2  -1   4   1  -3  -2  -2    0   0   0   0   0   0   0   0   0   0   0   0   0   0   0 100   0   0   0   0  0.45 0.00
   25 A     4  -1  -2  -2   0  -1  -1   0  -2  -1  -2  -1  -1  -2  -1   1   0  -3  -2   0  100   0   0   0   0   0   0   0   0   0   0   0   0   0   0   0   0   0   0   0  0.40 0.00
   26 Q    -1   1   0   0  -3   5   2  -2   0  -3  -2   1   0  -3  -1   0  -1  -2  -1  -2    0   0   0   0   0 100   0   0   0   0   0   0   0   0   0   0   0   0   0   0  0.65 0.00
   27 S     3  -1   0  -1  -1   0  -1   0  -1  -2  -2   0  -1  -2  -1   3   1  -3  -2  -1   50   0   0   0   0   0   0   0   0   0   0   0   0   0   0  50   0   0   0   0  0.35 0.00
   28 L    -2  -3  -3  -4  -2  -3  -3  -3  -2   1   3  -3   1   5  -3  -2  -2   0   2   0    0   0   0   0   0   0   0   0   0   0  50   0   0  50   0   0   0   0   0   0  0.43 0.00
   29 A     4  -1  -2  -2   0  -1  -1   0  -2  -1  -2  -1  -1  -2  -1   1   0  -3  -2   0  100   0   0   0   0   0   0   0   0   0   0   0   0   0   0   0   0   0   0   0  0.40 0.00
   30 G     0  -2   0  -1  -3  -2  -2   6  -2  -4  -4  -2  -3  -3  -2   0  -2  -3  -3  -3    0   0   0   0   0   0   0 100   0   0   0   0   0   0   0   0   0   0   0   0  1.04 0.00
   31 T     0  -1   0  -1  -1  -1  -1  -2  -2  -1  -1  -1  -1  -2  -1   1   5  -3  -2   0    0   0   0   0   0   0   0   0   0   0   0   0   0   0   0   0 100   0   0   0  0.47 0.00
   32 V     0  -3  -3  -3  -1  -2  -3  -3  -3   3   1  -2   1  -1  -2  -2   0  -3  -1   4    0   0   0   0   0   0   0   0   0   0   0   0   0   0   0   0   0   0   0 100  0.34 0.00
   33 T     0  -1   0  -1  -1  -1  -1  -2  -2  -1  -1  -1  -1  -2  -1   1   5  -3  -2   0    0   0   0   0   0   0   0   0   0   0   0   0   0   0   0   0 100   0   0   0  0.47 0.00
   34 T     0  -1   0  -1  -1  -1  -1  -2  -2  -1  -1  -1  -1  -2  -1   1   5  -3  -2   0    0   0   0   0   0   0   0   0   0   0   0   0   0   0   0   0 100   0   0   0  0.47 0.00
   35 D    -2  -2   1   6  -4   0   2  -1  -1  -3  -4  -1  -3  -4  -2   0  -1  -4  -3  -3    0   0   0 100   0   0   0   0   0   0   0   0   0   0   0   0   0   0   0   0  0.92 0.00
   36 G     0  -2   0  -1  -3  -2  -2   6  -2  -4  -4  -2  -3  -3  -2   0  -2  -3  -3  -3    0   0   0   0   0   0   0 100   0   0   0   0   0   0   0   0   0   0   0   0  1.04 0.00
   37 A     4  -1  -2  -2   0  -1  -1   0  -2  -1  -2  -1  -1  -2  -1   1   0  -3  -2   0  100   0   0   0   0   0   0   0   0   0   0   0   0   0   0   0   0   0   0   0  0.40 0.00
   38 D    -2  -2   1   6  -4   0   2  -1  -1  -3  -4  -1  -3  -4  -2   0  -1  -4  -3  -3    0   0   0 100   0   0   0   0   0   0   0   0   0   0   0   0   0   0   0   0  0.92 0.00
   39 I    -1  -3  -3  -3  -1  -3  -3  -4  -3   4   2  -3   1   0  -3  -2  -1  -3  -1   3    0   0   0   0   0   0   0   0   0 100   0   0   0   0   0   0   0   0   0   0  0.39 0.00
   40 V     0  -3  -3  -3  -1  -2  -3  -3  -3   3   1  -2   1  -1  -2  -2   0  -3  -1   4    0   0   0   0   0   0   0   0   0   0   0   0   0   0   0   0   0   0   0 100  0.34 0.00
   41 I    -1  -3  -3  -3  -1  -3  -3  -4  -3   4   2  -3   1   0  -3  -2  -1  -3  -1   3    0   0   0   0   0   0   0   0   0 100   0   0   0   0   0   0   0   0   0   0  0.39 0.00
   42 K    -1   2   0  -1  -3   1   1  -2  -1  -3  -3   5  -1  -3  -1   0  -1  -3  -2  -2    0   0   0   0   0   0   0   0   0   0   0 100   0   0   0   0   0   0   0   0  0.51 0.00
   43 T     0  -1   0  -1  -1  -1  -1  -2  -2  -1  -1  -1  -1  -2  -1   1   5  -3  -2   0    0   0   0   0   0   0   0   0   0   0   0   0   0   0   0   0 100   0   0   0  0.47 0.00
   44 K    -1   2   0  -1  -3   1   1  -2  -1  -3  -3   5  -1  -3  -1   0  -1  -3  -2  -2    0   0   0   0   0   0   0   0   0   0   0 100   0   0   0   0   0   0   0   0  0.51 0.00
   45 G     0  -2   0  -1  -3  -2  -2   6  -2  -4  -4  -2  -3  -3  -2   0  -2  -3  -3  -3    0   0   0   0   0   0   0 100   0   0   0   0   0   0   0   0   0   0   0   0  1.04 0.00
   46 G     0  -2   0  -1  -3  -2  -2   6  -2  -4  -4  -2  -3  -3  -2   0  -2  -3  -3  -3    0   0   0   0   0   0   0 100   0   0   0   0   0   0   0   0   0   0   0   0  1.04 0.00
   47 L    -2  -2  -4  -4  -1  -2  -3  -4  -3   2   4  -3   2   0  -3  -3  -1  -2  -1   1    0   0   0   0   0   0   0   0   0   0 100   0   0   0   0   0   0   0   0   0  0.45 0.00
   48 E    -1   0   0   2  -4   2   5  -2   0  -3  -3   1  -2  -3  -1   0  -1  -3  -2  -3    0   0   0   0   0   0 100   0   0   0   0   0   0   0   0   0   0   0   0   0  0.73 0.00
   49 V     0  -3  -3  -3  -1  -2  -3  -3  -3   3   1  -2   1  -1  -2  -2   0  -3  -1   4    0   0   0   0   0   0   0   0   0   0   0   0   0   0   0   0   0   0   0 100  0.34 0.00
   50 A     4  -1  -2  -2   0  -1  -1   0  -2  -1  -2  -1  -1  -2  -1   1   0  -3  -2   0  100   0   0   0   0   0   0   0   0   0   0   0   0   0   0   0   0   0   0   0  0.40 0.00
   51 T     0  -1   0  -1  -1  -1  -1  -2  -2  -1  -1  -1  -1  -2  -1   1   5  -3  -2   0    0   0   0   0   0   0   0   0   0   0   0   0   0   0   0   0 100   0   0   0  0.47 0.00
   52 T     0  -1   0  -1  -1  -1  -1  -2  -2  -1  -1  -1  -1  -2  -1   1   5  -3  -2   0    0   0   0   0   0   0   0   0   0   0   0   0   0   0   0   0 100   0   0   0  0.47 0.00
   53 D    -2  -2   1   6  -4   0   2  -1  -1  -3  -4  -1  -3  -4  -2   0  -1  -4  -3  -3    0   0   0 100   0   0   0   0   0   0   0   0   0   0   0   0   0   0   0   0  0.92 0.00
   54 K    -1   2   0  -1  -3   1   1  -2  -1  -3  -3   5  -1  -3  -1   0  -1  -3  -2  -2    0   0   0   0   0   0   0   0   0   0   0 100   0   0   0   0   0   0   0   0  0.51 0.00
   55 E    -1   0   0   2  -4   2   5  -2   0  -3  -3   1  -2  -3  -1   0  -1  -3  -2  -3    0   0   0   0   0   0 100   0   0   0   0   0   0   0   0   0   0   0   0   0  0.73 0.00
   56 F    -2  -3  -3  -4  -2  -3  -3  -3  -1   0   0  -3   0   6  -4  -2  -2   1   3  -1    0   0   0   0   0   0   0   0   0   0   0   0   0 100   0   0   0   0   0   0  0.73 0.00
   57 S     1  -1   1   0  -1   0   0   0  -1  -2  -3   0  -2  -2  -1   4   1  -3  -2  -2    0   0   0   0   0   0   0   0   0   0   0   0   0   0   0 100   0   0   0   0  0.45 0.00
   58 F    -2  -3  -3  -4  -2  -3  -3  -3  -1   0   0  -3   0   6  -4  -2  -2   1   3  -1    0   0   0   0   0   0   0   0   0   0   0   0   0 100   0   0   0   0   0   0  0.73 0.00
   59 K    -1   2   0  -1  -3   1   1  -2  -1  -3  -3   5  -1  -3  -1   0  -1  -3  -2  -2    0   0   0   0   0   0   0   0   0   0   0 100   0   0   0   0   0   0   0   0  0.51 0.00
   60 L    -2  -2  -4  -4  -1  -2  -3  -4  -3   2   4  -3   2   0  -3  -3  -1  -2  -1   1    0   0   0   0   0   0   0   0   0   0 100   0   0   0   0   0   0   0   0   0  0.45 0.00
   61 G     0  -2   0  -1  -3  -2  -2   6  -2  -4  -4  -2  -3  -3  -2   0  -2  -3  -3  -3    0   0   0   0   0   0   0 100   0   0   0   0   0   0   0   0   0   0   0   0  1.04 0.00
   62 G     0  -2   0  -1  -3  -2  -2   6  -2  -4  -4  -2  -3  -3  -2   0  -2  -3  -3  -3    0   0   0   0   0   0   0 100   0   0   0   0   0   0   0   0   0   0   0   0  1.04 0.00
   63 R    -1   6   0  -2  -4   1   0  -2   0  -3  -2   2  -1  -3  -2  -1  -1  -3  -2  -3    0 100   0   0   0   0   0   0   0   0   0   0   0   0   0   0   0   0   0   0  0.74 0.00
   64 L    -2  -2  -4  -4  -1  -2  -3  -4  -3   2   4  -3   2   0  -3  -3  -1  -2  -1   1    0   0   0   0   0   0   0   0   0   0 100   0   0   0   0   0   0   0   0   0  0.45 0.00
   65 Q    -1   1   0   0  -3   5   2  -2   0  -3  -2   1   0  -3  -1   0  -1  -2  -1  -2    0   0   0   0   0 100   0   0   0   0   0   0   0   0   0   0   0   0   0   0  0.65 0.00
   66 A     4  -1  -2  -2   0  -1  -1   0  -2  -1  -2  -1  -1  -2  -1   1   0  -3  -2   0  100   0   0   0   0   0   0   0   0   0   0   0   0   0   0   0   0   0   0   0  0.40 0.00
   67 D    -2  -2   1   6  -4   0   2  -1  -1  -3  -4  -1  -3  -4  -2   0  -1  -4  -3  -3    0   0   0 100   0   0   0   0   0   0   0   0   0   0   0   0   0   0   0   0  0.92 0.00
   68 Y    -2  -2  -2  -3  -3  -1  -2  -3   2  -1  -1  -2  -1   3  -3  -2  -2   2   7  -1    0   0   0   0   0   0   0   0   0   0   0   0   0   0   0   0   0   0 100   0  0.85 0.00
   69 G     1  -1   0  -1  -2  -1  -1   4  -1  -3  -3  -1  -2  -3  -1   3   0  -3  -2  -2    0   0   0   0   0   0   0  50   0   0   0   0   0   0   0  50   0   0   0   0  0.52 0.00
   70 R    -1   6   0  -2  -4   1   0  -2   0  -3  -2   2  -1  -3  -2  -1  -1  -3  -2  -3    0 100   0   0   0   0   0   0   0   0   0   0   0   0   0   0   0   0   0   0  0.74 0.00
   71 F    -2  -3  -3  -4  -2  -3  -3  -3  -1   0   0  -3   0   6  -4  -2  -2   1   3  -1    0   0   0   0   0   0   0   0   0   0   0   0   0 100   0   0   0   0   0   0  0.73 0.00
   72 D    -2  -2   1   6  -4   0   2  -1  -1  -3  -4  -1  -3  -4  -2   0  -1  -4  -3  -3    0   0   0 100   0   0   0   0   0   0   0   0   0   0   0   0   0   0   0   0  0.92 0.00
   73 G     0  -2   0  -1  -3  -2  -2   6  -2  -4  -4  -2  -3  -3  -2   0  -2  -3  -3  -3    0   0   0   0   0   0   0 100   0   0   0   0   0   0   0   0   0   0   0   0  1.04 0.00
   74 Y    -2  -2  -3  -3  -2  -2  -3  -3   1  -1   0  -2   0   5  -3  -2  -2   2   6  -1    0   0   0   0   0   0   0   0   0   0   0   0   0  50   0   0   0   0  50   0  0.69 0.00
   75 Y    -2  -2  -2  -3  -3  -1  -2  -3   2  -1  -1  -2  -1   3  -3  -2  -2   2   7  -1    0   0   0   0   0   0   0   0   0   0   0   0   0   0   0   0   0   0 100   0  0.85 0.00
   76 T     0  -1   0  -1  -1  -1  -1  -2  -2  -1  -1  -1  -1  -2  -1   1   5  -3  -2   0    0   0   0   0   0   0   0   0   0   0   0   0   0   0   0   0 100   0   0   0  0.47 0.00
   77 N    -1   1   4   0  -3   1   0  -1   0  -3  -3   3  -2  -3  -2   0   0  -3  -2  -3    0   0  50   0   0   0   0   0   0   0   0  50   0   0   0   0   0   0   0   0  0.44 0.00
   78 N    -2   0   6   1  -3   0   0   0   1  -3  -4   0  -2  -3  -2   1   0  -4  -2  -3    0   0 100   0   0   0   0   0   0   0   0   0   0   0   0   0   0   0   0   0  0.72 0.00
   79 G     0  -2   0  -1  -3  -2  -2   6  -2  -4  -4  -2  -3  -3  -2   0  -2  -3  -3  -3    0   0   0   0   0   0   0 100   0   0   0   0   0   0   0   0   0   0   0   0  1.04 0.00
   80 N    -2   0   6   1  -3   0   0   0   1  -3  -4   0  -2  -3  -2   1   0  -4  -2  -3    0   0 100   0   0   0   0   0   0   0   0   0   0   0   0   0   0   0   0   0  0.72 0.00
   81 T     0  -1   0  -1  -1  -1  -1  -2  -2  -1  -1  -1  -1  -2  -1   1   5  -3  -2   0    0   0   0   0   0   0   0   0   0   0   0   0   0   0   0   0 100   0   0   0  0.47 0.00
   82 A     4  -1  -2  -2   0  -1  -1   0  -2  -1  -2  -1  -1  -2  -1   1   0  -3  -2   0  100   0   0   0   0   0   0   0   0   0   0   0   0   0   0   0   0   0   0   0  0.40 0.00
   83 D    -2  -2   1   6  -4   0   2  -1  -1  -3  -4  -1  -3  -4  -2   0  -1  -4  -3  -3    0   0   0 100   0   0   0   0   0   0   0   0   0   0   0   0   0   0   0   0  0.92 0.00
   84 A     4  -1  -2  -2   0  -1  -1   0  -2  -1  -2  -1  -1  -2  -1   1   0  -3  -2   0  100   0   0   0   0   0   0   0   0   0   0   0   0   0   0   0   0   0   0   0  0.40 0.00
   85 A     4  -1  -2  -2   0  -1  -1   0  -2  -1  -2  -1  -1  -2  -1   1   0  -3  -2   0  100   0   0   0   0   0   0   0   0   0   0   0   0   0   0   0   0   0   0   0  0.40 0.00
   86 Y    -2  -2  -2  -3  -3  -1  -2  -3   2  -1  -1  -2  -1   3  -3  -2  -2   2   7  -1    0   0   0   0   0   0   0   0   0   0   0   0   0   0   0   0   0   0 100   0  0.85 0.00
   87 F    -2  -3  -3  -4  -2  -3  -3  -3  -1   0   0  -3   0   6  -4  -2  -2   1   3  -1    0   0   0   0   0   0   0   0   0   0   0   0   0 100   0   0   0   0   0   0  0.73 0.00
   88 R    -1   6   0  -2  -4   1   0  -2   0  -3  -2   2  -1  -3  -2  -1  -1  -3  -2  -3    0 100   0   0   0   0   0   0   0   0   0   0   0   0   0   0   0   0   0   0  0.74 0.00
   89 R    -1   6   0  -2  -4   1   0  -2   0  -3  -2   2  -1  -3  -2  -1  -1  -3  -2  -3    0 100   0   0   0   0   0   0   0   0   0   0   0   0   0   0   0   0   0   0  0.74 0.00
   90 A     4  -1  -2  -2   0  -1  -1   0  -2  -1  -2  -1  -1  -2  -1   1   0  -3  -2   0  100   0   0   0   0   0   0   0   0   0   0   0   0   0   0   0   0   0   0   0  0.40 0.00
   91 Y    -2  -2  -3  -3  -2  -2  -3  -3   1  -1   0  -2   0   5  -3  -2  -2   2   6  -1    0   0   0   0   0   0   0   0   0   0   0   0   0  50   0   0   0   0  50   0  0.69 0.00
   92 L    -1  -3  -3  -3  -1  -3  -3  -4  -3   3   3  -3   2   0  -3  -2  -1  -2  -1   2    0   0   0   0   0   0   0   0   0  50  50   0   0   0   0   0   0   0   0   0  0.36 0.01
   93 E    -1   0   0   2  -4   2   5  -2   0  -3  -3   1  -2  -3  -1   0  -1  -3  -2  -3    0   0   0   0   0   0 100   0   0   0   0   0   0   0   0   0   0   0   0   0  0.73 0.00
   94 F    -2  -3  -3  -4  -2  -3  -3  -3  -2   1   3  -3   1   5  -3  -2  -2   0   2   0    0   0   0   0   0   0   0   0   0   0  50   0   0  50   0   0   0   0   0   0  0.43 0.00
   95 G     0  -2   0  -1  -3  -2  -2   6  -2  -4  -4  -2  -3  -3  -2   0  -2  -3  -3  -3    0   0   0   0   0   0   0 100   0   0   0   0   0   0   0   0   0   0   0   0  1.04 0.00
   96 G     0  -2   0  -1  -3  -2  -2   6  -2  -4  -4  -2  -3  -3  -2   0  -2  -3  -3  -3    0   0   0   0   0   0   0 100   0   0   0   0   0   0   0   0   0   0   0   0  1.04 0.00
   97 T     0  -1   0  -1  -1  -1  -1  -2  -2  -1  -1  -1  -1  -2  -1   1   5  -3  -2   0    0   0   0   0   0   0   0   0   0   0   0   0   0   0   0   0 100   0   0   0  0.47 0.00
   98 A     4  -1  -2  -2   0  -1  -1   0  -2  -1  -2  -1  -1  -2  -1   1   0  -3  -2   0  100   0   0   0   0   0   0   0   0   0   0   0   0   0   0   0   0   0   0   0  0.40 0.00
   99 Y    -2  -2  -2  -3  -3  -1  -2  -3   2  -1  -1  -2  -1   3  -3  -2  -2   2   7  -1    0   0   0   0   0   0   0   0   0   0   0   0   0   0   0   0   0   0 100   0  0.85 0.00
  100 R    -1   4   0  -1  -3   1   0  -2   0  -3  -2   4  -1  -3  -2   0  -1  -3  -2  -2    0  50   0   0   0   0   0   0   0   0   0  50   0   0   0   0   0   0   0   0  0.55 0.00
  101 D    -2  -2   1   6  -4   0   2  -1  -1  -3  -4  -1  -3  -4  -2   0  -1  -4  -3  -3    0   0   0 100   0   0   0   0   0   0   0   0   0   0   0   0   0   0   0   0  0.92 0.00
  102 W    -3  -3  -4  -4  -2  -2  -3  -3  -2  -3  -2  -3  -1   1  -4  -3  -3  11   2  -3    0   0   0   0   0   0   0   0   0   0   0   0   0   0   0   0   0 100   0   0  2.30 0.00
  103 K    -1   2   0  -1  -3   1   1  -2  -1  -3  -3   5  -1  -3  -1   0  -1  -3  -2  -2    0   0   0   0   0   0   0   0   0   0   0 100   0   0   0   0   0   0   0   0  0.51 0.00
  104 Y    -2  -2  -2  -3  -3  -1  -2  -3   2  -1  -1  -2  -1   3  -3  -2  -2   2   7  -1    0   0   0   0   0   0   0   0   0   0   0   0   0   0   0   0   0   0 100   0  0.85 0.00
  105 Q    -1   1   0   0  -3   5   2  -2   0  -3  -2   1   0  -3  -1   0  -1  -2  -1  -2    0   0   0   0   0 100   0   0   0   0   0   0   0   0   0   0   0   0   0   0  0.65 0.00
  106 I    -1  -3  -3  -3  -1  -3  -3  -4  -3   4   2  -3   1   0  -3  -2  -1  -3  -1   3    0   0   0   0   0   0   0   0   0 100   0   0   0   0   0   0   0   0   0   0  0.39 0.00
  107 N    -2   0   6   1  -3   0   0   0   1  -3  -4   0  -2  -3  -2   1   0  -4  -2  -3    0   0 100   0   0   0   0   0   0   0   0   0   0   0   0   0   0   0   0   0  0.72 0.00
  108 Y    -2  -2  -3  -3  -2  -2  -3  -3   1  -1   0  -2   0   5  -3  -2  -2   2   6  -1    0   0   0   0   0   0   0   0   0   0   0   0   0  50   0   0   0   0  50   0  0.69 0.00
  109 D    -2  -2   1   6  -4   0   2  -1  -1  -3  -4  -1  -3  -4  -2   0  -1  -4  -3  -3    0   0   0 100   0   0   0   0   0   0   0   0   0   0   0   0   0   0   0   0  0.92 0.00
  110 L    -2  -2  -4  -4  -1  -2  -3  -4  -3   2   4  -3   2   0  -3  -3  -1  -2  -1   1    0   0   0   0   0   0   0   0   0   0 100   0   0   0   0   0   0   0   0   0  0.45 0.00
  111 S     1  -1   1   0  -1   0   0   0  -1  -2  -3   0  -2  -2  -1   4   1  -3  -2  -2    0   0   0   0   0   0   0   0   0   0   0   0   0   0   0 100   0   0   0   0  0.45 0.00
  112 R    -2   4   0  -1  -3   1   0  -2   6  -3  -3   1  -2  -2  -2  -1  -1  -3   0  -3    0  50   0   0   0   0   0   0  50   0   0   0   0   0   0   0   0   0   0   0  0.57 0.00
  113 N    -2   0   6   1  -3   0   0   0   1  -3  -4   0  -2  -3  -2   1   0  -4  -2  -3    0   0 100   0   0   0   0   0   0   0   0   0   0   0   0   0   0   0   0   0  0.72 0.00
  114 V     0  -2  -1  -2  -1  -1  -2  -2  -2   1   0  -1   0  -1  -2   0   3  -3  -1   3    0   0   0   0   0   0   0   0   0   0   0   0   0   0   0   0  50   0   0  50  0.25 0.00
  115 G     0  -2   0  -1  -3  -2  -2   6  -2  -4  -4  -2  -3  -3  -2   0  -2  -3  -3  -3    0   0   0   0   0   0   0 100   0   0   0   0   0   0   0   0   0   0   0   0  1.04 0.00
  116 N     0  -1   4   1  -2   0   0   0   0  -3  -3   0  -2  -3  -1   3   1  -3  -2  -2    0   0  50   0   0   0   0   0   0   0   0   0   0   0   0  50   0   0   0   0  0.45 0.00
  117 D     0  -1   1   4  -2   0   1  -1  -1  -3  -3   0  -2  -3  -1   3   0  -4  -2  -2    0   0   0  50   0   0   0   0   0   0   0   0   0   0   0  50   0   0   0   0  0.49 0.00
  118 S     0  -1   1   4  -2   0   1  -1  -1  -3  -3   0  -2  -3  -1   3   0  -4  -2  -2    0   0   0  50   0   0   0   0   0   0   0   0   0   0   0  50   0   0   0   0  0.49 0.00
  119 A     2  -1   4   0  -1   0  -1   0   0  -2  -2   0  -2  -3  -1   1   0  -3  -2  -1   50   0  50   0   0   0   0   0   0   0   0   0   0   0   0   0   0   0   0   0  0.35 0.00
  120 G     0  -2   0  -1  -3  -2  -2   6  -2  -4  -4  -2  -3  -3  -2   0  -2  -3  -3  -3    0   0   0   0   0   0   0 100   0   0   0   0   0   0   0   0   0   0   0   0  1.04 0.00
  121 Y    -2  -2  -2  -3  -3  -1  -2  -3   2  -1  -1  -2  -1   3  -3  -2  -2   2   7  -1    0   0   0   0   0   0   0   0   0   0   0   0   0   0   0   0   0   0 100   0  0.85 0.00
  122 F    -2  -3  -3  -4  -2  -3  -3  -3  -1   0   0  -3   0   6  -4  -2  -2   1   3  -1    0   0   0   0   0   0   0   0   0   0   0   0   0 100   0   0   0   0   0   0  0.73 0.00
  123 D    -2  -2   1   6  -4   0   2  -1  -1  -3  -4  -1  -3  -4  -2   0  -1  -4  -3  -3    0   0   0 100   0   0   0   0   0   0   0   0   0   0   0   0   0   0   0   0  0.92 0.00
  124 E    -1   0   0   2  -4   2   5  -2   0  -3  -3   1  -2  -3  -1   0  -1  -3  -2  -3    0   0   0   0   0   0 100   0   0   0   0   0   0   0   0   0   0   0   0   0  0.73 0.00
  125 A     4  -1  -2  -2   0  -1  -1   0  -2  -1  -2  -1  -1  -2  -1   1   0  -3  -2   0  100   0   0   0   0   0   0   0   0   0   0   0   0   0   0   0   0   0   0   0  0.40 0.00
  126 S     1  -1   1   0  -1   0   0   0  -1  -2  -3   0  -2  -2  -1   4   1  -3  -2  -2    0   0   0   0   0   0   0   0   0   0   0   0   0   0   0 100   0   0   0   0  0.45 0.00
  127 V     0  -3  -3  -3  -1  -2  -3  -3  -3   3   1  -2   1  -1  -2  -2   0  -3  -1   4    0   0   0   0   0   0   0   0   0   0   0   0   0   0   0   0   0   0   0 100  0.34 0.00
  128 T     0  -1   0  -1  -1  -1  -1  -2  -2  -1  -1  -1  -1  -2  -1   1   5  -3  -2   0    0   0   0   0   0   0   0   0   0   0   0   0   0   0   0   0 100   0   0   0  0.47 0.00
  129 Y    -2  -2  -2  -3  -3  -1  -2  -3   2  -1  -1  -2  -1   3  -3  -2  -2   2   7  -1    0   0   0   0   0   0   0   0   0   0   0   0   0   0   0   0   0   0 100   0  0.85 0.00
  130 T     0  -1   0  -1  -1  -1  -1  -2  -2  -1  -1  -1  -1  -2  -1   1   5  -3  -2   0    0   0   0   0   0   0   0   0   0   0   0   0   0   0   0   0 100   0   0   0  0.47 0.00
  131 G     0  -2   0  -1  -3  -2  -2   6  -2  -4  -4  -2  -3  -3  -2   0  -2  -3  -3  -3    0   0   0   0   0   0   0 100   0   0   0   0   0   0   0   0   0   0   0   0  1.04 0.00
  132 F    -2  -3  -3  -4  -2  -3  -3  -3  -1   0   0  -3   0   6  -4  -2  -2   1   3  -1    0   0   0   0   0   0   0   0   0   0   0   0   0 100   0   0   0   0   0   0  0.73 0.00
  133 N    -2   0   6   1  -3   0   0   0   1  -3  -4   0  -2  -3  -2   1   0  -4  -2  -3    0   0 100   0   0   0   0   0   0   0   0   0   0   0   0   0   0   0   0   0  0.72 0.00
  134 P    -1  -2  -2  -2  -3  -1  -1  -2  -2  -3  -3  -1  -3  -4   8  -1  -1  -4  -3  -2    0   0   0   0   0   0   0   0   0   0   0   0   0   0 100   0   0   0   0   0  2.04 0.00
  135 V     0  -3  -3  -3  -1  -2  -3  -3  -3   3   1  -2   1  -1  -2  -2   0  -3  -1   4    0   0   0   0   0   0   0   0   0   0   0   0   0   0   0   0   0   0   0 100  0.34 0.00
  136 N    -2   0   6   1  -3   0   0   0   1  -3  -4   0  -2  -3  -2   1   0  -4  -2  -3    0   0 100   0   0   0   0   0   0   0   0   0   0   0   0   0   0   0   0   0  0.72 0.00
  137 L    -2  -2  -4  -4  -1  -2  -3  -4  -3   2   4  -3   2   0  -3  -3  -1  -2  -1   1    0   0   0   0   0   0   0   0   0   0 100   0   0   0   0   0   0   0   0   0  0.45 0.00
  138 K    -1   2   0  -1  -3   1   1  -2  -1  -3  -3   5  -1  -3  -1   0  -1  -3  -2  -2    0   0   0   0   0   0   0   0   0   0   0 100   0   0   0   0   0   0   0   0  0.51 0.00
  139 F    -2  -3  -3  -4  -2  -3  -3  -3  -1   0   0  -3   0   6  -4  -2  -2   1   3  -1    0   0   0   0   0   0   0   0   0   0   0   0   0 100   0   0   0   0   0   0  0.73 0.00
  140 G     0  -2   0  -1  -3  -2  -2   6  -2  -4  -4  -2  -3  -3  -2   0  -2  -3  -3  -3    0   0   0   0   0   0   0 100   0   0   0   0   0   0   0   0   0   0   0   0  1.04 0.00
  141 R    -1   6   0  -2  -4   1   0  -2   0  -3  -2   2  -1  -3  -2  -1  -1  -3  -2  -3    0 100   0   0   0   0   0   0   0   0   0   0   0   0   0   0   0   0   0   0  0.74 0.00
  142 F    -2  -3  -3  -4  -2  -3  -3  -3  -1   0   0  -3   0   6  -4  -2  -2   1   3  -1    0   0   0   0   0   0   0   0   0   0   0   0   0 100   0   0   0   0   0   0  0.73 0.00
  143 Y    -2  -2   0   4  -3  -1   0  -2   1  -2  -2  -1  -2   1  -2  -1  -1   0   5  -2    0   0   0  50   0   0   0   0   0   0   0   0   0   0   0   0   0   0  50   0  0.52 0.00
  144 T     0  -2  -1  -1  -2  -1  -1  -2  -2  -2  -2  -1  -1  -3   6   1   3  -3  -2  -1    0   0   0   0   0   0   0   0   0   0   0   0   0   0  50   0  50   0   0   0  0.90 0.00
  145 D    -2  -2   1   6  -4   0   2  -1  -1  -3  -4  -1  -3  -4  -2   0  -1  -4  -3  -3    0   0   0 100   0   0   0   0   0   0   0   0   0   0   0   0   0   0   0   0  0.92 0.00
  146 F    -2  -3  -3  -4  -2  -3  -3  -3  -1   0   0  -3   0   6  -4  -2  -2   1   3  -1    0   0   0   0   0   0   0   0   0   0   0   0   0 100   0   0   0   0   0   0  0.73 0.00
  147 G     0  -2   0  -1  -3  -2  -2   6  -2  -4  -4  -2  -3  -3  -2   0  -2  -3  -3  -3    0   0   0   0   0   0   0 100   0   0   0   0   0   0   0   0   0   0   0   0  1.04 0.00
  148 L    -2  -2  -4  -4  -1  -2  -3  -4  -3   2   4  -3   2   0  -3  -3  -1  -2  -1   1    0   0   0   0   0   0   0   0   0   0 100   0   0   0   0   0   0   0   0   0  0.45 0.00
  149 E    -1   0   0   2  -4   2   5  -2   0  -3  -3   1  -2  -3  -1   0  -1  -3  -2  -3    0   0   0   0   0   0 100   0   0   0   0   0   0   0   0   0   0   0   0   0  0.73 0.00
  150 K    -1   2   0  -1  -3   1   1  -2  -1  -3  -3   5  -1  -3  -1   0  -1  -3  -2  -2    0   0   0   0   0   0   0   0   0   0   0 100   0   0   0   0   0   0   0   0  0.51 0.00
  151 A     4  -1  -2  -2   0  -1  -1   0  -2  -1  -2  -1  -1  -2  -1   1   0  -3  -2   0  100   0   0   0   0   0   0   0   0   0   0   0   0   0   0   0   0   0   0   0  0.40 0.00
  152 T     0  -1   0  -1  -1  -1  -1  -2  -2  -1  -1  -1  -1  -2  -1   1   5  -3  -2   0    0   0   0   0   0   0   0   0   0   0   0   0   0   0   0   0 100   0   0   0  0.47 0.00
  153 S     1  -1   1   0  -1   0   0   0  -1  -2  -3   0  -2  -2  -1   4   1  -3  -2  -2    0   0   0   0   0   0   0   0   0   0   0   0   0   0   0 100   0   0   0   0  0.45 0.00
  154 S     1  -1   1   0  -1   0   0   0  -1  -2  -3   0  -2  -2  -1   4   1  -3  -2  -2    0   0   0   0   0   0   0   0   0   0   0   0   0   0   0 100   0   0   0   0  0.45 0.00
  155 K    -1   2   0  -1  -3   1   1  -2  -1  -3  -3   5  -1  -3  -1   0  -1  -3  -2  -2    0   0   0   0   0   0   0   0   0   0   0 100   0   0   0   0   0   0   0   0  0.51 0.00
  156 W    -3  -3  -4  -4  -2  -2  -3  -3  -2  -3  -2  -3  -1   1  -4  -3  -3  11   2  -3    0   0   0   0   0   0   0   0   0   0   0   0   0   0   0   0   0 100   0   0  2.30 0.00
  157 V     0  -3  -3  -3  -1  -2  -3  -3  -3   3   1  -2   1  -1  -2  -2   0  -3  -1   4    0   0   0   0   0   0   0   0   0   0   0   0   0   0   0   0   0   0   0 100  0.34 0.00
  158 T     0  -1   0  -1  -1  -1  -1  -2  -2  -1  -1  -1  -1  -2  -1   1   5  -3  -2   0    0   0   0   0   0   0   0   0   0   0   0   0   0   0   0   0 100   0   0   0  0.47 0.00
  159 A     4  -1  -2  -2   0  -1  -1   0  -2  -1  -2  -1  -1  -2  -1   1   0  -3  -2   0  100   0   0   0   0   0   0   0   0   0   0   0   0   0   0   0   0   0   0   0  0.40 0.00
  160 L    -1  -2  -3  -2  -2  -2  -2  -3  -3   0   2  -2   1  -1   6  -2  -1  -3  -2   0    0   0   0   0   0   0   0   0   0   0  50   0   0   0  50   0   0   0   0   0  0.80 0.00
  161 E    -1   0   0   2  -4   2   5  -2   0  -3  -3   1  -2  -3  -1   0  -1  -3  -2  -3    0   0   0   0   0   0 100   0   0   0   0   0   0   0   0   0   0   0   0   0  0.73 0.00
  162 R    -1   6   0  -2  -4   1   0  -2   0  -3  -2   2  -1  -3  -2  -1  -1  -3  -2  -3    0 100   0   0   0   0   0   0   0   0   0   0   0   0   0   0   0   0   0   0  0.74 0.00
  163 N    -2   0   6   1  -3   0   0   0   1  -3  -4   0  -2  -3  -2   1   0  -4  -2  -3    0   0 100   0   0   0   0   0   0   0   0   0   0   0   0   0   0   0   0   0  0.72 0.00
  164 L     2  -2  -2  -3  -1  -1  -2  -1  -2   0   2  -2   1  -1  -2   0  -1  -2  -1   0   50   0   0   0   0   0   0   0   0   0  50   0   0   0   0   0   0   0   0   0  0.20 0.01
  165 T     3  -1  -1  -1  -1  -1  -1  -1  -2  -1  -1  -1  -1  -2  -1   1   3  -3  -2   0   50   0   0   0   0   0   0   0   0   0   0   0   0   0   0   0  50   0   0   0  0.31 0.00
  166 Y    -2  -2  -2  -3  -3  -1  -2  -3   2  -1  -1  -2  -1   3  -3  -2  -2   2   7  -1    0   0   0   0   0   0   0   0   0   0   0   0   0   0   0   0   0   0 100   0  0.85 0.00
  167 D    -1  -1   1   5  -4   1   4  -2  -1  -3  -3   0  -3  -3  -1   0  -1  -4  -3  -3    0   0   0  50   0   0  50   0   0   0   0   0   0   0   0   0   0   0   0   0  0.69 0.00
  168 I    -1  -3  -3  -3  -1  -3  -3  -4  -3   3   3  -3   2   0  -3  -2  -1  -2  -1   2    0   0   0   0   0   0   0   0   0  50  50   0   0   0   0   0   0   0   0   0  0.36 0.01
  169 A     4  -1  -2  -2   0  -1  -1   0  -2  -1  -2  -1  -1  -2  -1   1   0  -3  -2   0  100   0   0   0   0   0   0   0   0   0   0   0   0   0   0   0   0   0   0   0  0.40 0.00
  170 D    -2  -2   1   6  -4   0   2  -1  -1  -3  -4  -1  -3  -4  -2   0  -1  -4  -3  -3    0   0   0 100   0   0   0   0   0   0   0   0   0   0   0   0   0   0   0   0  0.92 0.00
  171 W    -3  -3  -4  -4  -2  -2  -3  -3  -2  -3  -2  -3  -1   1  -4  -3  -3  11   2  -3    0   0   0   0   0   0   0   0   0   0   0   0   0   0   0   0   0 100   0   0  2.30 0.00
  172 V    -1  -3  -3  -3  -1  -3  -3  -4  -3   3   1  -3   1  -1  -3  -2   0  -3  -1   3    0   0   0   0   0   0   0   0   0  50   0   0   0   0   0   0   0   0   0  50  0.34 0.00
  173 N    -2   0   6   1  -3   0   0   0   1  -3  -4   0  -2  -3  -2   1   0  -4  -2  -3    0   0 100   0   0   0   0   0   0   0   0   0   0   0   0   0   0   0   0   0  0.72 0.00
  174 D    -1  -1   1   4  -2  -1   1  -1  -1  -2  -2  -1  -2  -3  -1   1   3  -3  -2  -1    0   0   0  50   0   0   0   0   0   0   0   0   0   0   0   0  50   0   0   0  0.45 0.00
  175 N    -2   0   4   0  -3   0   0  -1   6  -3  -3   0  -2  -2  -2   0  -1  -3   0  -3    0   0  50   0   0   0   0   0  50   0   0   0   0   0   0   0   0   0   0   0  0.58 0.00
  176 V     0   0  -1  -1  -2   4   0  -2  -1   1   0   0   0  -2  -2  -1   0  -2  -1   2    0   0   0   0   0  50   0   0   0   0   0   0   0   0   0   0   0   0   0  50  0.22 0.00
  177 G     0  -2   0  -1  -3  -2  -2   6  -2  -4  -4  -2  -3  -3  -2   0  -2  -3  -3  -3    0   0   0   0   0   0   0 100   0   0   0   0   0   0   0   0   0   0   0   0  1.04 0.00
  178 T     0  -1  -1  -2  -1  -1  -1  -2  -2   0   1  -1   4  -1  -2   0   3  -2  -1   0    0   0   0   0   0   0   0   0   0   0   0   0  50   0   0   0  50   0   0   0  0.24 0.00
  179 G     0  -2   0  -1  -3  -2  -2   6  -2  -4  -4  -2  -3  -3  -2   0  -2  -3  -3  -3    0   0   0   0   0   0   0 100   0   0   0   0   0   0   0   0   0   0   0   0  1.04 0.00
  180 I     2  -2  -2  -2  -1  -2  -2  -1  -2   3   0  -2   0  -1  -2   0   0  -3  -2   2   50   0   0   0   0   0   0   0   0  50   0   0   0   0   0   0   0   0   0   0  0.19 0.00
  181 Q    -1   1   0   0  -3   5   2  -2   0  -3  -2   1   0  -3  -1   0  -1  -2  -1  -2    0   0   0   0   0 100   0   0   0   0   0   0   0   0   0   0   0   0   0   0  0.65 0.00
  182 A     3  -2  -2  -2  -1  -1  -2  -1  -2   1   0  -1   0  -2  -2   0   0  -3  -2   3   50   0   0   0   0   0   0   0   0   0   0   0   0   0   0   0   0   0   0  50  0.21 0.00
  183 S     0  -1   4   1  -2   0   0   0   0  -3  -3   0  -2  -3  -1   3   1  -3  -2  -2    0   0  50   0   0   0   0   0   0   0   0   0   0   0   0  50   0   0   0   0  0.45 0.00
  184 S     1  -1   1   0  -1   0   0   0  -1  -2  -3   0  -2  -2  -1   4   1  -3  -2  -2    0   0   0   0   0   0   0   0   0   0   0   0   0   0   0 100   0   0   0   0  0.45 0.00
  185 V     0  -2  -1  -2  -1  -1  -2  -2  -2   1   0  -1   0  -1  -2   0   3  -3  -1   3    0   0   0   0   0   0   0   0   0   0   0   0   0   0   0   0  50   0   0  50  0.25 0.00
  186 V    -1  -2  -3  -3  -1  -2  -3  -3  -3   2   3  -2   1   0  -3  -2  -1  -2  -1   3    0   0   0   0   0   0   0   0   0   0  50   0   0   0   0   0   0   0   0  50  0.32 0.01
  187 G     3  -2  -1  -2  -1  -1  -1   4  -2  -2  -2  -1  -2  -3  -1   1  -1  -3  -2  -1   50   0   0   0   0   0   0  50   0   0   0   0   0   0   0   0   0   0   0   0  0.51 0.00
  188 G    -1  -2   1   4  -3  -1   0   4  -2  -4  -4  -1  -3  -3  -2   0  -1  -3  -3  -3    0   0   0  50   0   0   0  50   0   0   0   0   0   0   0   0   0   0   0   0  0.66 0.00
  189 M    -1  -1  -2  -3  -1   0  -2  -3  -2   1   2  -1   6   0  -3  -2  -1  -1  -1   1    0   0   0   0   0   0   0   0   0   0   0   0 100   0   0   0   0   0   0   0  0.34 0.00
  190 A     4  -1  -2  -2   0  -1  -1   0  -2  -1  -2  -1  -1  -2  -1   1   0  -3  -2   0  100   0   0   0   0   0   0   0   0   0   0   0   0   0   0   0   0   0   0   0  0.40 0.00
  191 F    -2  -2  -3  -3  -2  -2  -3  -3   1  -1   0  -2   0   5  -3  -2  -2   2   6  -1    0   0   0   0   0   0   0   0   0   0   0   0   0  50   0   0   0   0  50   0  0.69 0.00
  192 L    -2  -2  -4  -4  -1  -2  -3  -4  -3   2   4  -3   2   0  -3  -3  -1  -2  -1   1    0   0   0   0   0   0   0   0   0   0 100   0   0   0   0   0   0   0   0   0  0.45 0.00
  193 S     1  -1   1   0  -1   0   0   0  -1  -2  -3   0  -2  -2  -1   4   1  -3  -2  -2    0   0   0   0   0   0   0   0   0   0   0   0   0   0   0 100   0   0   0   0  0.45 0.00
  194 G     3  -2  -1  -2  -1  -1  -1   4  -2  -2  -2  -1  -2  -3  -1   1  -1  -3  -2  -1   50   0   0   0   0   0   0  50   0   0   0   0   0   0   0   0   0   0   0   0  0.51 0.00
  195 S     1  -1   0  -1  -2  -1  -1   4  -1  -3  -3  -1  -2  -3  -1   3   0  -3  -2  -2    0   0   0   0   0   0   0  50   0   0   0   0   0   0   0  50   0   0   0   0  0.52 0.00
  196 V     0  -3  -3  -3  -1  -2  -3  -3  -3   3   1  -2   1  -1  -2  -2   0  -3  -1   4    0   0   0   0   0   0   0   0   0   0   0   0   0   0   0   0   0   0   0 100  0.34 0.00
  197 F     0  -2  -1  -1  -2  -1  -1  -1  -1  -1  -1  -1  -1   4  -2   2   0   0   2  -1    0   0   0   0   0   0   0   0   0   0   0   0   0  50   0  50   0   0   0   0  0.28 0.00
  198 S     3  -1   0  -1  -1   0  -1   0  -1  -2  -2   0  -1  -2  -1   3   1  -3  -2  -1   50   0   0   0   0   0   0   0   0   0   0   0   0   0   0  50   0   0   0   0  0.35 0.00
  199 E    -1   1   0   1  -3   2   4  -2   0  -3  -3   3  -2  -3  -1   0  -1  -3  -2  -2    0   0   0   0   0   0  50   0   0   0   0  50   0   0   0   0   0   0   0   0  0.50 0.00
  200 N    -2  -1   4   4  -3   0   1  -1   0  -3  -4   0  -3  -3  -2   0  -1  -4  -3  -3    0   0  50  50   0   0   0   0   0   0   0   0   0   0   0   0   0   0   0   0  0.66 0.00
  201 N     2  -1   4   0  -1   0  -1   0   0  -2  -2   0  -2  -3  -1   1   0  -3  -2  -1   50   0  50   0   0   0   0   0   0   0   0   0   0   0   0   0   0   0   0   0  0.35 0.00
  202 N    -2  -1   4   4  -3   0   1  -1   0  -3  -4   0  -3  -3  -2   0  -1  -4  -3  -3    0   0  50  50   0   0   0   0   0   0   0   0   0   0   0   0   0   0   0   0  0.66 0.00
  203 D    -2  -2   1   6  -4   0   2  -1  -1  -3  -4  -1  -3  -4  -2   0  -1  -4  -3  -3    0   0   0 100   0   0   0   0   0   0   0   0   0   0   0   0   0   0   0   0  0.92 0.00
  204 T     1  -1   0  -1  -1   0  -1  -1  -1  -1  -2   0  -1  -2  -1   3   4  -3  -2  -1    0   0   0   0   0   0   0   0   0   0   0   0   0   0   0  50  50   0   0   0  0.38 0.00
  205 D    -2  -2   1   6  -4   0   2  -1  -1  -3  -4  -1  -3  -4  -2   0  -1  -4  -3  -3    0   0   0 100   0   0   0   0   0   0   0   0   0   0   0   0   0   0   0   0  0.92 0.00
  206 G     0  -2   0  -1  -3  -2  -2   6  -2  -4  -4  -2  -3  -3  -2   0  -2  -3  -3  -3    0   0   0   0   0   0   0 100   0   0   0   0   0   0   0   0   0   0   0   0  1.04 0.00
  207 D    -2  -2   1   6  -4   0   2  -1  -1  -3  -4  -1  -3  -4  -2   0  -1  -4  -3  -3    0   0   0 100   0   0   0   0   0   0   0   0   0   0   0   0   0   0   0   0  0.92 0.00
  208 S     1  -1   1   0  -1   0   0   0  -1  -2  -3   0  -2  -2  -1   4   1  -3  -2  -2    0   0   0   0   0   0   0   0   0   0   0   0   0   0   0 100   0   0   0   0  0.45 0.00
  209 V     0  -3  -3  -3  -1  -2  -3  -3  -3   3   1  -2   1  -1  -2  -2   0  -3  -1   4    0   0   0   0   0   0   0   0   0   0   0   0   0   0   0   0   0   0   0 100  0.34 0.00
  210 K    -1   2   0  -1  -3   1   1  -2  -1  -3  -3   5  -1  -3  -1   0  -1  -3  -2  -2    0   0   0   0   0   0   0   0   0   0   0 100   0   0   0   0   0   0   0   0  0.51 0.00
  211 R    -1   4   0  -1  -3   4   1  -2   0  -3  -2   2  -1  -3  -2   0  -1  -2  -2  -2    0  50   0   0   0  50   0   0   0   0   0   0   0   0   0   0   0   0   0   0  0.56 0.00
  212 Y    -2  -2  -3  -3  -2  -2  -3  -3   1  -1   0  -2   0   5  -3  -2  -2   2   6  -1    0   0   0   0   0   0   0   0   0   0   0   0   0  50   0   0   0   0  50   0  0.69 0.00
  213 N    -2   0   6   1  -3   0   0   0   1  -3  -4   0  -2  -3  -2   1   0  -4  -2  -3    0   0 100   0   0   0   0   0   0   0   0   0   0   0   0   0   0   0   0   0  0.72 0.00
  214 L    -2  -3  -3  -4  -2  -3  -3  -4  -2   3   2  -3   1   3  -3  -2  -1  -1   1   1    0   0   0   0   0   0   0   0   0  41  29   0   0  29   0   0   0   0   0   0  0.33 0.00
  215 R    -2   6  -1  -2  -4   1   0  -2   0  -3  -2   2  -1  -3  -2  -1  -1  -3  -2  -3    0 100   0   0   0   0   0   0   0   0   0   0   0   0   0   0   0   0   0   0  0.77 0.01
  216 G     2  -2  -1  -2  -2  -1  -2   4  -2  -3  -3  -1  -2  -3  -2   0  -1  -3  -3  -2   41   0   0   0   0   0   0  59   0   0   0   0   0   0   0   0   0   0   0   0  0.59 0.00
  217 V    -1  -3  -3  -3  -1  -3  -3  -4  -3   3   1  -3   1  -1  -3  -2   0  -3  -1   3    0   0   0   0   0   0   0   0   0  41   0   0   0   0   0   0   0   0   0  59  0.35 0.01
  218 F    -2  -3  -3  -4  -2  -3  -3  -3  -2  -1   0  -3  -1   5  -4  -3  -2   8   3  -2    0   0   0   0   0   0   0   0   0   0   0   0   0  59   0   0   0  41   0   0  1.11 0.01
  219 A     3  -1  -1  -2  -1  -1  -1   0  -2  -1  -1  -1  -1  -2  -1   1   3  -3  -2   0   59   0   0   0   0   0   0   0   0   0   0   0   0   0   0   0  41   0   0   0  0.32 0.01
  220 P    -1  -2  -2  -2  -3  -1  -1  -2  -2  -3  -3  -1  -3  -4   8  -1  -1  -4  -3  -2    0   0   0   0   0   0   0   0   0   0   0   0   0   0 100   0   0   0   0   0  2.06 0.01
  221 L    -2  -2  -3  -4  -2  -2  -3  -3  -2   1   2  -2   3   4  -3  -2  -1   0   1   0    0   0   0   0   0   0   0   0   0   0  29   0  29  41   0   0   0   0   0   0  0.36 0.01
  222 H    -1   1   0  -1  -3   1   0  -2   6  -3  -3   3  -2  -2  -2  -1  -1  -3   1  -3    0   0   0   0   0   0   0   0  59   0   0  41   0   0   0   0   0   0   0   0  0.54 0.01
  223 E    -1  -1   0   1  -2   1   4  -2  -1  -2  -2   0  -1  -3  -1   1   3  -3  -2  -1    0   0   0   0   0   0  59   0   0   0   0   0   0   0   0   0  41   0   0   0  0.43 0.01
  224 P     2  -2  -1  -1  -1  -1  -1  -1  -2  -1  -2  -1  -1  -3   4   1   3  -3  -2  -1   29   0   0   0   0   0   0   0   0   0   0   0   0   0  29   0  41   0   0   0  0.52 0.00
  225 G     0  -2   0  -1  -3  -2  -2   6  -2  -4  -4  -2  -3  -3  -2   0  -2  -3  -3  -3    0   0   0   0   0   0   0 100   0   0   0   0   0   0   0   0   0   0   0   0  1.06 0.01
  226 N    -2  -1   5   4  -3   0   1  -1   0  -3  -4   0  -3  -3  -2   0   0  -4  -3  -3    0   0  59  41   0   0   0   0   0   0   0   0   0   0   0   0   0   0   0   0  0.66 0.01
  227 V     0  -3  -3  -3  -1  -2  -3  -3  -3   3   1  -2   1  -1  -2  -2   0  -3  -1   4    0   0   0   0   0   0   0   0   0   0   0   0   0   0   0   0   0   0   0 100  0.36 0.01
  228 V    -1  -2  -3  -4  -1  -2  -3  -4  -3   2   3  -3   2   0  -3  -2  -1  -2  -1   2    0   0   0   0   0   0   0   0   0   0  71   0   0   0   0   0   0   0   0  29  0.36 0.00
  229 H    -2   0   1  -1  -3   0   0  -2   8  -3  -3  -1  -2  -1  -2  -1  -2  -2   2  -3    0   0   0   0   0   0   0   0 100   0   0   0   0   0   0   0   0   0   0   0  0.91 0.01
  230 L    -1  -2  -3  -4  -1  -2  -3  -4  -3   2   3  -3   2   0  -3  -2  -1  -2  -1   2    0   0   0   0   0   0   0   0   0   0  71   0   0   0   0   0   0   0   0  29  0.36 0.00
  231 G     0  -2   0  -1  -3  -2  -2   6  -2  -4  -4  -2  -3  -3  -2   0  -2  -3  -3  -3    0   0   0   0   0   0   0 100   0   0   0   0   0   0   0   0   0   0   0   0  1.06 0.01
  232 L    -1  -3  -3  -3  -1  -2  -3  -3  -3   2   2  -2   1   0  -3  -2   0  -3  -1   3    0   0   0   0   0   0   0   0   0   0  29   0   0   0   0   0   0   0   0  71  0.32 0.01
  233 Q     0   0   3   0  -2   3   1  -1   0  -3  -3   0  -1  -3  -1   2   0  -3  -2  -2    0   0  29   0   0  29   0   0   0   0   0   0   0   0   0  41   0   0   0   0  0.38 0.01
  234 Y    -2  -2  -2  -3  -3  -2  -2  -3   2  -1  -1  -2  -1   3  -3  -2  -2   2   7  -1    0   0   0   0   0   0   0   0   0   0   0   0   0   0   0   0   0   0 100   0  0.90 0.01
  235 A     3  -1   0  -1  -1  -1  -1   0  -1  -2  -2  -1  -1  -2  -1   3   1  -3  -2  -1   59   0   0   0   0   0   0   0   0   0   0   0   0   0   0  41   0   0   0   0  0.35 0.01
  236 Y    -1   0  -1  -2  -3   3   0  -3   1  -2  -2   0  -1   2  -2  -1  -1   1   5  -2    0   0   0   0   0  41   0   0   0   0   0   0   0   0   0   0   0   0  59   0  0.51 0.01
  237 R    -1   4   0   0  -4   1   3  -2   0  -3  -3   2  -2  -3  -2  -1  -1  -3  -2  -3    0  59   0   0   0   0  41   0   0   0   0   0   0   0   0   0   0   0   0   0  0.57 0.01
  238 D    -2  -1   4   5  -3   0   1  -1   0  -3  -4  -1  -3  -3  -2   0  -1  -4  -3  -3    0   0  41  59   0   0   0   0   0   0   0   0   0   0   0   0   0   0   0   0  0.70 0.01
  239 L    -1  -2  -3  -3  -2  -2  -2  -3  -3   0   3  -2   1  -1   5  -2  -1  -2  -2   0    0   0   0   0   0   0   0   0   0   0  59   0   0   0  41   0   0   0   0   0  0.67 0.01
  240 E    -1   4   0   3  -4   1   3  -2   0  -3  -3   1  -2  -3  -2   0  -1  -3  -2  -3    0  41   0  29   0   0  29   0   0   0   0   0   0   0   0   0   0   0   0   0  0.51 0.00
  241 D    -2  -1   1   5  -3   0   1  -2   5  -3  -3  -1  -2  -2  -2  -1  -1  -3   0  -3    0   0   0  59   0   0   0   0  41   0   0   0   0   0   0   0   0   0   0   0  0.65 0.01
  242 S     0  -1   4   0  -2   0   0  -1   0  -2  -2   0  -2  -3  -1   2   3  -3  -2  -2    0   0  41   0   0   0   0   0   0   0   0   0   0   0   0  29  29   0   0   0  0.39 0.00
  243 A     3  -2  -1  -2  -1  -1  -1   4  -2  -2  -2  -1  -2  -3  -1   1  -1  -3  -2  -1   59   0   0   0   0   0   0  41   0   0   0   0   0   0   0   0   0   0   0   0  0.47 0.00
  244 V     0  -2  -1  -2  -1  -1  -1  -2  -2   0   0  -1   0   3  -2   2   0  -1   1   1    0   0   0   0   0   0   0   0   0   0   0   0   0  29   0  41   0   0   0  29  0.15 0.00
  245 D    -2  -1   4   5  -3   0   1  -1   0  -3  -4  -1  -3  -3  -2   0  -1  -4  -3  -3    0   0  41  59   0   0   0   0   0   0   0   0   0   0   0   0   0   0   0   0  0.70 0.01
  246 T     0  -2  -1  -1  -1  -1  -1  -2  -2   1   0  -1   0  -2  -2   2   3  -3  -2   2    0   0   0   0   0   0   0   0   0   0   0   0   0   0   0  29  29   0   0  41  0.20 0.00
  247 R     0   4   0  -1  -2   1   0  -1  -1  -3  -2   1  -1  -3  -2   2   0  -3  -2  -2    0  59   0   0   0   0   0   0   0   0   0   0   0   0   0  41   0   0   0   0  0.44 0.01
  248 I    -2  -3  -3  -3  -2  -3  -3  -4  -2   3   1  -3   1   4  -3  -2  -1  -1   1   2    0   0   0   0   0   0   0   0   0  59   0   0   0  41   0   0   0   0   0   0  0.36 0.01
  249 R     0   4   0  -1  -2   1   0  -1  -1  -3  -2   1  -1  -3  -2   2   0  -3  -2  -2    0  59   0   0   0   0   0   0   0   0   0   0   0   0   0  41   0   0   0   0  0.44 0.01
  250 P    -1  -2  -2  -2  -3  -1  -1  -2  -2  -3  -3  -1  -3  -4   8  -1  -1  -4  -3  -2    0   0   0   0   0   0   0   0   0   0   0   0   0   0 100   0   0   0   0   0  2.06 0.01
  251 R    -2   6  -1  -2  -4   1   0  -2   0  -3  -2   2  -1  -3  -2  -1  -1  -3  -2  -3    0 100   0   0   0   0   0   0   0   0   0   0   0   0   0   0   0   0   0   0  0.77 0.01
  252 M    -1  -2  -1  -2  -1  -1  -2  -2  -2   1   2  -1   3  -1  -2   0   3  -2  -1   0    0   0   0   0   0   0   0   0   0   0  29   0  29   0   0   0  41   0   0   0  0.22 0.01
  253 G     0   3   0  -2  -3   0  -1   4  -1  -4  -3   1  -2  -3  -2  -1  -1  -3  -3  -3    0  41   0   0   0   0   0  59   0   0   0   0   0   0   0   0   0   0   0   0  0.60 0.01
  254 M    -1  -2  -3  -3  -1  -1  -2  -3  -2   2   2  -2   5   0  -3  -2   0  -2  -1   3    0   0   0   0   0   0   0   0   0   0   0   0  59   0   0   0   0   0   0  41  0.28 0.01
  255 R    -2   6  -1  -2  -4   1   0  -2   0  -3  -2   2  -1  -3  -2  -1  -1  -3  -2  -3    0 100   0   0   0   0   0   0   0   0   0   0   0   0   0   0   0   0   0   0  0.77 0.01
  256 G     2  -2  -1  -2  -2  -1  -2   4  -2  -3  -3  -1  -2  -3  -2   0  -1  -3  -3  -2   41   0   0   0   0   0   0  59   0   0   0   0   0   0   0   0   0   0   0   0  0.59 0.00
  257 V    -1   3  -2  -3  -2  -1  -1  -3  -2   2   0   0   0  -1  -2  -1  -1  -3  -2   2    0  41   0   0   0   0   0   0   0  29   0   0   0   0   0   0   0   0   0  29  0.22 0.00
  258 S     2  -2  -1  -1  -1  -1  -1  -1  -2  -2  -2  -1  -2  -3   5   2   0  -3  -2  -1   29   0   0   0   0   0   0   0   0   0   0   0   0   0  41  29   0   0   0   0  0.72 0.00
  259 T     0  -1   0   0  -2   1   3  -2  -1  -2  -2   0  -1  -3  -1   1   3  -3  -2  -1    0   0   0   0   0   0  41   0   0   0   0   0   0   0   0   0  59   0   0   0  0.39 0.01
  260 N     1  -1   3   0  -1   0   0   0   0  -3  -3   0  -2  -3  -1   3   1  -3  -2  -2    0   0  29   0   0   0   0   0   0   0   0   0   0   0   0  71   0   0   0   0  0.42 0.01
  261 G     0  -2   0  -1  -3  -2  -2   6  -2  -4  -4  -2  -3  -3  -2   0  -2  -3  -3  -3    0   0   0   0   0   0   0 100   0   0   0   0   0   0   0   0   0   0   0   0  1.06 0.01
  262 G     0  -2  -1  -2  -2  -2  -3   4  -2   0   2  -2   0  -1  -3  -1  -1  -2  -2  -1    0   0   0   0   0   0   0  59   0   0  41   0   0   0   0   0   0   0   0   0  0.43 0.00
  263 N    -1  -1   5   1  -2   0  -1  -1   0  -2  -2   0  -2  -3  -2   1   3  -3  -2  -1    0   0  59   0   0   0   0   0   0   0   0   0   0   0   0   0  41   0   0   0  0.46 0.01
  264 D    -2  -2   1   6  -4   0   2  -1  -1  -3  -4  -1  -3  -4  -2   0  -1  -4  -3  -3    0   0   0 100   0   0   0   0   0   0   0   0   0   0   0   0   0   0   0   0  0.95 0.01
  265 A     3  -2  -2  -2  -1  -1  -1  -1  -2   1   0  -1   0  -2  -1   0   0  -3  -2   2   59   0   0   0   0   0   0   0   0   0   0   0   0   0   0   0   0   0   0  41  0.23 0.00
  266 G     0  -1   0  -1  -1  -1  -1   4  -1  -2  -2  -1  -1  -2  -1   0  -1  -1  -2  -2    3   2   2   2   1   2   3  62   1   2   4   2   1   2   2   3   2   1   1   3  0.43 0.00
  267 S     0  -1   1   3  -1   0   1   0  -1  -2  -2   0  -1  -2   0   2   0  -2  -1  -1    3   2   2  32   1   2   3   3   1   2   4   2   1   2   2  32   2   1   1   3  0.21 0.00
  268 N    -1   0   5   1  -2   0   0   0   0  -2  -2   0  -1  -2  -1   0   0  -2  -1  -2    3   2  60   2   1   2   3   3   1   2   4   2   1   2   2   3   2   1   1   3  0.31 0.00
  269 G     0  -1   0  -1  -1  -1  -1   4  -1  -2  -2  -1  -1  -2  -1   0  -1  -1  -2  -2    3   2   2   2   1   2   3  62   1   2   4   2   1   2   2   3   2   1   1   3  0.43 0.00
  270 N    -1   0   5   1  -2   0   0   0   0  -2  -2   0  -1  -2  -1   0   0  -2  -1  -2    3   2  60   2   1   2   3   3   1   2   4   2   1   2   2   3   2   1   1   3  0.31 0.00
  271 R    -2   6  -1  -2  -4   1   0  -2   0  -3  -2   2  -1  -3  -2  -1  -1  -3  -2  -3    0 100   0   0   0   0   0   0   0   0   0   0   0   0   0   0   0   0   0   0  0.77 0.01
  272 G     2  -2  -2  -2  -1  -2  -2   3  -2   0   2  -2   0  -1  -2   0  -1  -2  -2   0   29   0   0   0   0   0   0  29   0   0  41   0   0   0   0   0   0   0   0   0  0.21 0.00
  273 L    -1  -2  -2  -3  -1  -2  -2  -3  -3   3   2  -2   1   0  -2  -1   2  -2  -1   2    0   0   0   0   0   0   0   0   0  41  29   0   0   0   0   0  29   0   0   0  0.23 0.00
  274 F    -2  -2  -1   4  -3  -2   0  -2  -1  -1  -1  -2  -1   5  -3  -1  -2   0   2  -2    0   0   0  41   0   0   0   0   0   0   0   0   0  59   0   0   0   0   0   0  0.44 0.01
  275 G     1  -2   0  -1  -2  -1  -1   4  -2  -3  -3  -1  -2  -3  -2   2   0  -3  -3  -3    0   0   0   0   0   0   0  59   0   0   0   0   0   0   0  41   0   0   0   0  0.59 0.01
  276 G     0  -2   0  -1  -3  -2  -2   6  -2  -4  -4  -2  -3  -3  -2   0  -2  -3  -3  -3    0   0   0   0   0   0   0 100   0   0   0   0   0   0   0   0   0   0   0   0  1.06 0.01
  277 S     1  -1   0  -1  -1   0   0  -1  -1  -2  -2   0  -1  -2  -1   3   3  -3  -2  -1    0   0   0   0   0   0   0   0   0   0   0   0   0   0   0  59  41   0   0   0  0.39 0.01
  278 S     0  -1   3  -1  -2  -1  -1  -1  -1   0   2  -1   0  -1  -2   2   0  -3  -2  -1    0   0  29   0   0   0   0   0   0   0  41   0   0   0   0  29   0   0   0   0  0.16 0.00
  279 A     2  -2  -1  -2  -1  -1  -1  -1  -2   1  -1  -1   0  -2  -1   2   0  -3  -2   2   29   0   0   0   0   0   0   0   0   0   0   0   0   0   0  29   0   0   0  41  0.18 0.00
  280 V     0  -2  -3  -3  -1  -2  -2  -3  -3   2   0  -2   0  -2   4  -1   0  -3  -2   3    0   0   0   0   0   0   0   0   0   0   0   0   0   0  29   0   0   0   0  71  0.48 0.01
  281 E     1  -1   0   4  -2   0   3  -1  -1  -3  -3   0  -2  -3  -1   0  -1  -3  -2  -2   29   0   0  41   0   0  29   0   0   0   0   0   0   0   0   0   0   0   0   0  0.44 0.00
  282 G     0   0   0  -1  -3   0  -1   4  -1  -3  -3   3  -2  -3  -2   0  -1  -3  -3  -3    0   0   0   0   0   0   0  59   0   0   0  41   0   0   0   0   0   0   0   0  0.55 0.01
  283 L     0  -2  -2  -2  -1  -2  -2  -2  -2   3   2  -2   1   0  -2   1   0  -2  -1   1    0   0   0   0   0   0   0   0   0  41  29   0   0   0   0  29   0   0   0   0  0.17 0.00
  284 W    -2   0  -1  -2  -3   3   0  -2   0  -2  -2   0  -1   1  -2  -1  -1   7   4  -2    0   0   0   0   0  41   0   0   0   0   0   0   0   0   0   0   0  29  29   0  0.71 0.01
  285 K    -1   4   0  -1  -3   1   0  -2  -1  -3  -2   4  -1  -3  -1   0  -1  -3  -2  -2    0  41   0   0   0   0   0   0   0   0   0  59   0   0   0   0   0   0   0   0  0.55 0.01
  286 D    -2  -1   4   5  -3   0   1  -1   0  -3  -4  -1  -3  -3  -2   0  -1  -4  -3  -3    0   0  41  59   0   0   0   0   0   0   0   0   0   0   0   0   0   0   0   0  0.70 0.01
  287 D    -1  -1   1   5  -2   0   1  -1  -1  -2  -2   0  -2  -2  -1   0  -1  -2  -2  -2    3   2   2  61   1   2   3   3   1   2   4   2   1   2   2   3   2   1   1   3  0.40 0.00
  288 S     1   0   0   0  -1   0   0   0  -1  -1  -1   0  -1  -1   0   3   1  -1  -1  -1    3   2   2   2   1   2   3   3   1   2   4   2   1   2   2  62   2   1   1   3  0.21 0.00
  289 V     0  -1  -1  -1  -1  -1  -1  -1  -2   2   0  -1   0  -1  -1  -1   0  -1  -1   3    3   2   2   2   1   2   3   3   1   2   4   2   1   2   2   3   2   1   1  61  0.10 0.00
  290 W    -1  -1  -2  -2  -1  -1  -1  -1  -1  -1  -1  -1  -1   0  -1  -1  -1   9   1  -2    3   2   2   2   1   2   3   3   1   2   4   2   1   2   2   3   2  59   1   3  1.07 0.01
  291 G     0  -2   0  -1  -3  -2  -2   6  -2  -4  -4  -2  -3  -3  -2   0  -2  -3  -3  -3    0   0   0   0   0   0   0 100   0   0   0   0   0   0   0   0   0   0   0   0  1.06 0.01
  292 L    -2  -2  -4  -4  -1  -2  -3  -4  -3   2   4  -3   2   0  -3  -3  -1  -2  -1   1    0   0   0   0   0   0   0   0   0   0 100   0   0   0   0   0   0   0   0   0  0.47 0.01
  293 E    -1   0   0   2  -4   2   5  -2   0  -3  -3   1  -2  -3  -1   0  -1  -3  -2  -3    0   0   0   0   0   0 100   0   0   0   0   0   0   0   0   0   0   0   0   0  0.75 0.01
  294 G     0  -1   0  -1  -3   3   0   4  -1  -3  -3   0  -2  -3  -2   0  -1  -2  -2  -3    0   0   0   0   0  41   0  59   0   0   0   0   0   0   0   0   0   0   0   0  0.59 0.01
  295 A     3  -2  -2  -2  -1  -1  -2  -1  -2   0   2  -1   1  -1  -2   0  -1  -2  -2   0   59   0   0   0   0   0   0   0   0   0  41   0   0   0   0   0   0   0   0   0  0.21 0.00
  296 W    -3  -3  -4  -4  -2  -2  -3  -3  -3  -3  -2  -3  -2   1  -4  -3  -3  11   2  -3    0   0   0   0   0   0   0   0   0   0   0   0   0   0   0   0   0 100   0   0  2.37 0.02
  297 A     3  -2  -2  -2  -1  -2  -2  -1  -2   2   0  -1   0  -1  -2   0   0  -3  -2   1   59   0   0   0   0   0   0   0   0  41   0   0   0   0   0   0   0   0   0   0  0.20 0.00
  298 L    -1  -1  -1  -2  -2   0  -1  -3   5   0   2  -1   3   0  -3  -2  -1  -2   0   0    0   0   0   0   0   0   0   0  41   0  29   0  29   0   0   0   0   0   0   0  0.29 0.01
  299 G     0  -2   0  -1  -3  -2  -2   6  -2  -4  -4  -2  -3  -3  -2   0  -2  -3  -3  -3    0   0   0   0   0   0   0 100   0   0   0   0   0   0   0   0   0   0   0   0  1.06 0.01
  300 A     2  -2  -2  -2  -2  -1  -1  -1  -2  -2  -3  -1  -2  -3   7   0  -1  -3  -3  -2   29   0   0   0   0   0   0   0   0   0   0   0   0   0  71   0   0   0   0   0  1.31 0.01
  301 F    -2  -3  -3  -4  -2  -3  -3  -3  -2   1   2  -3   1   5  -3  -3  -2   0   2   0    0   0   0   0   0   0   0   0   0   0  41   0   0  59   0   0   0   0   0   0  0.47 0.01
  302 S     0  -1  -1  -1  -1  -1  -1  -1  -2   0   2  -1   0  -1  -2   3   1  -2  -1   0    0   0   0   0   0   0   0   0   0   0  41   0   0   0   0  59   0   0   0   0  0.19 0.01
  303 A     3  -2  -2  -2  -1  -1  -1  -1  -2   1   0  -1   0  -2  -1   0   0  -3  -2   2   59   0   0   0   0   0   0   0   0   0   0   0   0   0   0   0   0   0   0  41  0.23 0.00
  304 Q    -1   1   0   0  -3   6   2  -2   0  -3  -2   1   0  -3  -1   0  -1  -2  -2  -2    0   0   0   0   0 100   0   0   0   0   0   0   0   0   0   0   0   0   0   0  0.68 0.01
  305 A     3  -1   0  -1  -1  -1  -1   0  -1  -2  -2  -1  -1  -2  -1   3   1  -3  -2  -1   59   0   0   0   0   0   0   0   0   0   0   0   0   0   0  41   0   0   0   0  0.35 0.01
  306 E    -1   0   0   2  -4   2   5  -2   0  -3  -3   1  -2  -3  -1   0  -1  -3  -2  -3    0   0   0   0   0   0 100   0   0   0   0   0   0   0   0   0   0   0   0   0  0.75 0.01
  307 Y     2  -2  -2  -3  -1  -1  -2  -1   1  -1  -1  -1  -1   2  -2   0  -1   1   5  -1   41   0   0   0   0   0   0   0   0   0   0   0   0   0   0   0   0   0  59   0  0.42 0.01
  308 L    -2  -2  -4  -4  -1  -2  -3  -4  -3   2   4  -3   2   0  -3  -3  -1  -2  -1   1    0   0   0   0   0   0   0   0   0   0 100   0   0   0   0   0   0   0   0   0  0.47 0.01
  309 R     1   3   0  -2  -2   0   0  -1   5  -3  -2   0  -1  -2  -2   0  -1  -3   0  -2   29  29   0   0   0   0   0   0  41   0   0   0   0   0   0   0   0   0   0   0  0.36 0.01
  310 R    -1   4  -1  -2  -2   0  -1  -3  -1   2   0   1   0  -1  -2  -1  -1  -3  -2   1    0  59   0   0   0   0   0   0   0  41   0   0   0   0   0   0   0   0   0   0  0.30 0.01
  311 T    -1   2   0  -1  -2   1   0  -2  -1  -2  -2   4  -1  -3  -1   0   2  -3  -2  -2    0   0   0   0   0   0   0   0   0   0   0  71   0   0   0   0  29   0   0   0  0.37 0.01
  312 V    -1  -3  -3  -3  -1  -2  -3  -3  -3   2   2  -2   1   0  -3  -2   0  -3  -1   3    0   0   0   0   0   0   0   0   0   0  29   0   0   0   0   0   0   0   0  71  0.32 0.01
  313 K     0   1   0  -1  -2   1   0  -2  -1  -2  -2   3  -1  -3  -1   1   3  -3  -2  -1    0   0   0   0   0   0   0   0   0   0   0  59   0   0   0   0  41   0   0   0  0.34 0.01
  314 A     3   3  -1  -2  -1   0  -1  -1  -1  -2  -2   1  -1  -3  -1   0   0  -3  -2  -1   59  41   0   0   0   0   0   0   0   0   0   0   0   0   0   0   0   0   0   0  0.33 0.01
  315 E    -1  -1   4   4  -3   1   3  -1   0  -3  -3   0  -2  -3  -2   0  -1  -4  -2  -3    0   0  41  29   0   0  29   0   0   0   0   0   0   0   0   0   0   0   0   0  0.56 0.00
  316 R    -2   3   4   3  -3   0   0  -1   0  -3  -3   1  -2  -3  -2   0  -1  -4  -2  -3    0  29  41  29   0   0   0   0   0   0   0   0   0   0   0   0   0   0   0   0  0.49 0.00
  317 D    -1  -2   3   3  -3  -1   0   4  -1  -4  -4  -1  -3  -3  -2   0  -1  -3  -3  -3    0   0  29  29   0   0   0  41   0   0   0   0   0   0   0   0   0   0   0   0  0.55 0.00
  318 R     1   3  -2  -2  -1  -1  -1  -2  -2   0   2   0   1  -1  -2  -1  -1  -2  -2   0   29  29   0   0   0   0   0   0   0   0  41   0   0   0   0   0   0   0   0   0  0.16 0.00
  319 E    -1   0  -1   0  -3   1   2  -2  -1  -3  -3   2  -2  -3   5   0  -1  -3  -2  -2    0   0   0   0   0   0  29   0   0   0   0  29   0   0  41   0   0   0   0   0  0.78 0.01
  320 D    -1  -1   1   5  -2  -1   1  -2  -1  -2  -2  -1  -2  -3  -1   1   3  -3  -2  -2    0   0   0  59   0   0   0   0   0   0   0   0   0   0   0   0  41   0   0   0  0.52 0.01
  321 L    -2  -2  -3  -3  -2  -2  -3  -4   0   2   2  -2   1   2  -3  -2  -1   0   5   1    0   0   0   0   0   0   0   0   0  29  29   0   0   0   0   0   0   0  41   0  0.35 0.00
  322 K    -1   1   4   0  -3   1   0  -1   0  -3  -3   4  -2  -3  -1   0   0  -3  -2  -3    0   0  41   0   0   0   0   0   0   0   0  59   0   0   0   0   0   0   0   0  0.44 0.01
  323 A     3  -2  -1  -2  -1  -1  -1   4  -2  -2  -2  -1  -2  -3  -1   1  -1  -3  -2  -1   59   0   0   0   0   0   0  41   0   0   0   0   0   0   0   0   0   0   0   0  0.47 0.00
  324 S     0   0   4   0  -2   0   0  -1   0  -3  -3   2  -2  -3  -1   2   0  -3  -2  -2    0   0  41   0   0   0   0   0   0   0   0  29   0   0   0  29   0   0   0   0  0.38 0.00
  325 G     0  -2   0  -1  -3  -2  -2   6  -2  -4  -4  -2  -3  -3  -2   0  -2  -3  -3  -3    0   0   0   0   0   0   0 100   0   0   0   0   0   0   0   0   0   0   0   0  1.06 0.01
  326 Y    -1   0  -1  -2  -3   3   0  -3   1  -2  -2   0  -1   2  -2  -1  -1   1   5  -2    0   0   0   0   0  41   0   0   0   0   0   0   0   0   0   0   0   0  59   0  0.51 0.01
  327 Y    -2  -2  -2  -3  -3  -2  -2  -3   2  -1  -1  -2  -1   3  -3  -2  -2   2   7  -1    0   0   0   0   0   0   0   0   0   0   0   0   0   0   0   0   0   0 100   0  0.90 0.01
  328 A     3  -2  -2  -2  -1  -2  -2  -1  -2   2   0  -1   0  -1  -2   0   0  -3  -2   1   59   0   0   0   0   0   0   0   0  41   0   0   0   0   0   0   0   0   0   0  0.20 0.00
  329 Q    -1   0  -1  -1  -3   4   1  -2   1  -2  -2   0  -1   1  -2  -1  -1   0   5  -2    0   0   0   0   0  59   0   0   0   0   0   0   0   0   0   0   0   0  41   0  0.46 0.01
  330 L    -1  -2  -2  -3  -2  -2  -3   3  -3   0   3  -2   1  -1  -3  -1  -1  -2  -2   0    0   0   0   0   0   0   0  41   0   0  59   0   0   0   0   0   0   0   0   0  0.32 0.00
  331 A     3  -1   0  -1  -1  -1  -1   0  -1  -2  -2  -1  -1  -2  -1   3   1  -3  -2  -1   59   0   0   0   0   0   0   0   0   0   0   0   0   0   0  41   0   0   0   0  0.35 0.01
  332 Y    -2  -2  -3  -4  -3  -2  -2  -3   1  -2  -1  -2  -1   2  -3  -2  -2   9   6  -2    0   0   0   0   0   0   0   0   0   0   0   0   0   0   0   0   0  41  59   0  1.21 0.01
  333 T    -1  -2  -1  -2  -1  -1  -2  -2  -2   2   0  -1   0  -1  -2   0   3  -3  -2   1    0   0   0   0   0   0   0   0   0  41   0   0   0   0   0   0  59   0   0   0  0.26 0.01
  334 L    -2  -2  -4  -4  -1  -2  -3  -4  -3   2   4  -3   2   0  -3  -3  -1  -2  -1   1    0   0   0   0   0   0   0   0   0   0 100   0   0   0   0   0   0   0   0   0  0.47 0.01
  335 T     0  -1   0  -1  -1  -1  -1  -2  -2  -1  -1  -1  -1  -2  -1   1   5  -3  -2   0    0   0   0   0   0   0   0   0   0   0   0   0   0   0   0   0 100   0   0   0  0.49 0.01
  336 G     0  -2   0  -1  -3  -2  -2   6  -2  -4  -4  -2  -3  -3  -2   0  -2  -3  -3  -3    0   0   0   0   0   0   0 100   0   0   0   0   0   0   0   0   0   0   0   0  1.06 0.01
  337 E    -1   0   0   2  -4   2   5  -2   0  -3  -3   1  -2  -3  -1   0  -1  -3  -2  -3    0   0   0   0   0   0 100   0   0   0   0   0   0   0   0   0   0   0   0   0  0.75 0.01
  338 P     1  -1   0  -1  -1   0   0  -1  -1  -3  -3   0  -2  -3   4   3   1  -3  -2  -2    0   0   0   0   0   0   0   0   0   0   0   0   0   0  29  71   0   0   0   0  0.61 0.01
  339 R    -2   6  -1  -2  -4   1   0  -2   0  -3  -2   2  -1  -3  -2  -1  -1  -3  -2  -3    0 100   0   0   0   0   0   0   0   0   0   0   0   0   0   0   0   0   0   0  0.77 0.01
  340 L    -1  -1  -2  -2  -2   2   0  -2  -1  -1   1   0   0  -2   5  -1  -1  -3  -2  -1    0   0   0   0   0  29   0   0   0   0  29   0   0   0  41   0   0   0   0   0  0.62 0.01
  341 Y    -2  -2  -2  -3  -3  -2  -2  -3   2  -1  -1  -2  -1   3  -3  -2  -2   2   7  -1    0   0   0   0   0   0   0   0   0   0   0   0   0   0   0   0   0   0 100   0  0.90 0.01
  342 K     0   1   0  -1  -2   1   0  -2  -1  -2  -2   3  -1  -3  -1   1   3  -3  -2  -1    0   0   0   0   0   0   0   0   0   0   0  59   0   0   0   0  41   0   0   0  0.34 0.01
  343 L    -1  -1  -1  -2  -1  -1  -1  -2  -1   1   3  -1   1   0  -1  -1  -1  -1  -1   0    3   2   2   2   1   2   3   3   1   2  62   2   1   2   2   3   2   1   1   3  0.14 0.00
  344 D    -1   0   0   3  -2   1   3  -1   0  -2  -2   0  -1  -2   0   0   0  -2  -1  -1    3   2   2  31   1   2  32   3   1   2   4   2   1   2   2   3   2   1   1   3  0.29 0.00
  345 G     2  -2  -1  -2  -2  -1  -2   4  -2  -3  -3  -1  -2  -3  -2   0  -1  -3  -3  -2   41   0   0   0   0   0   0  59   0   0   0   0   0   0   0   0   0   0   0   0  0.59 0.00
  346 A     3  -2  -1  -2  -1  -1  -1   4  -2  -2  -2  -1  -2  -3  -1   1  -1  -3  -2  -1   59   0   0   0   0   0   0  41   0   0   0   0   0   0   0   0   0   0   0   0  0.47 0.00
  347 K     0   1   0  -1  -2   1   0  -2  -1  -2  -2   3  -1  -3  -1   1   3  -3  -2  -1    0   0   0   0   0   0   0   0   0   0   0  59   0   0   0   0  41   0   0   0  0.34 0.01
  348 F    -1  -3  -3  -3  -2  -3  -3  -3  -2   1   1  -3   0   5  -3  -2  -1   0   2   2    0   0   0   0   0   0   0   0   0   0   0   0   0  59   0   0   0   0   0  41  0.40 0.01
  349 D    -1  -2   1   5  -3  -1   0   4  -2  -4  -4  -1  -3  -3  -2   0  -1  -4  -3  -3    0   0   0  59   0   0   0  41   0   0   0   0   0   0   0   0   0   0   0   0  0.67 0.01
  350 T     0  -1   4   0  -2   0   0  -1   0  -2  -2   0  -2  -3  -1   2   3  -3  -2  -2    0   0  41   0   0   0   0   0   0   0   0   0   0   0   0  29  29   0   0   0  0.39 0.00
  351 I    -1  -3  -3  -3  -1  -2  -3  -3  -3   3   1  -2   1  -1  -3  -2   0  -3  -1   4    0   0   0   0   0   0   0   0   0  29   0   0   0   0   0   0   0   0   0  71  0.35 0.01
  352 K     0   1   0  -1  -2   1   0  -2  -1  -2  -2   3  -1  -3  -1   1   3  -3  -2  -1    0   0   0   0   0   0   0   0   0   0   0  59   0   0   0   0  41   0   0   0  0.34 0.01
  353 P    -1  -2  -2  -2  -3  -1  -1  -2  -2  -3  -3  -1  -3  -4   8  -1  -1  -4  -3  -2    0   0   0   0   0   0   0   0   0   0   0   0   0   0 100   0   0   0   0   0  2.06 0.01
  354 E    -1  -1  -1   0  -3   1   4  -2  -1  -1   0   0   3  -2  -2  -1  -1  -2  -2  -1    0   0   0   0   0   0  59   0   0   0   0   0  41   0   0   0   0   0   0   0  0.32 0.01
  355 N    -2   0   5   0  -3   0   0  -1   6  -3  -3   0  -2  -2  -2   0  -1  -3   0  -3    0   0  59   0   0   0   0   0  41   0   0   0   0   0   0   0   0   0   0   0  0.60 0.01
  356 K     0   1   0   0  -2   1   1  -1   0  -1  -1   4  -1  -2   0   0   0  -1  -1  -1    3   2   2   2   1   2   3   3   1   2   4  61   1   2   2   3   2   1   1   3  0.22 0.00
  357 E    -1  -1   0   4  -4   1   4  -2  -1  -3  -3   0  -3  -3  -1   0  -1  -3  -3  -3    0   0   0  41   0   0  59   0   0   0   0   0   0   0   0   0   0   0   0   0  0.68 0.01
  358 I    -2  -3  -3  -3  -2  -2  -3  -4   0   3   1  -2   0   2  -3  -2  -1   0   5   2    0   0   0   0   0   0   0   0   0  59   0   0   0   0   0   0   0   0  41   0  0.36 0.01
  359 G     0  -2   0  -1  -3  -2  -2   6  -2  -4  -4  -2  -3  -3  -2   0  -2  -3  -3  -3    0   0   0   0   0   0   0 100   0   0   0   0   0   0   0   0   0   0   0   0  1.06 0.01
  360 A     4  -2  -2  -2   0  -1  -1   0  -2  -1  -2  -1  -1  -2  -1   1   0  -3  -2   0  100   0   0   0   0   0   0   0   0   0   0   0   0   0   0   0   0   0   0   0  0.42 0.01
  361 W    -1  -3  -4  -4  -2  -2  -3  -3  -3   1   0  -3   0   0  -3  -2  -1   9   1   2    0   0   0   0   0   0   0   0   0   0   0   0   0   0   0   0   0  59   0  41  1.16 0.01
  362 E    -1   0   0   2  -4   2   5  -2   0  -3  -3   1  -2  -3  -1   0  -1  -3  -2  -3    0   0   0   0   0   0 100   0   0   0   0   0   0   0   0   0   0   0   0   0  0.75 0.01
  363 L    -1  -2  -3  -4  -1  -2  -3  -4  -3   2   3  -3   2   0  -3  -2  -1  -2  -1   2    0   0   0   0   0   0   0   0   0   0  71   0   0   0   0   0   0   0   0  29  0.36 0.00
  364 F    -2  -3  -3  -4  -2  -3  -3  -3  -2   1   2  -3   1   5  -3  -3  -2   0   2   0    0   0   0   0   0   0   0   0   0   0  41   0   0  59   0   0   0   0   0   0  0.47 0.01
  365 Y     2  -2  -2  -3  -1  -1  -2  -1   1  -1  -1  -1  -1   2  -2   0  -1   1   5  -1   41   0   0   0   0   0   0   0   0   0   0   0   0   0   0   0   0   0  59   0  0.42 0.01
  366 R    -2   6  -1  -2  -4   1   0  -2   0  -3  -2   2  -1  -3  -2  -1  -1  -3  -2  -3    0 100   0   0   0   0   0   0   0   0   0   0   0   0   0   0   0   0   0   0  0.77 0.01
  367 Y    -2  -2  -2  -3  -3  -2  -2  -3   2  -1  -1  -2  -1   3  -3  -2  -2   2   7  -1    0   0   0   0   0   0   0   0   0   0   0   0   0   0   0   0   0   0 100   0  0.90 0.01
  368 D     0  -1   1   5  -2   0   1  -1  -1  -3  -3  -1  -2  -3  -1   2   0  -4  -3  -3    0   0   0  59   0   0   0   0   0   0   0   0   0   0   0  41   0   0   0   0  0.55 0.01
  369 S     0   4   3   0  -2   0   0  -1   0  -3  -3   1  -2  -3  -2   2   0  -3  -2  -2    0  41  29   0   0   0   0   0   0   0   0   0   0   0   0  29   0   0   0   0  0.39 0.00
  370 I    -1  -3  -3  -3  -1  -3  -3  -4  -3   3   3  -3   2   0  -3  -2  -1  -2  -1   2    0   0   0   0   0   0   0   0   0  59  41   0   0   0   0   0   0   0   0   0  0.37 0.00
  371 K    -1   1   4   0  -3   1   0  -1   0  -3  -3   4  -2  -3  -1   0   0  -3  -2  -3    0   0  41   0   0   0   0   0   0   0   0  59   0   0   0   0   0   0   0   0  0.44 0.01
  372 V    -1  -2  -3  -3  -1  -2  -3  -3  -3   2   3  -2   1   0  -3  -2  -1  -2  -1   3    0   0   0   0   0   0   0   0   0   0  41   0   0   0   0   0   0   0   0  59  0.32 0.00
  373 E    -1  -1   0   4  -4   1   4  -2  -1  -3  -3   0  -3  -3  -1   0  -1  -3  -3  -3    0   0   0  41   0   0  59   0   0   0   0   0   0   0   0   0   0   0   0   0  0.68 0.01
  374 D    -2  -1   4   5  -3   0   1  -1   0  -3  -4  -1  -3  -3  -2   0  -1  -4  -3  -3    0   0  41  59   0   0   0   0   0   0   0   0   0   0   0   0   0   0   0   0  0.70 0.01
  375 D    -1  -2   1   5  -3  -1   0   4  -2  -4  -4  -1  -3  -3  -2   0  -1  -4  -3  -3    0   0   0  59   0   0   0  41   0   0   0   0   0   0   0   0   0   0   0   0  0.67 0.01
  376 N     0  -1   5   1  -2   0   0   0   0  -3  -3   0  -2  -3  -2   3   1  -3  -2  -2    0   0  59   0   0   0   0   0   0   0   0   0   0   0   0  41   0   0   0   0  0.49 0.01
  377 I    -1  -3  -3  -3  -1  -3  -3  -4  -3   4   1  -3   1   0  -3  -2  -1  -3  -1   3    0   0   0   0   0   0   0   0   0  71   0   0   0   0   0   0   0   0   0  29  0.37 0.01
  378 V    -1  -2  -3  -3  -1  -2  -3  -3  -3   2   3  -2   1   0  -3  -2  -1  -2  -1   3    0   0   0   0   0   0   0   0   0   0  41   0   0   0   0   0   0   0   0  59  0.32 0.00
  379 V     2  -1  -1  -1  -1  -1  -1  -1  -1   1   0  -1   0  -1  -1   0   0  -1  -1   2   33   2   2   2   1   2   3   3   1   2   4   2   1   2   2   3   2   1   1  32  0.07 0.00
  380 D    -1  -1   1   5  -2   0   1  -1  -1  -2  -2   0  -2  -2  -1   0  -1  -2  -2  -2    3   2   2  61   1   2   3   3   1   2   4   2   1   2   2   3   2   1   1   3  0.40 0.00
  381 S     0  -1   0   0  -1   0   0   0  -1  -1  -1   0  -1  -1   0   2   3  -1  -1  -1    3   2   2   2   1   2   3   3   1   2   4   2   1   2   2  32  32   1   1   3  0.18 0.00
  382 A     3  -1  -1  -1   0   0   0   0  -1  -1  -1   0  -1  -1   0   1   0  -1  -1   0   62   2   2   2   1   2   3   3   1   2   4   2   1   2   2   3   2   1   1   3  0.17 0.00
  383 T     0  -1   0  -1  -1   0   0  -1  -1  -1  -1   0   0  -1   0   1   4  -1  -1   0    3   2   2   2   1   2   3   3   1   2   4   2   1   2   2   3  61   1   1   3  0.21 0.00
  384 R    -1   4   0  -1  -2   1   0  -1   0  -2  -1   1  -1  -2  -1   0  -1  -1  -1  -1    3  61   2   2   1   2   3   3   1   2   4   2   1   2   2   3   2   1   1   3  0.32 0.00
  385 E     0   0   0   1  -2   1   4  -1   0  -2  -2   1  -1  -2   0   0   0  -1  -1  -1    3   2   2   2   1   2  61   3   1   2   4   2   1   2   2   3   2   1   1   3  0.32 0.00
  386 V     0  -1  -1  -1  -1  -1  -1  -1  -2   2   0  -1   0  -1  -1  -1   0  -1  -1   3    3   2   2   2   1   2   3   3   1   2   4   2   1   2   2   3   2   1   1  61  0.10 0.00
  387 G     0  -1   0  -1  -1  -1  -1   4  -1  -2  -2  -1  -1  -2  -1   0  -1  -1  -2  -2    3   2   2   2   1   2   3  62   1   2   4   2   1   2   2   3   2   1   1   3  0.43 0.00
  388 D    -1  -1   1   5  -2   0   1  -1  -1  -2  -2   0  -2  -2  -1   0  -1  -2  -2  -2    3   2   2  61   1   2   3   3   1   2   4   2   1   2   2   3   2   1   1   3  0.40 0.00
  389 A     2  -1   0  -1  -1   0   0   0  -1  -1  -1   0  -1  -1   0   1   2  -1  -1   0   32   2   2   2   1   2   3   3   1   2   4   2   1   2   2   3  32   1   1   3  0.14 0.00
  390 K     0   1   0  -1  -3   0   0   3  -1  -3  -3   3  -2  -3  -2   0  -1  -3  -2  -3    0   0   0   0   0   0   0  41   0   0   0  59   0   0   0   0   0   0   0   0  0.45 0.01
  391 G     2  -2  -1  -2  -2  -2  -2   5  -2  -3  -3  -1  -2  -3  -2   0  -1  -3  -3  -2   29   0   0   0   0   0   0  71   0   0   0   0   0   0   0   0   0   0   0   0  0.69 0.01
  392 K    -1   4   0  -1  -3   1   0  -2  -1  -3  -2   4  -1  -3  -1   0  -1  -3  -2  -2    0  41   0   0   0   0   0   0   0   0   0  59   0   0   0   0   0   0   0   0  0.55 0.01
  393 T     2   0   0  -1  -1   3   1  -1  -1  -2  -2   0  -1  -3  -1   1   2  -2  -2  -1   29   0   0   0   0  41   0   0   0   0   0   0   0   0   0   0  29   0   0   0  0.29 0.01
  394 H    -2   0   1  -1  -3   0   0  -2   8  -3  -3  -1  -2  -1  -2  -1  -2  -2   2  -3    0   0   0   0   0   0   0   0 100   0   0   0   0   0   0   0   0   0   0   0  0.91 0.01
  395 T     0  -1   3   0  -1  -1  -1  -1  -1  -1  -2  -1  -1  -2  -1   1   4  -3  -2  -1    0   0  29   0   0   0   0   0   0   0   0   0   0   0   0   0  71   0   0   0  0.40 0.01
  396 L    -1  -3  -3  -4  -1  -2  -3  -4  -3   3   3  -3   2   0  -3  -3  -1  -2  -1   2    0   0   0   0   0   0   0   0   0  41  59   0   0   0   0   0   0   0   0   0  0.38 0.00
  397 G     0  -2   0  -1  -3  -2  -2   6  -2  -4  -4  -2  -3  -3  -2   0  -2  -3  -3  -3    0   0   0   0   0   0   0 100   0   0   0   0   0   0   0   0   0   0   0   0  1.06 0.01
  398 V     2  -2  -2  -3  -1  -2  -2  -1  -3   2   0  -2   0  -1  -2   0   0  -3  -2   3   41   0   0   0   0   0   0   0   0   0   0   0   0   0   0   0   0   0   0  59  0.22 0.00
  399 N    -2  -1   6   1  -3   0   0   0   1  -3  -4   0  -2  -3  -2   1   0  -4  -2  -3    0   0 100   0   0   0   0   0   0   0   0   0   0   0   0   0   0   0   0   0  0.75 0.01
  400 W    -3  -3  -4  -4  -2  -2  -3  -3  -3  -3  -2  -3  -2   1  -4  -3  -3  11   2  -3    0   0   0   0   0   0   0   0   0   0   0   0   0   0   0   0   0 100   0   0  2.37 0.02
  401 Y    -2  -2  -2  -3  -3  -2  -2  -3   2  -1  -1  -2  -1   3  -3  -2  -2   2   7  -1    0   0   0   0   0   0   0   0   0   0   0   0   0   0   0   0   0   0 100   0  0.90 0.01
  402 A     2  -2  -3  -3  -1  -2  -2  -2  -3   1   2  -2   1  -1  -2  -1   0  -2  -1   2   29   0   0   0   0   0   0   0   0   0  41   0   0   0   0   0   0   0   0  29  0.20 0.00
  403 N    -1  -1   5   1  -2   0  -1  -1   0  -2  -2   0  -2  -3  -2   1   3  -3  -2  -1    0   0  59   0   0   0   0   0   0   0   0   0   0   0   0   0  41   0   0   0  0.46 0.01
  404 E    -1  -1   4   4  -3   1   3  -1   0  -3  -3   0  -2  -3  -2   0  -1  -4  -2  -3    0   0  41  29   0   0  29   0   0   0   0   0   0   0   0   0   0   0   0   0  0.56 0.00
  405 A     3  -2  -2  -2  -1  -1  -1  -1   0  -1  -1  -1  -1   1  -2   0  -1   0   4  -1   59   0   0   0   0   0   0   0   0   0   0   0   0   0   0   0   0   0  41   0  0.33 0.01
  406 V    -1  -3  -3  -3  -1  -3  -3  -3  -2   2   1  -3   0   4  -3  -2  -1  -1   1   3    0   0   0   0   0   0   0   0   0   0   0   0   0  41   0   0   0   0   0  59  0.32 0.01
  407 K    -1   2   0  -1  -3   1   1  -2  -1  -3  -3   5  -1  -3  -1   0  -1  -3  -2  -2    0   0   0   0   0   0   0   0   0   0   0 100   0   0   0   0   0   0   0   0  0.54 0.01
  408 V    -1  -3  -3  -3  -2  -3  -3  -3  -2   2   1  -3   1   4  -3  -2  -1  -1   1   2    0   0   0   0   0   0   0   0   0  29   0   0   0  41   0   0   0   0   0  29  0.33 0.00
  409 S     0   0   0   0  -2   3   1  -1   0  -3  -2   0  -1  -3  -1   3   1  -3  -2  -2    0   0   0   0   0  41   0   0   0   0   0   0   0   0   0  59   0   0   0   0  0.40 0.01
  410 A     4  -2  -2  -2   0  -1  -1   0  -2  -1  -2  -1  -1  -2  -1   1   0  -3  -2   0  100   0   0   0   0   0   0   0   0   0   0   0   0   0   0   0   0   0   0   0  0.42 0.01
  411 N     1  -1   5   1  -2   0   0   0   0  -3  -3   0  -2  -3  -2   1   0  -3  -2  -2   29   0  71   0   0   0   0   0   0   0   0   0   0   0   0   0   0   0   0   0  0.46 0.01
  412 Y    -2  -2  -2  -3  -3  -2  -2  -3   2  -1  -1  -2  -1   3  -3  -2  -2   2   7  -1    0   0   0   0   0   0   0   0   0   0   0   0   0   0   0   0   0   0 100   0  0.90 0.01
  413 V     0  -3  -3  -3  -1  -2  -3  -3  -3   3   1  -2   1  -1  -2  -2   0  -3  -1   4    0   0   0   0   0   0   0   0   0   0   0   0   0   0   0   0   0   0   0 100  0.36 0.01
  414 K    -1   2   0  -1  -3   1   1  -2  -1  -3  -3   5  -1  -3  -1   0  -1  -3  -2  -2    0   0   0   0   0   0   0   0   0   0   0 100   0   0   0   0   0   0   0   0  0.54 0.01
  415 A     3  -2  -2  -2  -1  -1  -1  -1  -2   1   0  -1   0  -2  -1   0   0  -3  -2   2   59   0   0   0   0   0   0   0   0   0   0   0   0   0   0   0   0   0   0  41  0.23 0.00
  416 K    -1   1   4   0  -3   1   0  -1   0  -3  -3   4  -2  -3  -1   0   0  -3  -2  -3    0   0  41   0   0   0   0   0   0   0   0  59   0   0   0   0   0   0   0   0  0.44 0.01
  417 T     2  -1  -1  -1  -1  -1  -1  -1  -2  -1  -1  -1  -1  -2  -1   1   4  -3  -2   0   41   0   0   0   0   0   0   0   0   0   0   0   0   0   0   0  59   0   0   0  0.33 0.01
  418 D    -1  -1   1   5  -2  -1   1  -2  -1  -2  -2  -1  -2  -3  -1   1   3  -3  -2  -2    0   0   0  59   0   0   0   0   0   0   0   0   0   0   0   0  41   0   0   0  0.52 0.01
  419 K    -1   4   0  -1  -3   1   0  -2  -1  -3  -2   4  -1  -3  -1   0  -1  -3  -2  -2    0  41   0   0   0   0   0   0   0   0   0  59   0   0   0   0   0   0   0   0  0.55 0.01
  420 I    -1  -3  -3  -3  -1  -3  -3  -4  -3   3   3  -3   2   0  -3  -2  -1  -2  -1   2    0   0   0   0   0   0   0   0   0  59  41   0   0   0   0   0   0   0   0   0  0.37 0.00
  421 S     0  -1   0  -1  -2  -1  -1   4  -2  -2  -2  -1  -2  -3  -1   2   2  -3  -2  -2    0   0   0   0   0   0   0  41   0   0   0   0   0   0   0  29  29   0   0   0  0.42 0.00
  422 N    -1  -1   5   1  -2   0  -1  -1   0  -2  -2   0  -2  -3  -2   1   3  -3  -2  -1    0   0  59   0   0   0   0   0   0   0   0   0   0   0   0   0  41   0   0   0  0.46 0.01
  423 A     1   4   3   0  -2   0   0  -1   0  -3  -2   1  -2  -3  -2   0   0  -3  -2  -2   29  41  29   0   0   0   0   0   0   0   0   0   0   0   0   0   0   0   0   0  0.33 0.00
  424 N    -1  -1   5   1  -2   0  -1  -1   0  -2  -2   0  -2  -3  -2   1   3  -3  -2  -1    0   0  59   0   0   0   0   0   0   0   0   0   0   0   0   0  41   0   0   0  0.46 0.01
  425 G     0  -2   0  -1  -2  -1  -2   4  -2  -2  -2  -1  -2  -3  -2   1   3  -3  -2  -2    0   0   0   0   0   0   0  59   0   0   0   0   0   0   0   0  41   0   0   0  0.54 0.01
  426 D    -1  -2   0   5  -3  -1   1  -2  -2  -3  -3  -1  -3  -4   5  -1  -1  -4  -3  -3    0   0   0  59   0   0   0   0   0   0   0   0   0   0  41   0   0   0   0   0  0.98 0.01
  427 D    -2  -2   1   6  -4   0   2  -1  -1  -3  -4  -1  -3  -4  -2   0  -1  -4  -3  -3    0   0   0 100   0   0   0   0   0   0   0   0   0   0   0   0   0   0   0   0  0.95 0.01
  428 S     0  -1   1   4  -2   0   1  -1  -1  -3  -3   0  -2  -3  -1   3   0  -4  -2  -2    0   0   0  50   0   0   0   0   0   0   0   0   0   0   0  50   0   0   0   0  0.49 0.00
  429 G     0  -2   0  -1  -3  -2  -2   6  -2  -4  -4  -2  -3  -3  -2   0  -2  -3  -3  -3    0   0   0   0   0   0   0 100   0   0   0   0   0   0   0   0   0   0   0   0  1.04 0.00
  430 D    -2  -2   1   6  -4   0   2  -1  -1  -3  -4  -1  -3  -4  -2   0  -1  -4  -3  -3    0   0   0 100   0   0   0   0   0   0   0   0   0   0   0   0   0   0   0   0  0.92 0.00
  431 G     0  -2   0  -1  -3  -2  -2   6  -2  -4  -4  -2  -3  -3  -2   0  -2  -3  -3  -3    0   0   0   0   0   0   0 100   0   0   0   0   0   0   0   0   0   0   0   0  1.04 0.00
  432 L    -2  -3  -3  -4  -2  -3  -3  -3  -2   1   3  -3   1   5  -3  -2  -2   0   2   0    0   0   0   0   0   0   0   0   0   0  50   0   0  50   0   0   0   0   0   0  0.43 0.00
  433 V     0  -3  -3  -3  -1  -2  -3  -3  -3   3   1  -2   1  -1  -2  -2   0  -3  -1   4    0   0   0   0   0   0   0   0   0   0   0   0   0   0   0   0   0   0   0 100  0.34 0.00
  434 M     0  -1  -1  -2  -1  -1  -1  -2  -2   0   1  -1   4  -1  -2   0   3  -2  -1   0    0   0   0   0   0   0   0   0   0   0   0   0  50   0   0   0  50   0   0   0  0.24 0.00
  435 R    -1   6   0  -2  -4   1   0  -2   0  -3  -2   2  -1  -3  -2  -1  -1  -3  -2  -3    0 100   0   0   0   0   0   0   0   0   0   0   0   0   0   0   0   0   0   0  0.74 0.00
  436 L    -2  -2  -4  -4  -1  -2  -3  -4  -3   2   4  -3   2   0  -3  -3  -1  -2  -1   1    0   0   0   0   0   0   0   0   0   0 100   0   0   0   0   0   0   0   0   0  0.45 0.00
  437 Q    -1   1   0   0  -3   5   2  -2   0  -3  -2   1   0  -3  -1   0  -1  -2  -1  -2    0   0   0   0   0 100   0   0   0   0   0   0   0   0   0   0   0   0   0   0  0.65 0.00
  438 Y    -2  -2  -2  -3  -3  -1  -2  -3   2  -1  -1  -2  -1   3  -3  -2  -2   2   7  -1    0   0   0   0   0   0   0   0   0   0   0   0   0   0   0   0   0   0 100   0  0.85 0.00
  439 V     0  -3  -3  -3  -1  -2  -3  -3  -3   3   1  -2   1  -1  -2  -2   0  -3  -1   4    0   0   0   0   0   0   0   0   0   0   0   0   0   0   0   0   0   0   0 100  0.34 0.00
  440 F    -2  -3  -3  -4  -2  -3  -3  -3  -1   0   0  -3   0   6  -4  -2  -2   1   3  -1    0   0   0   0   0   0   0   0   0   0   0   0   0 100   0   0   0   0   0   0  0.73 0.00

                      K         Lambda
Standard Ungapped    0.1340     0.3152
Standard Gapped      0.0410     0.2670
PSI Ungapped         0.1340     0.3152
PSI Gapped           0.0410     0.2670
