
Last position-specific scoring matrix computed, weighted observed percentages rounded down, information per position, and relative weight of gapless real matches to pseudocounts
            A   R   N   D   C   Q   E   G   H   I   L   K   M   F   P   S   T   W   Y   V   A   R   N   D   C   Q   E   G   H   I   L   K   M   F   P   S   T   W   Y   V
    1 M    -1  -1  -2  -3  -2   0  -2  -3  -2   1   2  -1   6   0  -3  -2  -1  -2  -1   1    0   0   0   0   0   0   0   0   0   0   0   0 100   0   0   0   0   0   0   0  0.35 0.00
    2 M    -1  -2  -2  -3  -2  -1  -2  -3  -2   1   2  -2   6   0  -3  -2  -1  -2  -1   1    0   0   0   0   0   0   0   0   0   0   0   0 100   0   0   0   0   0   0   0  0.46 0.03
    3 K    -1   2   0  -1  -3   1   1  -2  -1  -3  -3   5  -2  -3  -1   0  -1  -3  -2  -2    0   0   0   0   0   0   0   0   0   0   0 100   0   0   0   0   0   0   0   0  0.57 0.02
    4 R    -1   5   2  -1  -3   1   0  -2   0  -3  -3   3  -2  -3  -2   0  -1  -3  -2  -3    0  59  21   0   0   0   0   0   0   0   0  20   0   0   0   0   0   0   0   0  0.53 0.01
    5 N    -1  -1   5   0  -2  -1  -1  -1   0   1  -1  -1  -1  -2  -2   1   0  -3  -2  -1    0   0  59   0   0   0   0   0   0  21   0   0   0   0   0  20   0   0   0   0  0.33 0.01
    6 I     1  -2  -2  -2  -1  -2  -2  -2  -3   3   1  -2   0  -1  -2   0   2  -3  -2   2   21   0   0   0   0   0   0   0   0  59   0   0   0   0   0   0  20   0   0   0  0.19 0.01
    7 L    -1  -2  -3  -4  -1  -2  -3  -4  -3   1   4  -2   3   0  -3  -2  -1  -2  -1   1    0   0   0   0   0   0   0   0   0   0  79   0  21   0   0   0   0   0   0   0  0.42 0.01
    8 A     4  -2  -2  -2  -1  -1  -1   0  -2  -1  -2  -1  -1  -2  -1   1   0  -3  -2   0  100   0   0   0   0   0   0   0   0   0   0   0   0   0   0   0   0   0   0   0  0.44 0.02
    9 V    -1  -3  -3  -4  -1  -2  -3  -4  -3   3   3  -3   1   0  -3  -2  -1  -2  -1   3    0   0   0   0   0   0   0   0   0  19  41   0   0   0   0   0   0   0   0  40  0.33 0.01
   10 I     1  -2  -3  -3  -1  -2  -2  -2  -3   2   2  -2   1  -1  -2  -1   0  -3  -1   3   21   0   0   0   0   0   0   0   0  21  19   0   0   0   0   0   0   0   0  39  0.22 0.01
   11 V     1  -3  -3  -3  -1  -2  -2  -2  -3   3   1  -2   1  -1  -2  -1   0  -3  -1   3   21   0   0   0   0   0   0   0   0  38   0   0   0   0   0   0   0   0   0  41  0.25 0.01
   12 P    -1  -2  -2  -2  -2  -1  -1  -2  -2  -1  -1  -1   2  -2   6   0   1  -3  -2  -1    0   0   0   0   0   0   0   0   0   0   0   0  20   0  59   0  21   0   0   0  0.99 0.01
   13 A     2  -2  -1  -2  -1  -1  -2   2  -2  -1   1  -1   0  -2  -2   0   1  -2  -2   0   40   0   0   0   0   0   0  20   0   0  21   0   0   0   0   0  19   0   0   0  0.19 0.01
   14 L    -1  -2  -3  -3  -2  -2  -3   2  -3   2   3  -2   1   0  -3  -2  -1  -2  -2   1    0   0   0   0   0   0   0  21   0  20  59   0   0   0   0   0   0   0   0   0  0.26 0.01
   15 L    -1  -3  -3  -4  -1  -2  -3  -4  -3   3   3  -3   2   0  -3  -2  -1  -2  -1   2    0   0   0   0   0   0   0   0   0  21  59   0   0   0   0   0   0   0   0  20  0.36 0.01
   16 V     1  -2  -3  -3  -1  -1  -2  -2  -2   2   1  -2   4  -1  -2  -1  -1  -2  -1   2   23   0   0   0   0   0   0   0   0  13   0   0  40   0   0   0   0   0   0  24  0.22 0.03
   17 A     3  -2  -1  -1  -1  -1  -1   0  -2  -2  -2  -1  -1  -3   2   2   0  -3  -2  -1   60   0   0   0   0   0   0   0   0   0   0   0   0   0  10  30   0   0   0   0  0.41 0.04
   18 G     2  -2  -1  -1  -2  -1  -1   4  -2  -2  -2  -1   1  -2  -2   2   1  -3  -2  -1   20   0   0   0   0   0   0  40   0   0   0   0   9   0   0  22   9   0   0   0  0.37 0.03
   19 T     0  -1   3   3  -2  -1   0  -1  -1  -2  -1  -1  -1  -2  -2   2   2  -3  -2  -1    9   0  22  20   0   0   0   0   0   0  10   0   0   0   0  19  19   0   0   0  0.25 0.02
   20 A     3   0  -1  -1  -1   0  -1  -1  -2  -1  -2   2  -1  -2  -1   2   0  -3  -2   0   51   0   0   0   0   0   0   0   0   0   0  20   0   0   0  19   0   0   0  10  0.25 0.03
   21 N     1  -1   2  -1  -2   2   0  -1   2  -1  -1   0   3  -2  -2   1   0  -3  -1  -1   20   0  20   0   0  19   0   0   9   0   0   0  22   0   0  10   0   0   0   0  0.18 0.03
   22 A     4  -2  -2  -2  -1  -1  -1   3  -2  -2  -2  -1  -1  -3  -1   1  -1  -3  -2  -1   80   0   0   0   0   0   0  20   0   0   0   0   0   0   0   0   0   0   0   0  0.47 0.05
   23 A     4  -2  -1  -2  -1  -1  -1   0  -2  -2  -2  -1  -1  -3  -1   2   0  -3  -2  -1   80   0   0   0   0   0   0   0   0   0   0   0   0   0   0  20   0   0   0   0  0.45 0.05
   24 E    -1   0   0   1  -3   3   4  -2   0  -3  -3   0  -2  -3  -1   0   2  -3  -2  -2    0   0   0   0   0  22  59   0   0   0   0   0   0   0   0   0  20   0   0   0  0.55 0.05
   25 I    -1  -3  -3  -4  -1  -3  -3  -4  -3   4   2  -3   1   0  -3  -2  -1  -3  -1   3    0   0   0   0   0   0   0   0   0  51  22   0   0   0   0   0   0   0   0  27  0.40 0.03
   26 Y    -2  -2  -3  -4  -3  -2  -3  -4   1  -2  -2  -2  -1   3  -3  -2  -2   2   8  -2    0   0   0   0   0   0   0   0   0   0   0   0   0   0   0   0   0   0 100   0  1.18 0.09
   27 N    -1   0   5   1  -3   3   0  -1   0  -3  -3   0  -2  -3  -2   2   0  -3  -2  -3    0   0  59   0   0  22   0   0   0   0   0   0   0   0   0  20   0   0   0   0  0.56 0.05
   28 K     3   1  -1  -1  -2   0   0  -1  -1  -2  -2   4  -1  -3  -1   0  -1  -3  -2  -2   41   0   0   0   0   0   0   0   0   0   0  59   0   0   0   0   0   0   0   0  0.38 0.05
   29 D    -2  -1   1   6  -4   0   1  -2  -1  -3  -4   2  -3  -4  -2  -1  -1  -4  -3  -3    0   0   0  80   0   0   0   0   0   0   0  20   0   0   0   0   0   0   0   0  0.84 0.06
   30 G     0  -3  -1  -2  -3  -2  -2   6  -2  -4  -4  -2  -3  -3  -2   0  -2  -3  -3  -3    0   0   0   0   0   0   0  92   0   0   0   0   0   0   0   8   0   0   0   0  1.06 0.06
   31 N    -1  -1   5   0  -2   0  -1  -1   0  -3  -3  -1  -2  -3  -2   2   2  -4  -2  -2    0   0  59   0   0   0   0   0   0   0   0   0   0   0   0  22  20   0   0   0  0.53 0.05
   32 K     0   1  -1  -1  -2   0   0  -2  -1  -1  -2   4  -1  -3  -1   1   0  -3  -2   1    0   0   0   0   0   0   0   0   0   0   0  59   0   0   0  20   0   0   0  22  0.27 0.04
   33 V    -2  -3  -4  -4  -2  -2  -3  -4  -3   1   4  -3   2   0  -3  -3  -1  -2  -1   1    0   0   0   0   0   0   0   0   0   0  91   0   0   0   0   0   0   0   0   9  0.52 0.05
   34 D    -2  -1   3   5  -4   0   3  -2  -1  -4  -4   0  -3  -4  -2   0  -1  -4  -3  -3    0   0  22  59   0   0  20   0   0   0   0   0   0   0   0   0   0   0   0   0  0.74 0.05
   35 L    -1  -3  -3  -4  -1  -3  -3  -4  -3   3   3  -3   1   2  -3  -2  -1  -2  -1   2    0   0   0   0   0   0   0   0   0  22  41   0   0   9   0   0   0   0   0  28  0.34 0.03
   36 Y    -2  -2  -2  -3  -3  -2  -2   2   1  -2  -2  -2  -2   2  -3  -2  -2   1   7  -2    0   0   0   0   0   0   0  20   0   0   0   0   0   0   0   0   0   0  80   0  0.83 0.07
   37 G     0  -2   0  -1  -2  -1  -2   5  -2  -3  -3  -1  -2  -2  -2   0  -1  -2  -2  -2    2   1   1   1   0   1   1  80   0   1   2   1   0   1   1   2   1   0   1   1  0.77 0.04
   38 K    -1   4   0  -1  -2   1   0  -1  -1  -2  -2   4  -1  -2  -1   0  -1  -2  -1  -2    2  30   1   1   0   1   1   2   0   1   2  51   0   1   1   2   1   0   1   1  0.40 0.03
   39 A     2  -2  -2  -2  -1  -1  -1  -1  -2   1   0  -1   0  -1  -1   0   0  -2  -1   3   31   1   1   1   0   1   1   2   0   1   2   1   0   1   1   2   1   0   1  51  0.16 0.02
   40 V     0   0   1   2  -2   0   2  -1  -1  -1  -2   1  -1  -2  -1   0   0  -2  -2   0   11   1   9  17   0   1  21   2   0   1   2  17   0   1   1   2   1   0   1  11  0.17 0.01
   41 G     4  -2  -1  -2  -1  -1  -1   2  -2  -2  -2  -1  -2  -3  -1   2   0  -3  -2  -1   61   0   0   0   0   0   0  17   0   0   0   0   0   0   0  22   0   0   0   0  0.40 0.04
   42 L    -1   4  -1  -2  -3   0  -1  -3  -1  -1   1   2   1  -2  -2  -1  -1  -3  -2  -1    0  50   0   0   0   0   0   0   0   0  25  17   8   0   0   0   0   0   0   0  0.36 0.04
   43 H    -2  -1  -1  -2  -2  -1  -1  -3   6   0   2  -2   0   0  -3  -2  -2  -2   2  -1    0   0   0   0   0   0   0   0  50   0  41   0   0   0   0   0   0   0   9   0  0.47 0.05
   44 Y     0  -2  -1  -2  -2  -1  -2   2   0  -2  -1  -2  -1   1  -2   2  -1   0   5  -2    0   0   0   0   0   0   0  22   0   0   9   0   0   0   0  28   0   0  41   0  0.33 0.04
   45 F    -2  -3  -3  -4  -2  -3  -3  -4  -2   0   2  -3   2   6  -4  -3  -2   0   2  -1    0   0   0   0   0   0   0   0   0   0  20   0   8  72   0   0   0   0   0   0  0.65 0.05
   46 S     0   0   3   0  -2   0   0  -1  -1  -3  -3   2  -2  -3  -1   3   0  -3  -2  -2    0   0  22   0   0   0   0   0   0   0   0  29   0   0   0  50   0   0   0   0  0.38 0.04
   47 K    -1  -1   0   4  -2   0   0  -2  -2  -1  -2   1  -2  -3  -2   2   0  -4  -2   0    0   0   0  43   0   0   0   0   0   0   0  15   0   0   0  24   0   0   0  18  0.34 0.05
   48 G    -1  -1   4   0  -3   1  -1   4  -1  -3  -3  -1  -2  -3  -2   0   1  -3  -3  -3    0   0  34   0   0   7   0  41   0   0   0   0   0   0   0   0  18   0   0   0  0.50 0.06
   49 N     0   0   2   2  -2   0   0  -1  -1  -3  -3   1  -2  -3  -1   3   1  -3  -2  -2    0   0  15  14   0   0   0   0   0   0   0  16   0   0   0  49   7   0   0   0  0.37 0.05
   50 G     2   0   1  -1  -2   0  -1   3  -1  -3  -3   2  -2  -3  -1   1  -1  -3  -2  -2   29   0   7   0   0   0   0  26   0   0   0  32   0   0   0   7   0   0   0   0  0.31 0.04
   51 E    -1   1   2   1  -3   3   2  -2   0  -3  -3   3  -2  -3  -2   0  -1  -3  -2  -3    0   0  18   7   0  23  15   0   0   0   0  31   0   0   0   7   0   0   0   0  0.42 0.05
   52 N    -1  -1   2   5  -2   0   1  -1  -1  -2  -2  -1  -2  -2  -1   1   0  -3  -2  -2    2   1   9  52   0   1   1   2   1   1   2   1   1   1   1  19   1   0   1   1  0.45 0.04
   53 S     0   0   0   0  -1   0   2  -1  -1   0   1   0   0  -1   0   0   0  -1  -1   0    4   3   3   3   1   2  21   4   1   3  23   3   1   2   3  12   3   1   2   4  0.05 0.01
   54 Y    -1  -1   0  -1  -1   0   0  -1   4  -1  -1  -1  -1   0  -1  -1  -1   6   2  -1    4   3   3   3   1   2   4   4  19   3   5   3   1   2   3   4   3  18  10   4  0.28 0.01
   55 G     0  -1   0   0  -1   0   0   3  -1  -1  -1   0  -1  -1   0   1   0  -1  -1  -1    4   3   3   3   1   2   4  30   1   3   5   3   1   2   3  22   3   1   2   4  0.16 0.01
   56 G     0  -1   0   2  -1   0   0   1  -1   0  -1  -1   0  -1   0   0   0  -1  -1   1    4   3   3  21   1   2   4  12   1   3   5   3   1   2   3   4   3   1   2  21  0.05 0.01
   57 N     1  -1   1   0  -1   0   0   2  -1  -1  -1   0  -1  -1   0   0   0  -1  -1  -1   22   3  10   3   1   2   4  22   1   3   5   3   1   2   3   4   3   1   2   4  0.11 0.00
   58 G     1  -1   2  -1  -2  -1  -1   4  -1  -2  -2  -1  -2  -2  -1   0  -1  -2  -2  -2   19   1  19   1   0   1   1  43   1   1   2   1   1   1   1   2   1   0   1   1  0.37 0.03
   59 D    -1  -2   0   5  -4  -1   0   3  -2  -4  -4  -1  -3  -4  -2  -1  -2  -4  -4  -4    0   0   0  65   0   0   0  35   0   0   0   0   0   0   0   0   0   0   0   0  0.82 0.08
   60 M     0   0   2   0  -2   2   2  -2  -1  -1  -1   1   1  -2  -2   0   0  -3  -2   1    7   0  16   0   0  13  18   0   0   0   0  14   8   0   0   0   7   0   0  18  0.16 0.03
   61 T     0  -2   0   2  -2  -1   0  -1  -1  -2  -2  -1  -1   2  -2   3   2  -2  -1  -2    0   0   0  18   0   0   0   0   0   0   0   0   0  18   0  43  22   0   0   0  0.29 0.05
   62 Y    -2   2  -1   2  -3   2   0  -3   1  -2  -2   0  -2   1  -3  -1  -2   0   5  -2    0  16   0  18   0  18   0   0   0   0   0   0   0   0   0   0   0   0  49   0  0.49 0.07
   63 A     2  -2  -1  -2  -1  -2  -2   2  -2   1  -1  -2   0  -2  -2   1   0  -3  -2   2   21   0   0   0   0   0   0  18   0   7   0   0   0   0   0  18   0   0   0  37  0.18 0.04
   64 R    -2   7  -1  -2  -4   1  -1  -3  -1  -4  -3   2  -2  -3  -3  -1  -2  -3  -2  -3    0 100   0   0   0   0   0   0   0   0   0   0   0   0   0   0   0   0   0   0  1.06 0.11
   65 L    -2  -3  -4  -4  -2  -3  -3  -4  -3   2   3  -3   1   4  -3  -3  -2  -1   1   1    0   0   0   0   0   0   0   0   0  25  43   0   0  32   0   0   0   0   0   0  0.43 0.05
   66 G     0  -2   2  -1  -3  -2  -2   6  -2  -4  -4  -2  -3  -4  -3   0  -2  -3  -3  -4    0   0  16   0   0   0   0  84   0   0   0   0   0   0   0   0   0   0   0   0  1.01 0.08
   67 F    -2  -3  -4  -4  -2  -3  -4  -4  -2   0   3  -3   1   6  -4  -3  -2   0   2  -1    0   0   0   0   0   0   0   0   0   0  35   0   0  65   0   0   0   0   0   0  0.67 0.08
   68 K    -1   3   2  -1  -3   0   0  -2  -1  -2   0   4  -1  -2  -2  -1  -1  -3  -2  -2    0  18  18   0   0   0   0   0   0   0  16  49   0   0   0   0   0   0   0   0  0.34 0.05
   69 G     0  -3  -1  -2  -3  -2  -3   6  -3  -4  -4  -2  -3  -4  -3  -1  -2  -3  -4  -4    0   0   0   0   0   0   0 100   0   0   0   0   0   0   0   0   0   0   0   0  1.27 0.09
   70 E     0   0   0   0  -2   1   4  -2  -1  -2  -3   2  -2  -3  -1   2   0  -3  -2  -1    0   0   0   0   0   0  42   0   0   0   0  16   0   0   0  35   0   0   0   7  0.38 0.06
   71 T     1  -1  -1  -1  -2   2   2  -2  -1  -2  -2   0  -1  -3  -1   1   4  -3  -2  -1   16   0   0   0   0  18  18   0   0   0   0   0   0   0   0   0  49   0   0   0  0.35 0.06
   72 Q    -1   0   0   2  -3   4   2  -2  -1  -3  -3   1  -1  -3  -2   0   1  -3  -2  -2    0   0   0  18   0  41  16   0   0   0   0   7   0   0   0   0  18   0   0   0  0.46 0.06
   73 I    -2  -3  -4  -4  -2  -3  -4  -4  -4   5   2  -3   1   0  -3  -3  -1  -3  -2   2    0   0   0   0   0   0   0   0   0  82  18   0   0   0   0   0   0   0   0   0  0.54 0.08
   74 N    -1  -1   6   0  -3  -1  -1   2   0  -3  -4  -1  -2  -3  -2   0   1  -4  -3  -3    0   0  69   0   0   0   0  18   0   0   0   0   0   0   0   0  14   0   0   0  0.65 0.08
   75 S    -1  -2   0   5  -3   0   2   2  -1  -4  -4  -1  -3  -4  -2   1  -1  -4  -3  -3    0   0   0  49   0   0  18  18   0   0   0   0   0   0   0  15   0   0   0   0  0.57 0.05
   76 D    -1  -1   0   1  -3   3   1   2   0  -3  -3   0  -2  -1  -2   1  -1  -1   3  -2    0   0   0   8   0  34   7  18   0   0   0   0   0   0   0  16   0   0  18   0  0.31 0.05
   77 L     1  -2  -3  -4  -1  -2  -3  -3  -3   1   4  -2   1   0  -3  -2  -1  -2  -2   0   18   0   0   0   0   0   0   0   0   0  82   0   0   0   0   0   0   0   0   0  0.43 0.07
   78 T     0   0   0  -1  -2   0  -1  -2  -1  -2  -2   1  -1  -1  -2   2   3  -1   2  -1    0   0   0   0   0   0   0   0   0   0   0  18   0   0   0  24  42   0  16   0  0.31 0.06
   79 G     1  -3  -1  -2  -2  -2  -2   5  -3   1  -2  -2  -2  -3  -2  -1  -1  -3  -3  -1   18   0   0   0   0   0   0  65   0  18   0   0   0   0   0   0   0   0   0   0  0.60 0.06
   80 Y    -2  -3  -3  -4  -2  -3  -3  -4  -1   3   0  -3   0   3  -3  -2  -1   0   5   2    0   0   0   0   0   0   0   0   0  35   0   0   0  14   0   0   0   0  35  16  0.43 0.06
   81 G     0  -3  -1  -2  -3  -2  -3   6  -2  -3  -3  -2  -2   2  -3  -1  -2  -2  -1  -3    0   0   0   0   0   0   0  82   0   0   0   0   0  18   0   0   0   0   0   0  0.91 0.08
   82 Q    -1   1  -1  -1  -3   5   1  -2   0  -2  -2   0  -1   2  -2   0   1  -2  -1  -2    0   7   0   0   0  60   0   0   0   0   0   0   0  16   0   0  18   0   0   0  0.44 0.08
   83 W     1  -3  -3  -4  -2  -2  -3  -3  -2  -1   1  -3  -1   1  -3  -2  -2   9   3  -2   18   0   0   0   0   0   0   0   0   0  18   0   0   0   0   0   0  49  16   0  1.11 0.09
   84 E    -1   0  -1   1  -4   3   5  -3   0  -4  -3   1  -2  -4  -2  -1  -1  -3  -2  -3    0   0   0   0   0  18  82   0   0   0   0   0   0   0   0   0   0   0   0   0  0.85 0.09
   85 Y     0  -2  -1  -2  -2  -2  -2   1   0  -2  -2  -2  -2   1  -3   1  -1   1   6  -2    7   0   0   0   0   0   0  16   0   0   0   0   0   0   0  18   0   0  60   0  0.55 0.08
   86 N    -1  -1   4   1  -3   2   3   2   0  -4  -3   0  -2  -4  -2   0  -1  -3  -2  -3    0   0  35   0   0  18  29  18   0   0   0   0   0   0   0   0   0   0   0   0  0.48 0.06
   87 F    -2  -3  -3  -4  -2  -3  -4  -4  -2   2   0  -3   0   6  -4  -3  -2   0   2   2    0   0   0   0   0   0   0   0   0  21   0   0   0  62   0   0   0   0   0  18  0.57 0.07
   88 Q     2   0   2  -1  -2   2   0  -1  -1  -2  -2   1  -1  -3  -1   1   1  -3  -2  -1   39   0  18   0   0  21   0   0   0   0   0   7   0   0   0   0  16   0   0   0  0.27 0.05
   89 G     3  -2  -1  -2  -1  -2  -2   2  -2   1  -1  -1  -1  -2  -2   0   1  -3  -2   0   45   0   0   0   0   0   0  21   0  18   0   0   0   0   0   0  16   0   0   0  0.26 0.04
   90 N    -1  -1   5   1  -3   0   2   2   0  -4  -4  -1  -3  -4  -2   0  -1  -4  -3  -3    0   0  65   0   0   0  18  18   0   0   0   0   0   0   0   0   0   0   0   0  0.64 0.08
   91 N    -2   1   4   2  -3   0   0  -2   0  -3  -3   0  -2   0  -2   0  -1  -1   4  -3    0   7  46  16   0   0   0   0   0   0   0   7   0   0   0   0   0   0  24   0  0.46 0.06
   92 S     3  -1  -1  -1  -1   2  -1   2  -1  -2  -2  -1  -1  -3  -1   1   1  -3  -2  -1   45   0   0   0   0  16   0  18   0   0   0   0   0   0   0   8  14   0   0   0  0.31 0.04
   93 E    -1  -1   2   1  -3   1   4   2   0  -3  -3   0  -2  -3  -1   0  -1  -2  -2  -2    1   1  19   1   0   1  50  17   0   1   2   1   0   1   1   1   1   0   1   1  0.39 0.04
   94 G     0   2   0   1  -2   2   0   0  -1  -2  -2   2  -1  -3  -1   1   0  -2  -2  -2    1  18   1   8   0  18   1   9   0   1   1  17   0   1   1  21   1   0   0   1  0.25 0.03
   95 A     0  -1   2   1  -2   0  -1  -1  -1   0  -1  -1  -1   2  -2   1   1  -2   0   1    8   0  16   7   0   7   0   0   0   0   0   0   0  18   0  20   7   0   0  18  0.11 0.03
   96 D     1  -1   4   1  -2   2   1   0   0  -3  -3   0  -2  -3  -2   0   1  -3  -2  -2   16   0  35   8   0  14   7   7   0   0   0   0   0   0   0   0  13   0   0   0  0.32 0.04
   97 A     2  -1   3   2  -2  -1   0   2  -1  -3  -3  -1  -2  -3  -2   2   0  -3  -2  -2   29   0  24  18   0   0   0  14   0   0   0   0   0   0   0  16   0   0   0   0  0.33 0.04
   98 Q    -1   0   2   1  -3   3   1   2  -1  -3  -3   2  -2  -3  -2   0  -1  -3  -2  -3    0   0  16   7   0  28   0  18   0   0   0  24   0   0   0   7   0   0   0   0  0.36 0.04
   99 T     0  -1   2   2  -2  -1   0   2  -1  -3  -3   0  -2  -3   3   1   1  -3  -2  -2    1   0  16  14   0   0   0  18   0   0   1   8   0   0  18  13   8   0   0   0  0.36 0.03
  100 G     0  -1   0  -1  -2  -1  -1   4  -1  -2  -2   0  -2  -2  -1   2   0  -2  -2  -2    2   1   1   1   0   1   1  41   0   1   2   8   0   1   1  35   1   0   1   1  0.38 0.03
  101 N    -1  -1   3   1  -2   1  -1  -2  -1   0   2  -1   3  -1  -2  -1  -1  -2  -2  -1    0   0  29   7   0   7   0   0   0   0  34   0  18   0   0   0   0   0   0   0  0.19 0.04
  102 K     0   0  -1   2  -2   0   0  -2  -1  -2  -2   3  -1   2  -2   0   1   3   0  -2    7   0   0  16   0   0   0   0   0   0   0  35   0  18   0   0  18   6   0   0  0.21 0.04
  103 T     1  -1   4   0  -2  -1  -1  -1  -1  -2  -2  -1  -1  -3  -2   1   4  -3  -2  -1   18   0  34   0   0   0   0   0   0   0   0   0   0   0   0   0  49   0   0   0  0.42 0.07
  104 R    -2   7  -1  -2  -4   1  -1  -3  -1  -4  -3   2  -2  -3  -3  -1  -2  -3  -2  -3    0 100   0   0   0   0   0   0   0   0   0   0   0   0   0   0   0   0   0   0  1.06 0.11
  105 L    -2  -2  -2  -3  -2   2  -1  -3   0   0   3  -2   1   1  -3  -2  -2   0   4   0    0   0   0   0   0  18   0   0   0   0  49   0   0   0   0   0   0   0  34   0  0.37 0.06
  106 A     3  -2  -2  -2  -1  -1  -2   2  -2   0  -1  -1  -1  -2  -2   0   1  -3  -2   1   52   0   0   0   0   0   0  14   0   0   0   0   0   0   0   0  16   0   0  18  0.28 0.05
  107 F    -3  -3  -3  -4  -3  -3  -3  -4  -1  -1   0  -3  -1   6  -4  -3  -3   7   4  -2    0   0   0   0   0   0   0   0   0   0   0   0   0  66   0   0   0  18  16   0  1.01 0.09
  108 A     4  -2  -2  -2  -1  -1  -1  -1  -2  -1  -1  -1  -1  -2  -1   0   0  -3  -2   1   82   0   0   0   0   0   0   0   0   0   0   0   0   0   0   0   0   0   0  18  0.44 0.08
  109 G     0  -3  -1  -2  -3  -2  -3   6  -3  -4  -4  -2  -3  -4  -3  -1  -2  -3  -4  -4    0   0   0   0   0   0   0 100   0   0   0   0   0   0   0   0   0   0   0   0  1.27 0.09
  110 L    -2  -3  -4  -4  -2  -3  -3  -4  -3   3   4  -3   2   0  -3  -3  -1  -2  -1   1    0   0   0   0   0   0   0   0   0  34  66   0   0   0   0   0   0   0   0   0  0.49 0.06
  111 K    -1   1   0   2  -3   0   0   2  -1  -3  -3   3  -2  -3  -2   1  -1  -3  -2  -3    0   7   0  18   0   0   0  16   0   0   0  42   0   0   0  18   0   0   0   0  0.35 0.05
  112 Y     1  -1  -1  -2  -1  -1  -1  -1   0  -1   0  -1   0   3  -1  -1  -1   0   4  -1   20   2   2   2   1   1   2   2   1   2  10   2   1  21   2   2   2   0  23   2  0.16 0.02
  113 A     2   0  -1  -1  -2   0  -1   3  -2  -3  -3   2  -2  -3  -1   2   0  -3  -2  -2   28   0   0   0   0   0   0  29   0   0   0  25   0   0   0  18   0   0   0   0  0.34 0.04
  114 D    -2  -1   3   5  -3   0   1  -1  -1  -3  -3  -1  -3  -4  -2   0   1  -4  -3  -3    0   0  24  53   0   0   7   0   0   0   0   0   0   0   0   0  16   0   0   0  0.64 0.06
  115 V    -2  -2  -3  -4  -3  -2  -3  -4   1  -1   1  -3  -1   3  -3  -2  -2   1   7   0    0   0   0   0   0   0   0   0   0   0  14   0   0   7   0   0   0   0  71   8  0.78 0.09
  116 G     0  -3  -1  -2  -3  -2  -3   6  -3  -4  -4  -2  -3  -4  -3  -1  -2  -3  -4  -4    0   0   0   0   0   0   0 100   0   0   0   0   0   0   0   0   0   0   0   0  1.27 0.09
  117 S     0   2   0   0  -2   0   2  -1  -1  -3  -3   0  -2  -3  -1   3   2  -3  -2  -2    0  18   0   0   0   0  16   0   0   0   0   0   0   0   0  49  18   0   0   0  0.36 0.06
  118 F    -1  -3  -3  -4  -2  -3  -3  -4  -3   3   1  -3   0   4  -3  -2  -1  -1   1   3    0   0   0   0   0   0   0   0   0  31   0   0   0  35   0   0   0   0   0  34  0.41 0.06
  119 D    -1  -2   0   5  -2  -1   0  -2  -2  -2  -3  -1  -2  -3  -2   0   4  -4  -3  -2    0   0   0  49   0   0   0   0   0   0   0   0   0   0   0   0  51   0   0   0  0.60 0.08
  120 Y    -2  -2  -2  -3  -3  -2  -3   1   0  -1   1  -2  -1   2  -3  -2  -2   1   6  -1    0   0   0   0   0   0   0  18   0   0  18   0   0   0   0   0   0   0  65   0  0.62 0.08
  121 G     0  -3  -1  -2  -3  -2  -3   6  -3  -4  -4  -2  -3  -4  -3  -1  -2  -3  -4  -4    0   0   0   0   0   0   0 100   0   0   0   0   0   0   0   0   0   0   0   0  1.27 0.09
  122 R    -2   6  -1  -2  -4   1   0  -3  -1  -3  -3   3  -2  -3  -2  -1  -2  -3  -2  -3    0  84   0   0   0   0   0   0   0   0   0  16   0   0   0   0   0   0   0   0  0.89 0.09
  123 N    -2  -1   5   0  -3   2   0  -1   0  -2  -2   0   3  -3  -2   0  -1  -3  -2  -2    0   0  65   0   0  18   0   0   0   0   0   0  18   0   0   0   0   0   0   0  0.56 0.08
  124 Y    -2  -2  -2   1  -3  -2  -2  -3   0  -1   0  -2  -1   4  -3  -2  -2   1   6  -2    0   0   0  16   0   0   0   0   0   0   7   0   0  18   0   0   0   0  59   0  0.66 0.08
  125 G     0  -2   0   2  -3  -2  -1   5  -2  -3  -3  -2  -3  -3  -2   0   1  -3  -3  -3    0   0   0  18   0   0   0  65   0   0   0   0   0   0   0   0  18   0   0   0  0.68 0.06
  126 V     3  -2  -1   2  -1  -1  -1  -1  -2   1  -1  -2  -1  -2  -2   0   0  -3  -2   3   40   0   0  18   0   0   0   0   0   0   0   0   0   0   0   0   0   0   0  42  0.22 0.05
  127 V     0  -2  -2  -3  -1  -2  -2  -3  -3   2   2  -2   2  -1  -2  -1   1  -2  -1   2    7   0   0   0   0   0   0   0   0  25  30   0   6   0   0   0  18   0   0  15  0.23 0.03
  128 Y    -1  -2  -1  -2  -3   2  -1   3   0  -3  -2  -1  -2   1  -3  -1  -2   0   5  -2    0   0   0   0   0  18   0  34   0   0   0   0   0   0   0   0   0   0  49   0  0.55 0.08
  129 D    -2  -2   1   6  -3  -1   1  -2  -2  -2  -3  -1  -3  -3  -2  -1  -1  -5  -3   0    0   0   0  84   0   0   0   0   0   0   0   0   0   0   0   0   0   0   0  16  0.85 0.09
  130 A     0  -3  -3  -3  -1  -2  -3  -3  -2   3   1  -3   0   0  -3  -2  -1  -1   3   3    8   0   0   0   0   0   0   0   0  35   0   0   0   0   0   0   0   0  18  39  0.31 0.05
  131 L     0  -2   0  -1  -2  -1   1   0  -2   0   2  -1   0   2  -2  -1   1  -2   0   0    7   0   7   0   0   0  13   7   0   0  33   0   0  18   0   0  16   0   0   0  0.09 0.03
  132 G     3  -2   0   2  -1  -1  -1   2  -2  -2  -3  -1  -2  -3  -1   2   0  -3  -2  -1   45   0   0  16   0   0   0  14   0   0   0   0   0   0   0  25   0   0   0   0  0.34 0.05
  133 Y    -1  -2  -2  -3  -3  -2  -2  -2  -1  -2  -2  -2  -2   3   3   1  -1   8   3  -2    0   0   0   0   0   0   0   0   0   0   0   0   0  16  18  18   0  34  15   0  0.87 0.07
  134 T     0  -2  -1  -2  -1  -1  -1  -2  -2  -1   1  -1   0  -2  -2   2   4  -3  -2   0    0   0   0   0   0   0   0   0   0   0  18   0   0   0   0  18  65   0   0   0  0.40 0.07
  135 D    -1  -2   1   6  -3  -1   1  -2  -2  -4  -4  -1  -3  -4  -2   1  -1  -4  -3  -3    0   0   0  82   0   0   0   0   0   0   0   0   0   0   0  18   0   0   0   0  0.92 0.09
  136 M     1  -2  -3  -3  -1  -1  -2  -3  -3   2   1  -2   5  -1  -3  -1  -1  -2  -2   2   18   0   0   0   0   0   0   0   0  16   0   0  42   0   0   0   0   0   0  24  0.30 0.06
  137 L    -1  -2  -2  -2  -1  -1  -2  -3  -2   0   3  -2   3   1  -2   1   2  -2  -1   0    0   0   0   0   0   0   0   0   0   0  42   0  16   7   0  18  18   0   0   0  0.21 0.04
  138 P    -1  -2  -1  -2  -2  -1  -2   2  -2  -2  -2  -1   2  -3   6   1  -1  -3  -3  -2    0   0   0   0   0   0   0  18   0   0   0   0  18   0  49  16   0   0   0   0  0.83 0.07
  139 E     1  -1  -1   0  -2   1   3  -1  -1  -1  -2   0  -1  -2  -1   0   2  -2  -2   0   19   1   1   1   0   1  43   1   0   1   1   1   0   1   1   1  19   0   1   8  0.25 0.04
  140 F    -2   2  -3  -4  -3  -2  -3  -3  -1  -1  -1  -1  -1   5  -4  -2  -2   6   4  -2    0  18   0   0   0   0   0   0   0   0   0   0   0  49   0   0   0  18  16   0  0.73 0.07
  141 G    -1  -1   0  -1  -3   2  -1   5   3  -4  -4  -1  -2  -3  -2  -1  -2  -3  -2  -3    0   0   0   0   0  18   0  66  16   0   0   0   0   0   0   0   0   0   0   0  0.73 0.07
  142 G     1  -2   1  -1  -2  -2  -2   5  -2  -4  -4  -2  -3  -3  -2   0  -1  -3  -3  -3   18   0   7   0   0   0   0  76   0   0   0   0   0   0   0   0   0   0   0   0  0.85 0.07
  143 D    -2  -1   4   5  -3  -1   0  -1  -1  -3  -3  -1  -3  -3  -2   0   2  -4  -3  -3    0   0  34  49   0   0   0   0   0   0   0   0   0   0   0   0  18   0   0   0  0.65 0.07
  144 T     0   0   0  -1  -2   0  -1  -2  -1  -2  -2   1  -1  -1  -2   3   3  -1   3  -1    0   0   0   0   0   0   0   0   0   0   0  18   0   0   0  34  30   0  18   0  0.30 0.05
  145 A     3  -2  -1  -2  -1  -1  -1  -1  -2   0  -1  -1  -1  -2  -1   1   2  -3  -2   1   56   0   0   0   0   0   0   0   0   0   0   0   0   0   0   7  20   0   0  18  0.30 0.05
  146 Y     1   1   2   2  -2   2   0  -1   4  -3  -3   0  -2  -2  -2   0  -1  -2   1  -2   23   7  13  18   0  14   0   0  18   0   0   0   0   0   0   0   0   0   8   0  0.26 0.04
  147 S     0   0  -1  -1  -2   0   2  -2  -1  -2  -2   2  -2  -3   3   1   2  -3  -2  -2    6   0   0   0   0   0  16   0   0   0   0  18   0   0  18  15  28   0   0   0  0.37 0.04
  148 D    -1  -1   0   4  -3  -1   0  -2  -2  -1   0   1  -1  -2  -2   0   1  -3  -2  -2    0   0   0  49   0   0   0   0   0   0  18  16   0   0   0   0  18   0   0   0  0.36 0.05
  149 D     1  -1   5   1  -2  -1  -1  -1  -1   1  -2  -1  -1  -2  -2   0   0  -4  -2   0   18   0  52   8   0   0   0   0   0  16   0   0   0   0   0   0   0   0   0   7  0.32 0.06
  150 F     1  -2   2  -2  -2  -2  -2  -2  -1  -1  -1  -2  -1   4  -2   0   1  -1   2  -1   16   0  18   0   0   0   0   0   0   0   0   0   0  41   0   0  18   0   7   0  0.29 0.05
  151 F    -1  -1  -1   2  -2   2   0  -3  -2   0   0  -1   5   1  -2  -1  -1  -2  -1   1    0   0   0  18   0  18   0   0   0   0   0   0  41   8   0   0   0   0   0  16  0.22 0.06
  152 V     2   2  -1  -2  -1  -1  -1  -2  -2   0  -1   0  -1  -2  -2   0   3  -3  -2   2   23  18   0   0   0   0   0   0   0   0   0   0   0   0   0   0  34   0   0  26  0.21 0.05
  153 G     0  -2  -1   2  -2  -2  -1   3  -2  -1   0   0  -1   2  -2  -1  -2  -2  -1  -2    7   0   0  16   0   0   0  34   0   0  18   7   0  18   0   0   0   0   0   0  0.21 0.03
  154 R    -2   6   2  -1  -4   0  -1  -2   0  -4  -3   2  -2  -3  -3  -1  -1  -3  -2  -3    0  82  18   0   0   0   0   0   0   0   0   0   0   0   0   0   0   0   0   0  0.82 0.09
  155 V     1  -1  -1  -1  -1   2  -1  -2  -2   0  -1  -1  -1  -2  -2   1   3  -3  -2   1   13   0   0   0   0  18   0   0   0   0   0   0   0   0   0  14  31   0   0  24  0.21 0.04
  156 G    -1  -1   3   4  -2  -1   0   0  -1  -3  -3  -1  -2  -3  -2   1   2  -4  -3  -2    0   0  24  34   0   0   0   8   0   0   0   0   0   0   0   7  28   0   0   0  0.44 0.05
  157 G     0  -2   2  -1  -3  -2  -2   6  -2  -4  -4  -2  -3  -4  -3   0  -2  -3  -3  -4    0   0  16   0   0   0   0  84   0   0   0   0   0   0   0   0   0   0   0   0  1.01 0.08
  158 V    -1  -2  -1   2  -2  -1  -1  -3  -2   1   2  -2   3  -1  -2  -1   1  -3  -2   2    0   0   0  18   0   0   0   0   0   0  21   0  16   0   0   0  18   0   0  27  0.17 0.04
  159 A     3  -2  -3  -3  -1  -2  -2  -1  -3   1   2  -2   0  -1  -2   0  -1  -3  -2   1   49   0   0   0   0   0   0   0   0   0  34   0   0   0   0   0   0   0   0  18  0.24 0.05
  160 T     2  -1  -1  -1  -1   2   0  -1  -2  -2  -2  -1  -1  -3  -1   1   4  -3  -2  -1   34   0   0   0   0  18   0   0   0   0   0   0   0   0   0   0  49   0   0   0  0.36 0.06
  161 Y    -2  -2  -3  -4  -3  -2  -3  -4   1  -1  -1  -2  -1   2  -3  -2  -2   1   7   1    0   0   0   0   0   0   0   0   0   0   0   0   0   0   0   0   0   0  82  18  0.94 0.11
  162 R    -2   5   2  -1  -4   3   0  -2   0  -3  -3   2  -2  -3  -2  -1  -1  -3  -2  -3    0  49  18   0   0  18   0   0   0   0   0  16   0   0   0   0   0   0   0   0  0.56 0.06
  163 N    -2  -1   6   1  -3  -1  -1   2   0  -4  -4  -1  -3  -4  -3   0  -1  -4  -3  -3    0   0  84   0   0   0   0  16   0   0   0   0   0   0   0   0   0   0   0   0  0.86 0.10
  164 S     0  -1   2   1  -2   2   0  -1  -1  -2  -2   0  -1  -3  -1   2   3  -3  -2  -1    0   0  14   7   0  16   0   0   0   0   0   0   0   0   0  26  38   0   0   0  0.35 0.05
  165 N    -1  -1   3   3  -2   0   0  -1  -1   0  -1  -1  -1  -2  -1   0   0  -2  -1   1    3   2  24  28   1   1   2   2   1   2   3   2   1   1   2   2   2   0   1  20  0.19 0.02
  166 F    -1   0  -1  -1  -2  -1  -1  -2  -1  -1   0   1   0   5  -1  -1  -1   0   2  -1    3   2   2   2   1   1   2   2   1   2   3  20   1  50   2   2   2   0   1   2  0.25 0.03
  167 F    -2  -2  -3  -3  -2  -3  -3  -3  -1  -1   0  -3   0   7  -3  -2  -2   0   2  -1    1   1   1   1   0   1   1   1   0   1   2   1   0  83   1   1   1   0   1   1  0.73 0.07
  168 G     0  -2   0  -1  -2  -1  -2   5  -2  -2  -2  -1  -2  -2  -2   0   1  -2  -2  -2    1   1   1   1   0   1   1  66   0   1   2   1   0   1   1   1  19   0   1   1  0.60 0.05
  169 L    -1  -1  -1   2  -1  -1  -1  -2  -2   0   2  -1   1  -1  -2   1   0  -2  -1   0    1   1   1  17   0   1   1   1   0   1  43   1   0   1   1  19   1   0   1   8  0.12 0.03
  170 V     1  -2  -3  -3  -1  -2  -3  -3  -3   2   2  -2   1  -1  -2  -1  -1  -3  -2   3   18   0   0   0   0   0   0   0   0   7  34   0   0   0   0   0   0   0   0  42  0.27 0.04
  171 D    -1  -1   3   4  -3   0   1   2  -1  -3  -3  -1  -2  -3  -1   0  -1  -3  -2  -3    1   1  25  36   0   1   8  19   0   1   1   1   0   1   1   1   1   0   1   1  0.43 0.04
  172 G     0  -2   2  -1  -3  -2  -2   6  -2  -4  -4  -2  -3  -4  -3   0  -2  -3  -3  -4    0   0  18   0   0   0   0  82   0   0   0   0   0   0   0   0   0   0   0   0  0.99 0.08
  173 L    -2  -3  -4  -4  -2  -3  -3  -4  -3   1   4  -3   1   3  -3  -3  -1  -1   0   2    0   0   0   0   0   0   0   0   0   0  66   0   0  18   0   0   0   0   0  16  0.43 0.05
  174 N    -1   0   4   3  -3   2   1  -1   0  -3  -3   3  -2  -4  -2   0  -1  -4  -2  -3    0   0  35  18   0  18   0   0   0   0   0  30   0   0   0   0   0   0   0   0  0.48 0.06
  175 F     0  -3  -3  -4  -2  -3  -3  -3  -2   0   1  -3   0   6  -3  -2  -2   0   2   0   16   0   0   0   0   0   0   0   0   0   7   0   0  70   0   0   0   0   0   7  0.57 0.07
  176 A     3  -2   0  -1  -1  -1  -1   2  -2  -2  -2  -1  -2  -3  -1   3   1  -3  -2  -1   35   0   0   0   0   0   0  18   0   0   0   0   0   0   0  40   7   0   0   0  0.38 0.05
  177 V     1  -2  -2  -3  -2  -2  -2   1  -2   1   1  -2   0   0  -2  -1  -1  -1   2   2   14   0   0   0   0   0   0  18   0   0  21   0   0   0   0   0   0   0  16  32  0.16 0.03
  178 Q     1   2  -1  -1  -2   4   1  -2  -1  -2  -2   1  -1  -3  -2   0   2  -3  -2  -2   18  16   0   0   0  49   0   0   0   0   0   0   0   0   0   0  18   0   0   0  0.41 0.07
  179 Y    -2  -2  -3  -4  -3  -2  -3  -4   1  -2  -1  -3  -1   4  -4  -2  -2   2   7  -2    0   0   0   0   0   0   0   0   0   0   0   0   0  16   0   0   0   0  84   0  1.12 0.11
  180 L     1  -1  -1  -1  -2   4   0  -2  -1   1   0   0   0  -2  -2   1   0  -3  -2   0   16   0   0   0   0  41   0   0   0  18   8   0   0   0   0  18   0   0   0   0  0.22 0.05
  181 G    -1  -3  -1   2  -3  -2  -2   4  -2  -1   0  -2  -1   2  -3  -1  -2  -2  -1  -2    0   0   0  16   0   0   0  49   0   0  18   0   0  18   0   0   0   0   0   0  0.37 0.05
  182 K    -1   3   1  -1  -3   0   0   2  -1  -3  -3   3  -2  -3  -2   1  -1  -3  -2  -3    0  23   6   0   0   0   0  18   0   0   0  35   0   0   0  18   0   0   0   0  0.37 0.04
  183 N    -2  -1   7   1  -3  -1  -1  -1   0  -4  -4  -1  -3  -4  -3   0  -1  -4  -3  -4    0   0 100   0   0   0   0   0   0   0   0   0   0   0   0   0   0   0   0   0  1.07 0.12
  184 E    -1  -1   2   3  -3   1   4   0   0  -3  -3   0  -2  -3  -1   0  -1  -3  -2  -2    1   1  19  15   0   1  45   8   0   1   2   1   0   1   1   1   1   0   1   1  0.40 0.04
  185 R    -1   3   1  -1  -2   0   1   0  -1  -2  -2   0  -1  -2  -1   0   3  -2  -2  -1    1  29   8   1   0   1   9   8   0   1   2   1   0   1   1   1  35   0   1   1  0.24 0.03
  186 D     0   2   2   1  -2   0   0  -1  -1  -2  -2   0  -1  -2  -1   2   1  -2  -2  -2    1  21  17   9   0   1   1   1   0   1   2   1   0   1   1  26  14   0   1   1  0.24 0.03
  187 T     1  -1   2   3  -2   0   3  -1  -1  -3  -3   0  -2  -3  -2   1   1  -4  -2  -2   16   0  18  26   0   0  25   0   0   0   0   0   0   0   0   7   8   0   0   0  0.39 0.04
  188 A     2  -2  -2  -2  -1  -1  -2  -2  -2   1   1  -2   0  -1  -2   1   1  -3  -2   2   24   0   0   0   0   0   0   0   0   7  18   0   0   0   0  18   7   0   0  27  0.16 0.03
  189 R    -1   2   0   2  -3   3   1  -2  -1  -3  -3   3  -2  -3  -2   0   0  -3  -2  -2    0  14   0  18   0  25   0   0   0   0   0  30   0   0   0   7   7   0   0   0  0.39 0.05
  190 R    -2   1  -1  -2  -3   0   1  -3   2  -2  -2   2  -1   3  -2  -1  -2   0   5  -2    0   8   0   0   0   0  14   0   6   0   0  21   0  18   0   0   0   0  34   0  0.37 0.05
  191 S     3  -1   0  -1  -1   2   1   0  -1  -2  -2   0  -1  -2  -1   2   0  -2  -2  -1   40   1   1   1   0  14   7   1   0   1   2   1   0   1   1  25   1   0   1   1  0.24 0.03
  192 N    -1  -1   6   3  -2   0   0  -1   0  -3  -3   0  -2  -3  -2   0   0  -3  -2  -3    1   1  67  17   0   1   1   1   0   1   2   1   0   1   1   1   1   0   1   1  0.60 0.06
  193 G    -1  -1   4   0  -2  -1  -1   4  -1  -3  -3  -1  -2  -3  -2   0  -1  -2  -2  -3    1   1  34   1   0   1   1  50   0   1   2   1   0   1   1   1   1   0   1   1  0.54 0.05
  194 D    -1   2   0   4  -3   0   1   2  -1  -3  -3   0  -2  -3  -1   0  -1  -3  -2  -3    1  19   1  50   0   1   1  17   0   1   2   1   0   1   1   1   1   0   1   1  0.43 0.04
  195 G     1  -2  -1  -1  -3  -1   1   5  -2  -3  -3  -1  -3  -3  -2   0  -1  -3  -3  -3   18   0   0   0   0   0  16  66   0   0   0   0   0   0   0   0   0   0   0   0  0.70 0.06
  196 V    -2  -3  -2   1  -3  -2  -2  -3   0  -1  -1  -2  -1   5  -3  -2  -2   4   5   0    0   0   0  16   0   0   0   0   0   0   0   0   0  35   0   0   0   6  35   8  0.55 0.06
  197 G     0  -2   2  -1  -3  -1  -2   5  -2  -4  -4  -1  -3  -3  -2   1  -1  -3  -3  -3    0   0  18   0   0   0   0  65   0   0   0   0   0   0   0  18   0   0   0   0  0.73 0.06
  198 G     2  -2  -2  -3  -1  -2  -2   0  -1   0   1  -2   0   1  -2   0   0  -1   3   0   35   0   0   0   0   0   0   8   0   7  20   0   0   7   0   0   7   0  16   0  0.14 0.03
  199 S     2  -2   0  -1  -1  -1  -1   3  -2  -3  -3  -1  -2  -3  -1   3   0  -3  -2  -2   18   0   0   0   0   0   0  25   0   0   0   0   0   0   0  58   0   0   0   0  0.46 0.06
  200 I     1  -2  -2  -2  -1  -2  -2  -2  -2   1   2  -2   1   1  -2   1   1  -2  -1   0   18   0   0   0   0   0   0   0   0   8  41   0   0   7   0  14  13   0   0   0  0.16 0.03
  201 S     0   2   1  -1  -2   0  -1  -1  -1  -2  -2   0  -2  -3  -1   3   3  -3  -2  -2    0  18   7   0   0   0   0   0   0   0   0   0   0   0   0  48  27   0   0   0  0.38 0.06
  202 Y     1  -2  -3  -3  -3  -2  -2  -3   1  -2  -2  -2  -2   2  -3  -2  -2   1   7  -2   16   0   0   0   0   0   0   0   0   0   0   0   0   0   0   0   0   0  84   0  0.95 0.11
  203 E    -1  -1   0   3  -3   3   2  -2  -1   0  -2   0  -1  -3  -2   0   1  -3  -2  -1    0   0   0  20   0  25  21   0   0  16   0   0   0   0   0   0  18   0   0   0  0.29 0.05
  204 Y    -2  -2   0  -3  -2  -2  -3  -3   0   1   2  -2   0   4  -3  -2  -2   0   4   0    0   0   7   0   0   0   0   0   0  14  24   0   0  25   0   0   0   0  30   0  0.38 0.05
  205 E    -1  -1   1   2  -3   2   2   2  -1  -3  -3   0  -2  -3  -2   1   1  -3  -2  -2    0   0   7  18   0  18  14  20   0   0   0   0   0   0   0   7  16   0   0   0  0.32 0.03
  206 G     0  -3  -1  -2  -3  -2  -3   6  -2  -3  -2  -2   2  -3  -3  -1  -2  -3  -3  -2    0   0   0   0   0   0   0  82   0   0   0   0  18   0   0   0   0   0   0   0  0.89 0.08
  207 F    -1  -3  -3  -3  -2  -3  -3   1  -2   1   1  -3   0   5  -3  -2  -2  -1   1   1    0   0   0   0   0   0   0  18   0   7  18   0   0  43   0   0   0   0   0  14  0.32 0.05
  208 G     0   0   4   0  -2   0   0   2  -1  -3  -3   2  -2  -3  -2   2   0  -3  -2  -3    7   0  41   0   0   0   0  14   0   0   0  18   0   0   0  20   0   0   0   0  0.39 0.05
  209 I     0  -3  -3  -4  -1  -3  -3  -3  -3   2   2  -3   1   2  -3  -2  -1  -2   0   3    6   0   0   0   0   0   0   0   0  15  18   0   0  14   0   0   0   0   0  47  0.29 0.04
  210 V     1  -3  -1  -2  -2  -2  -2   5  -2  -3  -3  -2  -2  -3  -2   0  -1  -3  -3  -1    7   0   0   0   0   0   0  78   0   0   0   0   0   0   0   7   0   0   0   8  0.82 0.07
  211 G     4  -2  -1  -2  -1  -1  -1   3  -2  -2  -2  -1  -2  -3  -1   1   2  -3  -2  -1   60   0   0   0   0   0   0  22   0   0   0   0   0   0   0   0  18   0   0   0  0.41 0.06
  212 A     3  -2  -2  -2  -1  -1  -2   3  -2  -1   0  -1  -1  -2  -2   0   0  -3  -2  -1   53   0   0   0   0   0   0  23   0   0  18   0   0   0   0   0   7   0   0   0  0.29 0.05
  213 Y     1  -2  -3  -3  -2  -2  -2  -3   1  -2  -1  -2  -1   3  -3  -1  -2   1   7  -1   18   0   0   0   0   0   0   0   0   0   0   0   0   7   0   0   0   0  75   0  0.83 0.10
  214 G     2  -2  -1  -1  -1  -1  -1   1  -2  -2  -2  -1  -2  -3   3   2   2  -3  -2  -1   29   0   0   0   0   0   0   8   0   0   0   0   0   0  18  32  13   0   0   0  0.41 0.04
  215 A     0  -1   1   2  -2   2   0  -1  -1  -1  -2   0  -1  -3  -2   2   0  -3  -2   0    8   0   7  16   0  18   0   0   0   0   0   7   0   0   0  27   0   0   0  18  0.19 0.03
  216 A     2  -1  -1  -1  -1   2   0  -1  -1  -1  -2  -1  -1  -2  -1   3   0  -3  -2   1   26   0   0   0   0  16   0   0   0   0   0   0   0   0   0  41   0   0   0  18  0.25 0.05
  217 D     1  -1   4   4  -3  -1   0  -1  -1  -3  -3  -1  -3  -3  -2   0  -1  -4  -3  -3   18   0  39  43   0   0   0   0   0   0   0   0   0   0   0   0   0   0   0   0  0.60 0.07
  218 R    -2   4   2   2  -3   0   0  -2  -1  -2  -1   1   2  -3  -2  -1  -1  -3  -2  -2    0  49  18  16   0   0   0   0   0   0   0   0  18   0   0   0   0   0   0   0  0.41 0.06
  219 T    -1  -1   0  -1  -2   4   0  -2  -1  -2  -2   0  -1  -3  -2   1   5  -3  -2  -1    0   0   0   0   0  34   0   0   0   0   0   0   0   0   0   0  66   0   0   0  0.53 0.09
  220 N    -2   0   4   3  -3   0   1  -2  -1  -2   0   2  -1  -3  -2   0  -1  -4  -2  -2    0   0  37  24   0   0   7   0   0   0  14  18   0   0   0   0   0   0   0   0  0.36 0.05
  221 L     0  -1   2   2  -2   0   1   1  -1  -2  -1  -1  -1  -2   3   0  -1  -3  -2  -2    8   1  18  14   0   1   8  15   0   1   9   1   0   1  19   1   1   0   1   1  0.28 0.02
  222 Q    -1   1  -1  -1  -2   4   1  -2   0  -1   1   2   0  -2  -1  -1  -1  -2  -1  -1    1   1   1   1   0  49   1   1   0   1  19  19   0   1   1   1   1   0   1   1  0.32 0.05
  223 E     0   0   1  -1  -2   0   1   2  -1  -1  -2   2  -1  -2  -1   0   1  -2  -2  -1    1   1   8   1   0   1   9  19   0   1   1  29   0   1   1   1  19   0   1   7  0.17 0.02
  224 A     0  -1   2   2  -2  -1   0   2  -1  -1   0  -1  -1  -1  -1   0  -1  -2   1  -1    9   1  14  19   0   1   1  19   0   1  16   1   0   1   1   8   1   0   8   1  0.13 0.02
  225 Q     1  -1  -1  -1  -2   2   0   0   1  -1  -1   0  -1   2  -1   0  -1  -1   0   0   19   1   1   1   0  15   1   8   7   1   1   8   0  18   1   8   1   0   1   8  0.08 0.02
  226 P    -1   2   3   0  -2   0  -1  -1  -1  -2  -2   0  -1   0   1   1   1  -2  -1  -2    1  19  26   1   0   1   1   1   0   1   1   1   0   7   9  15  14   0   1   1  0.22 0.03
  227 L     0   0   0  -1  -2   0   1  -2  -1   1   0   0   0   0  -1   0   0  -2  -1   0    7   8   7   1   0   1  19   1   0  18   9   1   0   7   1   9   8   0   1   1  0.05 0.01
  228 G     2  -1  -1  -1  -1  -1  -1   4  -2  -2  -2  -1  -2  -2  -1   2   0  -2  -2  -2   29   1   1   1   0   1   1  40   0   1   1   1   0   1   1  19   1   0   1   1  0.39 0.03
  229 N     0  -1   3   0  -2   0   0   3  -1  -2  -2   0  -2  -2  -1   1   1  -2  -2  -2    9   1  26   1   0   1   8  25   0   1   1   8   0   1   1   8   8   0   1   1  0.26 0.02
  230 G     0  -2   0   2  -2  -1  -1   4  -2  -2  -3  -1  -2  -3  -1   0   1  -2  -2  -2    1   1   1  19   0   1   1  50   0   1   1   1   0   1   1   1  19   0   1   1  0.44 0.04
  231 K    -1   0   3   3  -2   0   0  -1  -1  -2  -2   2  -2  -3  -1   0   2  -3  -2  -2    1   1  18  28   0   1   1   1   0   1   1  22   0   1   1   1  19   0   1   1  0.30 0.03
  232 K     1   1   1   2  -2   0   0  -1  -1  -2  -2   3  -1  -3  -1   0  -1  -3  -2  -2   19   8   7  19   0   1   1   1   0   1   1  36   0   1   1   1   1   0   1   1  0.24 0.03
  233 A     4  -1  -2  -2  -1  -1  -1   0  -1  -1  -1  -1  -1   0  -1   0   0  -1   3  -1   68   1   1   1   0   1   1   1   0   1   1   1   0   1   1   1   1   0  18   1  0.31 0.05
  234 E     0   0   0   2  -2   2   2  -1  -1  -2  -2   0  -1  -2  -1   2   2  -2  -2  -2    1   1   1  14   0  15  22   1   0   1   1   1   0   1   1  19  19   0   1   1  0.28 0.03
  235 Q     2  -2  -2  -1  -2   1   1  -2  -2   1  -1  -1   0   2  -2   0  -1  -2   0   1   34   0   0   0   0   8  16   0   0  18   0   0   0  18   0   0   0   0   0   7  0.12 0.04
  236 W    -3  -2  -3  -4  -3   2  -2  -3  -1  -3  -2  -2  -2   1  -4  -3  -3  10   4  -3    0   0   0   0   0  18   0   0   0   0   0   0   0   0   0   0   0  66  16   0  1.76 0.12
  237 A     2  -2   1  -2  -2  -1  -2   3  -2  -2  -1  -1   2  -2  -2   0   1  -3  -2  -1   29   0   7   0   0   0   0  35   0   0   0   0  16   0   0   0  13   0   0   0  0.31 0.04
  238 T     2   2  -1  -2  -1  -1  -1  -2  -2   0   1   0   0  -2  -2   0   2  -3  -2   0   31  18   0   0   0   0   0   0   0   0  16   0   0   0   0   0  29   0   0   7  0.18 0.04
  239 G     1  -2  -1  -1  -2  -2  -2   5  -2  -3  -3  -1  -2  -3  -2   1  -1  -3  -3  -3   16   0   0   0   0   0   0  66   0   0   0   0   0   0   0  18   0   0   0   0  0.73 0.06
  240 L     1   2  -2  -2  -1  -1  -2  -2  -2   0   2  -1   0  -1  -2   0   1  -2  -2   0   23  18   0   0   0   0   0   0   0   0  42   0   0   0   0   0  18   0   0   0  0.17 0.04
  241 K    -1   3  -1  -1  -2   0   0  -2  -1  -1  -2   4  -1  -3  -2   1   0  -3  -2   0    0  18   0   0   0   0   0   0   0   0   0  49   0   0   0  16   0   0   0  18  0.31 0.05
  242 Y    -2  -2  -3  -4  -3  -2  -3  -4   1  -2  -2  -2  -2   3  -4  -2  -2   2   8  -2    0   0   0   0   0   0   0   0   0   0   0   0   0   0   0   0   0   0 100   0  1.31 0.13
  243 D    -1   2   0   4  -3  -1   0   2  -1  -3  -3   0  -2  -1  -2   0  -1  -2   3  -3    0  16   0  42   0   0   0  18   0   0   0   0   0   0   0   7   0   0  18   0  0.38 0.05
  244 A     3  -2  -2   0  -1  -1  -1  -1  -2   0   1  -1   2  -2  -2   0  -1  -3  -2   0   60   0   0   7   0   0   0   0   0   0  18   0  16   0   0   0   0   0   0   0  0.24 0.06
  245 N    -1  -1   5   0  -3   0   1   3  -1  -4  -4  -1  -3  -4  -2   0  -1  -4  -3  -3    0   0  49   0   0   0  16  35   0   0   0   0   0   0   0   0   0   0   0   0  0.60 0.07
  246 N     1  -1   5   3  -3   1   0   1   0  -3  -3  -1  -2  -3  -2   0  -1  -4  -3  -3   18   0  50  18   0   7   0   7   0   0   0   0   0   0   0   0   0   0   0   0  0.47 0.06
  247 I     0  -2  -2  -3  -1  -2  -2  -3  -3   3   2  -2   1  -1  -2   1   0  -3  -2   2    7   0   0   0   0   0   0   0   0  28  34   0   0   0   0  18   0   0   0  14  0.21 0.03
  248 Y    -2  -2  -3  -4  -3  -2  -3  -4   1  -1  -1  -2   3   2  -3  -2  -2   1   7  -1    0   0   0   0   0   0   0   0   0   0   0   0  18   0   0   0   0   0  82   0  0.98 0.11
  249 L     1  -2  -3  -4  -2  -2  -3  -3  -3   1   3  -2   1   2  -3  -2  -1  -1   0   0   18   0   0   0   0   0   0   0   0   7  59   0   0  16   0   0   0   0   0   0  0.31 0.05
  250 A     4  -2  -2  -2  -1  -1  -2   2  -1  -2  -2  -1  -2  -1  -2   0  -1  -1   3  -1   65   0   0   0   0   0   0  18   0   0   0   0   0   0   0   0   0   0  18   0  0.38 0.06
  251 A     3  -2  -1  -2  -1  -1  -2   3  -2  -1  -2  -1  -1  -3  -2   0   2  -3  -2   0   40   0   0   0   0   0   0  34   0   0   0   0   0   0   0   0  20   0   0   7  0.37 0.05
  252 N    -1  -2   1  -2  -2  -1  -2  -3  -2   0   2  -2   3   1   3  -1   0  -2  -1   0    0   0  15   0   0   0   0   0   0   0  34   0  21   7  18   0   7   0   0   0  0.27 0.04
  253 Y    -2  -2  -3  -4  -3  -2  -3  -4   1  -1   1  -3   0   4  -4  -2  -2   1   7  -1    0   0   0   0   0   0   0   0   0   0  18   0   0  16   0   0   0   0  66   0  0.80 0.09
  254 G     1  -1   0  -1  -2   2   0   2  -1  -2  -2   0  -1  -3  -1   3   2  -3  -2  -2   14   0   0   0   0  18   0  15   0   0   0   0   0   0   0  37  16   0   0   0  0.32 0.04
  255 E    -1  -1   0   3  -4   1   5   2  -1  -4  -4   0  -3  -4  -2  -1  -1  -3  -3  -3    0   0   0  16   0   0  66  18   0   0   0   0   0   0   0   0   0   0   0   0  0.64 0.07
  256 T     0  -2   0   2  -2  -1  -1   3  -2  -2  -3  -1  -2  -3  -2   0   4  -3  -3  -2    0   0   0  18   0   0   0  34   0   0   0   0   0   0   0   0  49   0   0   0  0.44 0.06
  257 R    -1   3  -1   0  -3   2   3  -3  -1  -1   1   1   0  -2  -2  -1  -1  -3  -2  -2    0  28   0   0   0  14  34   0   0   0  25   0   0   0   0   0   0   0   0   0  0.32 0.05
  258 N    -2  -1   4  -1  -2  -1  -2  -2  -1   0   3   0   0  -1  -3  -1  -1  -3  -2  -1    0   0  42   0   0   0   0   0   0   0  51   7   0   0   0   0   0   0   0   0  0.30 0.06
  259 A     1  -2  -2  -2  -2  -1   1  -2  -2  -1   1  -1   4  -1  -2  -1  -1   6  -1  -1   24   0   0   0   0   0  18   0   0   0   7   0  34   0   0   0   0  18   0   0  0.36 0.07
  260 T     0  -1   0  -1  -2  -1  -1   2  -2  -2  -2   1  -1  -3  -2   1   4  -3  -2  -1    0   0   0   0   0   0   0  18   0   0   0  16   0   0   0   0  66   0   0   0  0.42 0.07
  261 P    -1  -1  -1   2  -3   2   0  -2  -1  -2  -2  -1  -2  -1   5  -1  -1  -2   3  -1    0   0   0  16   0  18   0   0   0   0   0   0   0   0  42   0   0   0  18   7  0.71 0.06
  262 I    -1  -2  -2  -3  -2  -2  -2  -3   0   2   0  -2   0   3  -3   1  -1   0   4   1    0   0   0   0   0   0   0   0   0  21   0   0   0  13   0  18   0   0  32  16  0.29 0.05
  263 T     0   2   0  -1  -2   0  -1   2  -1  -2  -2   1  -1  -2  -1   2   1  -2  -2  -2    1  18   1   1   0   1   1  21   0   1   1   8   0   1   1  26  16   0   1   1  0.23 0.03
  264 N    -1   1   3   1  -2   2   0   0   0  -1   0   0   0  -2  -1   0   0  -2  -2  -1    1   8  22   7   0  18   1   8   0   1  19   1   0   1   1   8   1   0   1   1  0.13 0.02
  265 K    -1  -1   0   2  -1   0   0  -1  -1   0   0   0   0   1  -1   0   1  -1  -1   0    3   2   2  20   1   2   2   3   1   2  11  10   1   8   2   3  20   0   1   9  0.07 0.01
  266 F     0  -1   2   0  -1   0   0   0   0  -1  -1   0  -1   1  -1   2   0  -1   0  -1    3   2  20   2   1   2   3   3   1   2   4   2   1   9   2  35   3   1   1   3  0.14 0.02
  267 T     0  -1   0   1  -1  -1   0  -1  -1   0   1  -1   0  -1  -1   0   3  -1  -1   0    3   2   2   9   1   2   3   3   1   2  22   2   1   2   2   3  35   1   1   3  0.10 0.01
  268 N     1  -1   1   4  -2   0   0  -1  -1  -2  -2  -1  -2  -2  -1   1   1  -2  -2  -1   19   1   9  35   0   1   1   2   0   1   2   1   0   1   1  14   8   0   1   1  0.27 0.03
  269 T    -1  -1   2   1  -1   0   0  -1   0  -1  -1   0  -1   0  -1   0   1   0   3   0    4   2  20   9   1   2   3   3   1   2   4   3   1   2   2   3  10   1  17  10  0.09 0.01
  270 S     0  -1   1   0  -1   0  -1   2  -1  -1  -1   0  -1  -1  -1   1   2  -1   1  -1    3   2   8   2   1   2   2  21   1   2   4   2   1   2   2  17  18   1   7   3  0.14 0.01
  271 G     2  -1   0  -1  -1  -1  -1   4   1  -2  -2  -1  -1  -2  -1   0  -1  -2  -1  -1   26   2   1   2   1   1   2  40   7   2   3   2   1   1   2   2   2   0   1   2  0.29 0.02
  272 F    -1  -2  -2  -2  -2  -2  -2  -2  -1   2   0  -2   0   3   3  -1  -1   0   3   1    1   1   1   1   0   1   1   1   0  22   2   1   0  22  19   1   1   0  16   7  0.29 0.03
  273 A     3  -1  -1  -1  -1  -1  -1   0  -1  -1  -1  -1  -1  -2   0   1   2  -2  -1   0   51   2   2   2   1   1   2   2   1   2   3   2   1   1   2   2  20   0   1   2  0.20 0.03
  274 N    -1  -1   4   0  -2   0  -1  -1   0   1  -1  -1  -1  -1  -1   0   0  -2  -1   0    3   2  50   2   1   1   2   2   1  19   3   2   1   1   2   2   2   0   1   2  0.24 0.03
  275 K    -1   3   0  -1  -2   1   0  -1  -1  -2  -2   4  -1  -2  -1   0  -1  -2  -1  -2    3  19   2   2   1   1   2   2   1   2   3  51   1   1   2   2   2   0   1   2  0.31 0.03
  276 T     2  -1   0  -1  -1  -1  -1  -1  -1  -1  -1  -1  -1  -2  -1   1   3  -2  -1   0   27   2   2   2   1   1   2   2   1   2   3   2   1   1   2   2  44   0   1   2  0.21 0.03
  277 Q    -1   2   0   2  -3   4   1  -2   0  -3  -2   2  -1  -3  -1   0  -1  -2  -2  -2    1   8   1  19   0  42   1   1   0   1   1  19   0   1   1   1   1   0   1   1  0.40 0.04
  278 D    -1  -1   5   2  -2  -1   0  -1   0  -1  -2  -1  -1  -2  -2   0   0  -3  -2   1    1   1  52  16   0   1   1   1   0   1   1   1   0   1   1   1   1   0   1  19  0.36 0.05
  279 V    -1  -2  -2  -3  -2  -2  -2  -3  -1   2   1  -2   3   3  -2  -2  -1   0   3   1    1   1   1   1   0   1   1   1   0  15   1   1  18  20   1   1   1   0  18  16  0.22 0.03
  280 L    -1  -1  -1   1  -4   1   6  -3  -1  -3  -1   0  -2  -3  -2  -1  -1  -3  -2  -3    0   0   0   0   0   0  92   0   0   0   8   0   0   0   0   0   0   0   0   0  0.81 0.10
  281 L     2  -2  -3  -3  -1  -2  -2  -2  -3   1   3  -2   1  -1  -2  -1  -1  -2  -2   1   31   0   0   0   0   0   0   0   0   7  56   0   0   0   0   0   0   0   0   6  0.27 0.05
  282 V     1  -2   2  -1  -1  -1  -1  -2  -2   0  -1  -1  -1  -2  -2   0   3  -3  -2   2   16   0  18   0   0   0   0   0   0   0   0   0   0   0   0   0  31   0   0  35  0.21 0.05
  283 A     4  -2  -2  -2  -1  -1  -1  -1  -2  -1  -1  -1  -1  -2  -1   0   0  -3  -2   1   82   0   0   0   0   0   0   0   0   0   0   0   0   0   0   0   0   0   0  18  0.44 0.08
  284 Q    -1   0  -1  -1  -3   4   1   1  -1  -1  -2   2  -1  -3  -2  -1  -1  -3  -2   0    0   0   0   0   0  49   0  16   0   0   0  18   0   0   0   0   0   0   0  18  0.34 0.06
  285 Y    -2  -2  -3  -4  -3  -2  -3  -4   1  -2  -2  -2  -2   3  -4  -2  -2   2   8  -2    0   0   0   0   0   0   0   0   0   0   0   0   0   0   0   0   0   0 100   0  1.31 0.13
  286 Q    -1   0   2   0  -3   4   1  -2   0  -3  -1   2  -1  -3  -2   1   0  -3  -2  -2    0   0  18   0   0  42   0   0   0   0   7  16   0   0   0  18   0   0   0   0  0.37 0.06
  287 F    -2  -3  -4  -4  -2  -3  -3  -4  -2   1   2  -3   1   5  -4  -3  -2   0   1   1    0   0   0   0   0   0   0   0   0   0  34   0   0  49   0   0   0   0   0  18  0.48 0.06
  288 D    -1  -2   3   4  -3   0   1   2  -1  -3  -3  -1  -3  -3  -2   0   1  -4  -3  -3    0   0  18  41   0   0   7  16   0   0   0   0   0   0   0   0  18   0   0   0  0.48 0.05
  289 F    -2  -2   1   2  -3   2   0  -2  -1  -2  -1  -1  -1   4   3  -1  -2  -1   1  -2    0   0   7  18   0  16   0   0   0   0   0   0   0  41  18   0   0   0   0   0  0.39 0.06
  290 G     2  -1  -1  -2  -2  -1  -1   4  -2  -3  -3   1  -2  -3  -2   0  -1  -3  -3  -2   34   0   0   0   0   0   0  49   0   0   0  18   0   0   0   0   0   0   0   0  0.51 0.05
  291 L     0  -3  -3  -4  -2  -2  -3  -3  -3   1   3  -3   1   0  -3  -2  -1   6  -1   0   16   0   0   0   0   0   0   0   0   7  59   0   0   0   0   0   0  18   0   0  0.47 0.06
  292 R     1   4  -1  -2  -3   0  -1   2  -1  -2  -2   1  -1   2  -2  -1  -1  -2  -1  -2   18  42   0   0   0   0   0  18   0   0   0   7   0  16   0   0   0   0   0   0  0.29 0.05
  293 P    -1  -2  -2  -2  -2  -2  -2  -3  -3  -1   2  -2   0  -2   6  -1   1  -3  -2  -1    0   0   0   0   0   0   0   0   0   0  35   0   0   0  49   0  16   0   0   0  0.82 0.07
  294 S     2   2   0  -1  -2   0  -1   2  -1  -3  -3   0  -2  -3  -1   3   0  -3  -2  -2   22  18   0   0   0   0   0  18   0   0   0   0   0   0   0  43   0   0   0   0  0.34 0.05
  295 I     1  -2  -2  -3  -1  -2  -2  -2  -3   2   2  -2   1  -1  -2  -1   1  -3  -2   2   18   0   0   0   0   0   0   0   0  15  21   0   0   0   0   0  16   0   0  31  0.20 0.03
  296 A     3  -2  -1  -2  -2  -1  -2   3  -1  -2  -2  -1  -2  -1  -2   1  -1  -1   2  -1   42   0   0   0   0   0   0  34   0   0   0   0   0   0   0   7   0   0  17   0  0.38 0.05
  297 Y    -2  -2   2  -2  -3  -2  -2  -3   1  -2  -2  -2  -2   3  -3  -2  -2   1   7  -2    0   0  17   0   0   0   0   0   0   0   0   0   0   7   0   0   0   0  76   0  0.85 0.09
  298 T    -1   2   2  -1  -2  -1  -1  -2  -1   1   1   0   0  -2  -2   0   2  -3  -2   1    0  18  17   0   0   0   0   0   0   7  15   0   0   0   0   0  27   0   0  16  0.14 0.03
  299 K     1   0  -1  -1  -2   2   0  -2   0  -1   0   1   1   0  -2   1   0  -1   3  -1   17   0   0   0   0  23   0   0   0   0   8   9   7   0   0  18   0   0  18   0  0.17 0.04
  300 S     0  -1   0  -1  -2   0   2  -1  -1  -1   0  -1  -1  -2  -1   3   2  -3  -2  -1    0   0   0   0   0   0  17   0   0   0  18   0   0   0   0  46  18   0   0   0  0.25 0.05
  301 K    -1   1   2   0  -3   1   2  -2  -1  -3  -3   3  -2  -3  -1   0   1  -3  -2  -2    0   0  18   0   0   0  18   0   0   0   0  46   0   0   0   0  17   0   0   0  0.38 0.05
  302 A     3  -2   2  -1  -2  -1  -1   4  -1  -3  -3  -1  -2  -3  -2   0  -1  -3  -3  -2   44   0  18   0   0   0   0  38   0   0   0   0   0   0   0   0   0   0   0   0  0.46 0.05
  303 K    -1   2   0  -1  -3   1   0  -2  -1  -3  -3   5  -2  -3  -1   1  -1  -3  -2  -3    0   7   0   0   0   0   0   0   0   0   0  74   0   0   0  18   0   0   0   0  0.53 0.07
  304 D    -1  -1   1   5  -3   0   2  -1  -1  -3  -3   0  -2  -3  -1   0  -1  -3  -2  -3    1   1   1  66   0   1  18   1   0   1   2   1   0   1   1   1   1   0   1   1  0.66 0.05
  305 V    -1  -1  -1  -1  -1  -1  -1  -2  -2   2   2  -1   1   0  -1   0   1  -1  -1   1    3   2   2   2   1   2   2   3   1  17  26   2   1   1   2   3  19   0   1  11  0.08 0.01
  306 E     0   0   1   0  -2   1   2   1   2  -2  -2   0  -1  -2  -1   1   0  -2  -1  -1    3   2  10   2   1   2  26  10   8   2   3   2   1   1   2  20   2   0   1   2  0.17 0.01
  307 G     1  -1   0   1  -1  -1  -1   3  -1  -1  -1  -1  -1  -2  -1   0  -1  -2  -1   0   21   2   2  10   1   2   2  33   1   2   3   2   1   1   2   3   2   0   1  10  0.19 0.01
  308 I    -1  -1   2  -1  -1  -1  -1  -1   2   2   0  -1   0  -1  -1  -1   0  -2  -1   1    3   2  20   2   1   2   2   3   8  25   3   2   1   1   2   3   2   0   1  18  0.06 0.01
  309 G     0  -2   0   2  -2  -1  -1   5  -2  -3  -3  -1  -2  -3  -2   0  -1  -2  -3  -3    1   1   1  16   0   1   1  69   0   1   2   1   0   1   1   1   1   0   1   1  0.67 0.04
  310 D    -1  -1   2   5  -3   0   2  -1  -1  -3  -3   0  -2  -3  -1   0  -1  -3  -2  -3    1   1   9  58   0   1  19   1   0   1   2   1   0   1   1   1   1   0   1   1  0.59 0.04
  311 V     0   1   0   0  -2   1   2  -1   2  -1  -2   1  -1  -2  -1   1   1  -2  -1   0    1   8   1   1   0   1  27   1   9   1   2   8   0   1   1  20   8   0   1  10  0.18 0.02
  312 D    -1  -1   0   4  -2  -1   0  -2  -1  -1   0  -1  -1  -2  -1   0   1  -2  -2  -1    1   1   1  47   0   1   1   1   0   1  20   1   0   1   1   1  19   0   1   1  0.30 0.04
  313 L    -1  -1  -1  -1  -2   0   1  -2   4   0   2  -1   1  -1  -2  -1  -1  -2   0   0    1   1   1   1   0   1  19   1  19   1  48   1   0   1   1   1   1   0   1   1  0.18 0.03
  314 V     1  -3  -3  -3  -1  -2  -3  -3  -3   1   2  -2   0   0  -3  -2  -1   6   0   2   17   0   0   0   0   0   0   0   0   0  27   0   0   0   0   0   0  18   0  38  0.39 0.05
  315 N    -1   1   4   2  -3   0   0  -1  -1  -3  -3   4  -2  -4  -2   0  -1  -4  -2  -3    0   0  35  17   0   0   0   0   0   0   0  49   0   0   0   0   0   0   0   0  0.51 0.06
  316 Y    -2  -1   2   2  -3   2   0  -2   1  -3  -2  -1  -2   1  -3  -1  -1   0   5  -2    0   0  17  18   0  18   0   0   0   0   0   0   0   0   0   0   0   0  46   0  0.47 0.06
  317 F     0  -3  -2  -3  -1  -2  -2  -3  -2   2   0  -2   0   3  -3  -1   2  -2   0   3    7   0   0   0   0   0   0   0   0   8   0   0   0  25   0   0  18   0   0  41  0.23 0.04
  318 E     1  -2   0   3  -2  -1   1   2  -2  -2  -3  -1  -2  -3  -1   1   1  -3  -3  -2   17   0   0  30   0   0   9  18   0   0   0   0   0   0   0   8  18   0   0   0  0.32 0.03
  319 V    -1  -3  -3  -4  -1  -3  -3  -4  -3   3   2  -3   1  -1  -3  -2  -1  -3  -1   4    0   0   0   0   0   0   0   0   0  24  18   0   0   0   0   0   0   0   0  57  0.40 0.05
  320 G    -1  -1   0   2  -3   2   2   4  -1  -4  -4   0  -2  -4  -2   0  -1  -3  -3  -3    0   0   0  17   0  18  18  46   0   0   0   0   0   0   0   0   0   0   0   0  0.54 0.05
  321 A     4  -2  -2  -2  -1  -1  -1  -1  -2   0  -1  -1  -1  -2  -1   1   1  -3  -2   1   73   0   0   0   0   0   0   0   0   0   0   0   0   0   0   0   8   0   0  18  0.36 0.06
  322 T    -1  -1   0   2  -2   2   0  -2  -1  -2  -2  -1  -1  -2  -2   0   4  -2   1  -1    0   0   0  18   0  18   0   0   0   0   0   0   0   0   0   0  55   0   8   0  0.36 0.06
  323 Y    -2  -2  -3  -4  -3  -2  -3  -4   1  -2  -2  -2  -2   3  -4  -2  -2   2   8  -2    0   0   0   0   0   0   0   0   0   0   0   0   0   0   0   0   0   0 100   0  1.27 0.12
  324 Y     1  -1  -2  -3  -2  -1  -1  -2   1  -2  -2   1  -1   2  -2  -1  -1   1   6  -2   18   0   0   0   0   0   0   0   0   0   0  18   0   0   0   0   0   0  63   0  0.57 0.08
  325 F    -2  -3  -4  -4  -2  -3  -4  -4  -2   0   3  -3   1   6  -4  -3  -2   0   2   0    0   0   0   0   0   0   0   0   0   0  37   0   0  63   0   0   0   0   0   0  0.64 0.07
  326 N    -1   0   4   0  -2   0   0  -1   0  -3  -3   2  -2  -3  -2   2   2  -4  -2  -2    0   0  46   0   0   0   0   0   0   0   0  17   0   0   0  18  18   0   0   0  0.43 0.05
  327 K    -1   1  -1  -1  -3   0   0  -2  -2  -3  -3   4  -2  -4   5  -1  -1  -4  -3  -3    0   0   0   0   0   0   0   0   0   0   0  65   0   0  35   0   0   0   0   0  0.83 0.08
  328 N    -2   4   5   0  -3   0  -1  -1   0  -4  -3   1  -2  -3  -2   0  -1  -4  -2  -3    0  37  63   0   0   0   0   0   0   0   0   0   0   0   0   0   0   0   0   0  0.69 0.08
  329 M    -1  -2  -1  -2  -2  -1  -2  -2  -2   0   1  -2   5   2  -2   1   2  -2   0   0    0   0   0   0   0   0   0   0   0   0   0   0  46  17   0  18  18   0   0   0  0.27 0.07
  330 S     0   2   0   2  -2   0   0  -1  -1  -3  -3   0  -2  -3  -1   4   0  -3  -2  -2    0  17   0  18   0   0   0   0   0   0   0   0   0   0   0  65   0   0   0   0  0.43 0.06
  331 T     1  -2  -1  -2  -1  -1  -2  -2  -2   2   0  -1   0  -2  -2   1   3  -3  -2   2    8   0   0   0   0   0   0   0   0  18   0   0   0   0   0  17  39   0   0  18  0.23 0.04
  332 Y    -2  -2  -3  -4  -3  -2  -3  -4   1  -2  -1  -3  -1   4  -4  -2  -2   2   7  -2    0   0   0   0   0   0   0   0   0   0   0   0   0  15   0   0   0   0  85   0  1.10 0.10
  333 V    -1  -2  -2  -3  -1  -2  -2  -3  -3   3   1  -2   0  -1  -2  -1   2  -3  -2   3    0   0   0   0   0   0   0   0   0  21   0   0   0   0   0   0  23   0   0  56  0.30 0.03
  334 D    -1  -1   3   5  -3   0   1  -1  -1  -3  -4  -1  -3  -3  -2   2   0  -4  -3  -3    0   0  23  56   0   0   0   0   0   0   0   0   0   0   0  21   0   0   0   0  0.63 0.04
  335 Y    -2  -2  -3  -4  -3  -2  -2  -4   1  -2  -1  -2  -1   3  -3  -2  -2   2   8  -2    0   0   0   0   0   0   0   0   0   0   0   0   0   0   0   0   0   0 100   0  1.13 0.08
  336 I    -1   1   0  -1  -2   3   1  -1  -1   0  -1   3  -1  -2  -1   0  -1  -2  -1  -1    2   1   1   1   0  22   1   2   1  12   2  47   1   1   1   2   1   0   1   1  0.24 0.02
  337 I    -1  -2  -2  -2  -1  -2  -2  -2  -2   3   1  -2   1   3  -2  -2  -1  -1   0   2    2   1   1   1   0   1   1   2   1  57   2   1   1  22   1   2   1   0   1   1  0.20 0.02
  338 N    -1   0   6   1  -2   0   0   0   0  -2  -3   0  -2  -2  -1   0   0  -3  -2  -2    2   1  78   1   0   1   1   2   1   1   2   1   1   1   1   2   1   0   1   1  0.57 0.04
  339 Q    -1  -1  -1  -1  -2   3   0  -2  -1   0   3   0   1  -1  -1  -1  -1  -1  -1   0    2   1   1   1   0  30   1   2   1   1  51   1   1   1   1   2   1   0   1   1  0.17 0.02
  340 I    -1  -3  -4  -4  -1  -2  -3  -4  -3   3   3  -3   2   0  -3  -2  -1  -2  -1   2    0   0   0   0   0   0   0   0   0  20  57   0   0   0   0   0   0   0   0  23  0.39 0.03
  341 D    -2  -2   2   6  -4  -1   1  -2  -1  -4  -4  -1  -3  -4  -2   0  -1  -5  -3  -4    0   0   9  91   0   0   0   0   0   0   0   0   0   0   0   0   0   0   0   0  0.99 0.06
  342 S     0   2   0   2  -2   0   2  -1  -1  -3  -3   1  -2  -3  -1   2   0  -3  -2  -2    0  23   0  18   0   0  18   0   0   0   0   0   0   0   0  41   0   0   0   0  0.37 0.03
  343 D    -2  -1   3   5  -3   0   1  -1  -1  -3  -4  -1  -3  -4  -2   1  -1  -4  -3  -3    0   0  23  68   0   0   0   0   0   0   0   0   0   0   0   9   0   0   0   0  0.75 0.04
  344 N    -1   0   3   1  -3   0   1   2  -1  -3  -3   2  -2  -3  -2   0  -1  -3  -2  -3    0   0  29   9   0   0  10  23   0   0   0  30   0   0   0   0   0   0   0   0  0.38 0.02
  345 K     0   0  -1  -1  -2   0  -1  -2  -1   0  -1   2  -1   2  -2   2   0  -2   0   1    0   0   0   0   0   0   0   0   0   0   0  29   0  19   0  32   0   0   0  21  0.13 0.03
  346 L    -1   2  -1  -2  -2  -1  -2   2  -2  -1   1   0   0   1  -2  -1   1  -2  -1  -1    0  23   0   0   0   0   0  21   0   0  29   0   0   9   0   0  19   0   0   0  0.13 0.02
  347 G     0   0   1  -1  -3  -1  -1   5  -1  -4  -4   2  -2  -3  -2   0  -1  -3  -3  -3    0   0   9   0   0   0   0  61   0   0   0  30   0   0   0   0   0   0   0   0  0.61 0.03
  348 V    -1  -3  -3  -3  -1  -2  -3  -4  -1   3   2  -3   1   1  -3  -2  -1  -1   3   3    0   0   0   0   0   0   0   0   0  27  19   0   0   0   0   0   0   0  23  31  0.30 0.02
  349 G     2  -1   3   1  -2   0   0   1  -1  -3  -3  -1  -2  -3  -1   2   0  -3  -2  -2   21   0  28   9   0   0   0  10   0   0   0   0   0   0   0  32   0   0   0   0  0.33 0.02
  350 S     0  -1   4   0  -2   0  -1  -1  -1  -2  -2  -1  -2  -3  -1   3   3  -3  -2  -1    0   0  32   0   0   0   0   0   0   0   0   0   0   0   0  31  37   0   0   0  0.41 0.04
  351 D    -1  -2   1   5  -4   0   2   2  -1  -4  -4  -1  -3  -4  -2   0  -1  -4  -3  -3    0   0   0  56   0   0  21  23   0   0   0   0   0   0   0   0   0   0   0   0  0.65 0.04
  352 D    -2  -1   3   5  -4   3   1  -1  -1  -3  -4   0  -2  -4  -2   0  -1  -4  -3  -3    0   0  19  59   0  23   0   0   0   0   0   0   0   0   0   0   0   0   0   0  0.67 0.04
  353 T    -1  -1  -1   0  -2   0   3  -3  -2   2   0  -1   0  -2  -2  -1   1  -3  -2   2    0   0   0   0   0   0  44   0   0  27   0   0   0   0   0   0  10   0   0  19  0.22 0.03
  354 V    -1  -3  -3  -4  -1  -2  -3  -4  -3   2   2  -3   1  -1  -3  -2   0  -3  -1   4    0   0   0   0   0   0   0   0   0   0  21   0   0   0   0   0   0   0   0  79  0.39 0.04
  355 A     4  -2  -1  -2  -1  -1  -1   0  -2  -2  -2  -1  -1  -3  -1   2   0  -3  -2  -1   77   0   0   0   0   0   0   0   0   0   0   0   0   0   0  23   0   0   0   0  0.43 0.04
  356 V    -1  -3  -3  -4  -1  -3  -3  -4  -3   3   2  -3   1   3  -3  -2  -1  -1   0   3    0   0   0   0   0   0   0   0   0  21  18   0   0  23   0   0   0   0   0  39  0.31 0.02
  357 G     0  -3  -1  -2  -3  -2  -2   6  -2  -4  -4  -2  -3  -4  -2  -1  -2  -3  -3  -4    0   0   0   0   0   0   0 100   0   0   0   0   0   0   0   0   0   0   0   0  1.17 0.05
  358 I    -2  -2  -3  -4  -1  -2  -3  -4  -3   2   4  -3   3   0  -3  -3  -1  -2  -1   1    0   0   0   0   0   0   0   0   0  13  75   0  12   0   0   0   0   0   0   0  0.42 0.02
  359 V    -1   3  -2  -3  -2  -1  -2  -3  -2   1   0   0   0  -2  -2  -1   1  -3  -2   3    0  28   0   0   0   0   0   0   0   0   0   0   0   0   0   0  12   0   0  60  0.21 0.02
  360 Y    -2  -2  -2  -3  -3  -2  -2  -3   2  -2  -1  -2  -1   3  -3  -2  -2   2   7  -1    0   0   0   0   0   0   0   0   0   0   0   0   0   0   0   0   0   0 100   0  1.03 0.05
  361 Q    -1   0   0   3  -3   5   2  -2   0  -3  -3   1  -1  -4  -2   0  -1  -3  -2  -3    0   0   0  28   0  72   0   0   0   0   0   0   0   0   0   0   0   0   0   0  0.63 0.03
  362 F    -3  -3  -3  -4  -3  -4  -4  -3  -1   0   0  -3   0   7  -4  -3  -2   1   3  -1    0   0   0   0   0   0   0   0   0   0   0   0   0 100   0   0   0   0   0   0  0.88 0.04

                      K         Lambda
Standard Ungapped    0.1363     0.3153
Standard Gapped      0.0389     0.2670
PSI Ungapped         0.1273     0.3087
PSI Gapped           0.0389     0.2670
