
Last position-specific scoring matrix computed, weighted observed percentages rounded down, information per position, and relative weight of gapless real matches to pseudocounts
           A  R  N  D  C  Q  E  G  H  I  L  K  M  F  P  S  T  W  Y  V   A   R   N   D   C   Q   E   G   H   I   L   K   M   F   P   S   T   W   Y   V
    1 M   -1 -1 -2 -3 -1  0 -2 -3 -1  1  2 -1  5  0 -2 -1 -1 -1 -1  1    0   0   0   0   0   0   0   0   0   0   0   0   0   0   0   0   0   0   0   0  0.00     0.00
    2 T    0 -1  0 -1 -1 -1 -1 -2 -2 -1 -1 -1 -1 -2 -1  1  4 -2 -2  0    0   0   0   0   0   0   0   0   0   0   0   0   0   0   0   0   0   0   0   0  0.00     0.00
    3 D   -2 -2  1  6 -3  0  1 -1 -1 -3 -3 -1 -3 -3 -1  0 -1 -4 -3 -3    0   0   0   0   0   0   0   0   0   0   0   0   0   0   0   0   0   0   0   0  0.00     0.00
    4 A    4 -1 -1 -2  0 -1 -1  0 -2 -1 -1 -1 -1 -2 -1  1  0 -2 -2  0    0   0   0   0   0   0   0   0   0   0   0   0   0   0   0   0   0   0   0   0  0.00     0.00
    5 T    0 -1  0 -1 -1 -1 -1 -2 -2 -1 -1 -1 -1 -2 -1  1  4 -2 -2  0    0   0   0   0   0   0   0   0   0   0   0   0   0   0   0   0   0   0   0   0  0.00     0.00
    6 N   -1  0  5  1 -3  0  0  0  1 -3 -3  0 -2 -3 -2  1  0 -4 -2 -3    0   0   0   0   0   0   0   0   0   0   0   0   0   0   0   0   0   0   0   0  0.00     0.00
    7 R   -1  6  0 -2 -4  1  0 -2  0 -3 -2  2 -1 -3 -2 -1 -1 -3 -2 -3    0 100   0   0   0   0   0   0   0   0   0   0   0   0   0   0   0   0   0   0  0.75 0.00
    8 F   -2 -3 -3 -4 -3 -3 -3 -3 -1  0  0 -3  0  6 -4 -2 -2  1  3 -1    0   0   0   0   0   0   0   0   0   0   0   0   0 100   0   0   0   0   0   0  0.74 0.01
    9 R   -1  4  0 -1 -3  1  0 -2 -1 -3 -2  4 -1 -3 -2 -1 -1 -3 -2 -3    0  50   0   0   0   0   0   0   0   0   0  50   0   0   0   0   0   0   0   0  0.56 0.00
   10 P   -1 -2 -2 -2 -3 -1 -1 -2 -2 -3 -3 -1 -3 -4  8 -1 -1 -4 -3 -2    0   0   0   0   0   0   0   0   0   0   0   0   0   0 100   0   0   0   0   0  2.05 0.01
   11 G    0 -1  0 -1 -1 -1 -1  4 -1 -2 -1 -1 -1 -1 -1  0 -1 -1 -1 -1    4   3   2   3   1   2   3  54   1   3   5   3   1   2   3   4   3   1   2   3  0.33 0.00
   12 L   -1 -1 -1 -1 -1 -1 -1 -1 -1  1  3 -1  1  0 -1 -1  0 -1 -1  0    4   3   2   3   1   2   3   4   1   3  55   3   1   2   3   4   3   1   2   3  0.09 0.00
   13 V    0 -1 -1 -1 -1 -1 -1 -1 -1  2  0 -1  0 -1 -1 -1  0 -1 -1  3    4   3   2   3   1   2   3   4   1   3   5   3   1   2   3   4   3   1   2  53  0.07 0.00
   14 G    0 -1  0 -1 -1 -1 -1  4 -1 -2 -1 -1 -1 -1 -1  0 -1 -1 -1 -1    4   3   2   3   1   2   3  54   1   3   5   3   1   2   3   4   3   1   2   3  0.33 0.00
   15 R   -1  4  0 -1 -2  1  0 -1  0 -1 -1  1 -1 -1 -1  0  0 -1 -1 -1    4  53   2   3   1   2   3   4   1   3   5   3   1   2   3   4   3   1   2   3  0.24 0.00
   16 A    3 -1 -1 -1  0  0  0  0 -1 -1 -1  0 -1 -1  0  1  0 -1 -1  0   54   3   2   3   1   2   3   4   1   3   5   3   1   2   3   4   3   1   2   3  0.14 0.00
   17 L   -2 -2 -3 -3 -2 -2 -3 -3  0  0  2 -2  1  2 -3 -2 -1  1  5  0    0   0   0   0   0   0   0   0   0   0  50   0   0   0   0   0   0   0  50   0  0.42 0.00
   18 V   -1 -3 -3 -3 -1 -3 -3 -4 -3  4  1 -3  1 -1 -3 -2  0 -3 -1  3    0   0   0   0   0   0   0   0   0  50   0   0   0   0   0   0   0   0   0  50  0.35 0.00
   19 R   -1  6  0 -2 -4  1  0 -2  0 -3 -2  2 -1 -3 -2 -1 -1 -3 -2 -3    0 100   0   0   0   0   0   0   0   0   0   0   0   0   0   0   0   0   0   0  0.75 0.00
   20 A    2 -2 -3 -3 -1 -1 -2 -1 -2 -2 -2 -2 -1  0 -2  0 -1  9  1 -1   50   0   0   0   0   0   0   0   0   0   0   0   0   0   0   0   0  50   0   0  0.96 0.00
   21 G    0 -3 -1 -2  7 -2 -3  4 -3 -2 -2 -2 -2 -3 -3 -1 -1 -3 -3 -2    0   0   0   0  50   0   0  50   0   0   0   0   0   0   0   0   0   0   0   0  0.75 0.00
   22 L   -2 -2 -4 -4 -1 -2 -3 -4 -3  2  4 -3  2  0 -3 -3 -1 -2 -1  1    0   0   0   0   0   0   0   0   0   0 100   0   0   0   0   0   0   0   0   0  0.46 0.00
   23 L   -2 -2 -4 -4 -1 -2 -3 -4 -3  2  4 -3  2  0 -3 -3 -1 -2 -1  1    0   0   0   0   0   0   0   0   0   0 100   0   0   0   0   0   0   0   0   0  0.46 0.00
   24 F   -2 -3 -3 -2 -3 -2 -2 -3 -2 -1 -1 -2 -1  4  6 -2 -2 -1  1 -2    0   0   0   0   0   0   0   0   0   0   0   0   0  50  50   0   0   0   0   0  0.91 0.00
   25 A    2 -2 -2 -3 -1 -1 -2 -1 -2  0  2 -2  1 -1 -2  0 -1 -2 -1  0   50   0   0   0   0   0   0   0   0   0  50   0   0   0   0   0   0   0   0   0  0.20 0.00
   26 V   -1 -3 -3 -3 -1 -3 -3 -4 -3  4  1 -3  1 -1 -3 -2  0 -3 -1  3    0   0   0   0   0   0   0   0   0  50   0   0   0   0   0   0   0   0   0  50  0.35 0.00
   27 A    4 -1 -2 -2  0 -1 -1  0 -2 -1 -2 -1 -1 -2 -1  1  0 -3 -2  0  100   0   0   0   0   0   0   0   0   0   0   0   0   0   0   0   0   0   0   0  0.41 0.00
   28 A    4 -1 -2 -2  0 -1 -1  0 -2 -1 -2 -1 -1 -2 -1  1  0 -3 -2  0  100   0   0   0   0   0   0   0   0   0   0   0   0   0   0   0   0   0   0   0  0.41 0.00
   29 C   -1 -3 -3 -4  7 -3 -3 -3 -3  0  2 -3  1 -1 -3 -2 -1 -2 -2  0    0   0   0   0  50   0   0   0   0   0  50   0   0   0   0   0   0   0   0   0  0.56 0.00
   30 A    2 -2 -2 -3 -1 -1 -2 -1 -2  0  2 -2  1 -1 -2  0 -1 -2 -1  0   50   0   0   0   0   0   0   0   0   0  50   0   0   0   0   0   0   0   0   0  0.20 0.00
   31 Q   -1  1  0 -1 -3  5  2 -2  0 -3 -2  3 -1 -3 -1  0 -1 -2 -2 -2    0   0   0   0   0  75   0   0   0   0   0  25   0   0   0   0   0   0   0   0  0.63 0.04
   32 A    3  1 -1 -1 -2  0  0 -1 -1 -2 -2  3 -1 -3 -1  0  0 -3 -2 -1   51   0   0   0   0   0   0   0   0   0   0  49   0   0   0   0   0   0   0   0  0.32 0.03
   33 Q   -1  1  0 -1 -3  6  2 -2  0 -3 -2  1 -1 -4 -2  0 -1 -2 -2 -3    0   0   0   0   0 100   0   0   0   0   0   0   0   0   0   0   0   0   0   0  0.79 0.05
   34 L   -1 -1 -2 -3 -1 -1 -1 -3 -2  2  2  1  1 -1 -2 -2 -1 -3 -1  3    0   0   0   0   0   0   0   0   0   0  26  24   0   0   0   0   0   0   0  50  0.18 0.02
   35 L    1 -2 -3 -3 -1 -2 -2 -2 -3  1  3 -2  1  0 -2 -1 -1 -2 -1  1   25   0   0   0   0   0   0   0   0   0  75   0   0   0   0   0   0   0   0   0  0.30 0.02
   36 P    3 -2 -2 -2 -2 -1 -1 -1 -2 -2 -2 -1 -2 -3  6  0 -1 -3 -3 -1   49   0   0   0   0   0   0   0   0   0   0   0   0   0  51   0   0   0   0   0  0.94 0.03
   37 G    0 -2 -1 -2 -3 -2 -2  5 -2 -4 -4 -2 -3 -3  4 -1 -2 -3 -3 -3    0   0   0   0   0   0   0  75   0   0   0   0   0   0  25   0   0   0   0   0  0.96 0.03
   38 A    1 -2  1  5 -3 -1  1 -1 -1 -3 -3 -1 -3 -3 -1  0 -1 -4 -3 -2   26   0   0  74   0   0   0   0   0   0   0   0   0   0   0   0   0   0   0   0  0.65 0.03
   39 R   -1  3 -1 -2 -2  2  0 -3 -1  2  1  0  1 -1 -2 -1 -1 -2 -2  0    0  26   0   0   0  25   0   0   0  25  24   0   0   0   0   0   0   0   0   0  0.19 0.02
   40 D   -1 -1  0  4 -4  1  5 -2  0 -3 -3  0 -2 -4 -1  0 -1 -3 -2 -3    0   0   0  26   0   0  74   0   0   0   0   0   0   0   0   0   0   0   0   0  0.73 0.03
   41 L    1 -2 -2 -2 -1 -2 -2 -2 -2  1  3 -2  1 -1 -2  0  2 -2 -1  0   25   0   0   0   0   0   0   0   0   0  51   0   0   0   0   0  24   0   0   0  0.20 0.02
   42 N   -2 -2  2 -2 -2 -2 -2 -3 -2  1  3 -2  1  0 -3 -1 -1 -2 -1  0    0   0  26   0   0   0   0   0   0   0  74   0   0   0   0   0   0   0   0   0  0.29 0.03
   43 R   -2  6 -1 -2 -4  1  0 -3  0 -3 -2  2 -2 -3 -2 -1 -1 -3 -2 -3    0 100   0   0   0   0   0   0   0   0   0   0   0   0   0   0   0   0   0   0  0.86 0.05
   44 I   -1 -1 -1 -1 -1  2  0 -2 -1  1  0  0  0 -1 -1  0  2 -2 -1  1    2   1   1   1   0  26   2   2   1  27   2   1   1   1   1   2  26   0   1   2  0.12 0.01
   45 D   -1  0  0  3 -2  3  1 -1  0 -1 -1  0 -1 -2  0  0  0 -1 -1 -1    4   3   2  29   1  27   3   4   1   3   4   3   1   2   3   3   3   1   2   3  0.21 0.01
   46 D   -1  0  0  3 -2  2  2 -1  0 -2 -2  0 -1 -2 -1  0 -1 -2 -1 -2    3   2   2  25   1  22  21   3   1   2   3   2   1   1   2   3   2   1   1   2  0.27 0.01
   47 R   -1  4  0 -1 -2  3  0 -1  0 -2 -1  1 -1 -2 -1  0 -1 -1 -1 -1    3  43   2   2   1  22   2   3   1   2   3   2   1   1   2   3   2   1   1   2  0.29 0.01
   48 Q   -1  0  0  0 -2  4  3 -1  0 -2 -1  1 -1 -2 -1  0  0 -1 -1 -1    3   2   2   2   1  44  21   3   1   2   3   2   1   1   2   3   2   1   1   2  0.31 0.02
   49 R   -1  5  0 -1 -2  1  0 -1  0 -2 -1  1 -1 -2 -1  0 -1 -1 -1 -1    3  63   2   2   1   2   2   3   1   2   3   2   1   1   2   3   2   1   1   2  0.37 0.02
   50 K    0  3  0 -1 -2  3  1 -1  0 -2 -2  2 -1 -2 -1  1  0 -2 -1 -2    2  20   1   1   0  21   1   1   0   1   2  24   0   1   1  21   1   0   1   1  0.28 0.02
   51 E   -1 -1 -1  0 -3  1  4 -3  1 -3 -2  0 -2  1 -2 -1 -1  0  5 -2    0   0   0   0   0   0  61   0   0   0   0   0   0   0   0   0   0   0  39   0  0.56 0.05
   52 Q    1  0 -1 -2 -2  4  0 -2  1 -2 -2  0 -1  1 -2  0 -1  0  5 -2   20   0   0   0   0  41   0   0   0   0   0   0   0   0   0   0   0   0  39   0  0.39 0.04
   53 L   -2 -2 -4 -4 -2 -2 -3 -4 -3  1  4 -3  2  0 -3 -3 -1 -2 -1  1    0   0   0   0   0   0   0   0   0   0 100   0   0   0   0   0   0   0   0   0  0.56 0.05
   54 Q   -1  0  0  4 -4  3  4 -2  0 -3 -3  0 -2 -4 -2  0 -1 -3 -2 -3    0   0   0  39   0  23  39   0   0   0   0   0   0   0   0   0   0   0   0   0  0.64 0.04
   55 R   -2  6 -1 -2 -4  3  0 -3  0 -3 -2  2 -1 -3 -2 -1 -1 -3 -2 -3    0  80   0   0   0  20   0   0   0   0   0   0   0   0   0   0   0   0   0   0  0.75 0.05
   56 D   -1 -1  0  3 -3  2  0  4 -1 -4 -4 -1 -2 -3 -2  0 -1 -3 -3 -3    0   0   0  23   0  20   0  57   0   0   0   0   0   0   0   0   0   0   0   0  0.61 0.03
   57 I   -1 -2 -2 -3 -2 -2 -2 -3 -1  2  2 -2  1  1 -3 -1  1 -1  3  1    0   0   0   0   0   0   0   0   0  23  39   0   0   0   0   0  19   0  19   0  0.24 0.02
   58 E    1  0  0  2 -2  0  2 -1 -1 -2 -2  2 -2 -3 -1  0  2 -3 -2 -2   19   0   0  19   0   0  23   0   0   0   0  19   0   0   0   0  20   0   0   0  0.28 0.02
   59 R   -1  4 -1 -2 -3  0 -1 -2 -1 -2 -2  0 -1  2  3 -1  1 -2  0 -2    0  42   0   0   0   0   0   0   0   0   0   0   0  19  20   0  19   0   0   0  0.39 0.03
   60 A    1  2  2  0 -2  2  0 -1  0 -2 -2  1 -1 -2 -1  0  0 -2 -1 -1   24  20  20   1   0  20   1   1   0   1   2   1   0   1   1   1   1   0   1   1  0.21 0.02
   61 L   -1 -2 -2 -2 -1 -2 -2 -3 -2  2  3 -2  1  0 -2 -2 -1 -2 -1  2    2   1   1   1   0   1   1   1   0  20  43   1   0   1   1   1   1   0   1  21  0.21 0.01
   62 T   -1 -1  1  4 -2  2  1 -1 -1 -2 -3  0 -2 -3 -1  2  2 -3 -2 -2    0   0   0  39   0  19   0   0   0   0   0   0   0   0   0  20  23   0   0   0  0.41 0.03
   63 R    2  2  0  0 -2  0  2 -1 -1 -3 -2  1 -2 -3 -1  2  0 -3 -2 -2   20  23   0   0   0   0  19   0   0   0   0   0   0   0   0  39   0   0   0   0  0.31 0.03
   64 P   -1 -2 -1 -2 -2 -1 -1 -2 -2  0 -1 -1 -1 -3  5  0  3 -3 -2  1    0   0   0   0   0   0   0   0   0   0   0   0   0   0  43   0  39   0   0  19  0.73 0.04
   65 P   -1 -1 -1  2 -3  3  0 -2 -1 -3 -3  0 -2 -4  6 -1 -1 -3 -3 -3    0   0   0  16   0  34   0   0   0   0   0   0   0   0  50   0   0   0   0   0  1.01 0.06
   66 V    0 -2 -2 -3 -1 -2 -2 -3 -3  2  0 -2  0 -1 -2 -2  0 -2 -1  4    1   1   1   1   0   1   1   1   0   1   1   1   0   1   1   1   1   0   0  86  0.35 0.05
   67 E    1  2 -1  0 -1  0  2 -1 -1 -1 -1  0 -1 -2 -1  1  0 -2 -2  0   18  16   1   1   0   1  21   1   0   1   1   1   0   1   1  18   1   0   0  17  0.14 0.02
   68 L   -1  1 -2 -3 -2 -1 -2 -3 -2  2  3 -1  1  0 -2 -2 -1 -2 -1  1    1  17   1   1   0   1   1   1   0  18  54   1   0   1   1   1   1   0   0   1  0.21 0.03
   69 N    1 -1  3  0 -1  0  0  0 -1 -2 -2  0 -1 -2 -1  2  2 -2 -2 -1   17   1  20   1   0   1   1   1   0   1   1   1   0   1   1  34  18   0   0   1  0.26 0.03
   70 P    1 -2 -1 -1 -2 -1 -1  2 -2 -2 -2 -1 -2 -3  6  0 -1 -3 -2 -2   17   1   1   1   0   1   1  17   0   1   1   1   0   1  55   1   1   0   0   1  0.95 0.04
   71 Q   -1 -1  0  4 -2  2  1 -1 -1 -2 -2  0 -2 -3  3  0  1 -3 -2 -2    1   1   1  35   0  20   1   1   0   1   1   1   0   1  16   1  17   0   0   1  0.41 0.03
   72 S    0  0  0 -1 -2  0  0  2 -1 -2 -2  3 -2 -3  3  1  0 -2 -2 -2    1   1   1   1   0   1   1  17   0   1   1  35   0   1  17  21   1   0   0   1  0.33 0.03
   73 E    0  1  0  0 -2  1  2 -1 -1 -2 -2  4 -1 -3 -1  1  0 -2 -2 -2    1   1   1   1   0   1  21   1   0   1   1  51   0   1   1  17   1   0   0   1  0.34 0.03
   74 A    2 -2 -1 -2 -2 -2 -2  4 -2 -2 -2 -2 -2  2 -2  0 -1 -2 -1 -2   36   0   0   0   0   0   0  49   0   0   0   0   0  16   0   0   0   0   0   0  0.47 0.04
   75 A    3 -1 -2 -2 -1 -1 -1 -1 -2  1 -1  1  0 -2 -2  0  0 -3 -2  2   51   0   0   0   0   0   0   0   0  17   0  15   0   0   0   0   0   0   0  17  0.19 0.04
   76 A    1 -2 -1 -2 -2 -1 -2  1  4 -1 -1 -2 -1  1 -2 -1 -1  0  4  0   20   0   0   0   0   0   0  16  16   0   0   0   0   0   0   0   0   0  34  15  0.28 0.04
   77 P   -1 -1 -2 -2 -2 -1 -2 -3 -2  1 -1  1 -1 -1  5 -2 -1  6 -1  1    0   0   0   0   0   0   0   0   0  17   0  16   0   0  34   0   0  16   0  17  0.60 0.04
   78 A    1 -2 -1 -2 -1 -1 -1 -1 -2  1 -1 -1 -1 -2  3  1  3 -3 -2  0   20   0   0   0   0   0   0   0   0  16   0   0   0   0  16  15  34   0   0   0  0.30 0.03
   79 R   -1  2  2 -1 -2  0  1 -3 -1  0  2  0  0 -1 -2 -1 -1 -3 -2  1    0  20  16   0   0   0  16   0   0   0  32   0   0   0   0   0   0   0   0  17  0.13 0.03
   80 K   -2  0  3 -1 -2 -1 -1 -2 -1 -1  1  1  0  2 -2 -1 -1 -2  0 -1    0   0  34   0   0   0   0   0   0   0  30  20   0  16   0   0   0   0   0   0  0.18 0.04
   81 P   -1 -3 -3 -2 -3 -2 -2 -3 -3  1  1 -2 -1 -2  7 -2 -1 -3 -3  0    0   0   0   0   0   0   0   0   0  17  17   0   0   0  66   0   0   0   0   0  1.17 0.06
   82 D    1 -2  2  4 -2 -1  0 -1 -1 -1 -2 -1 -1 -3 -2  0  1 -4 -2  0   16   0  17  34   0   0   0   0   0   0   0   0   0   0   0   0  17   0   0  16  0.27 0.03
   83 A    1 -1 -1  1 -3  1  4  2 -1 -3 -3  0 -2 -3 -1  0 -1 -3 -2 -2   20   0   0   0   0   0  64  16   0   0   0   0   0   0   0   0   0   0   0   0  0.50 0.05
   84 T    0 -2  0 -1 -2 -1 -2  3 -2 -2 -2 -1 -2 -3 -2  1  4 -3 -2 -1    0   0   0   0   0   0   0  34   0   0   0   0   0   0   0   0  66   0   0   0  0.51 0.06
   85 S   -1 -2 -1  2 -3  0  2 -2 -2 -3 -3 -1 -3 -4  6  1 -1 -4 -3 -3    0   0   0  17   0   0  17   0   0   0   0   0   0   0  46  20   0   0   0   0  0.88 0.05
   86 G   -1 -2 -2 -2  7  1 -1  2 -2 -2 -2 -1 -2 -3  3 -1 -1 -3 -3 -2    0   0   0   0  46  17   0  20   0   0   0   0   0   0  17   0   0   0   0   0  0.67 0.06
   87 H   -2 -2 -2 -3 -3 -2 -2 -3  4 -1 -1 -2 -1  5 -3 -2 -2  1  5 -2    0   0   0   0   0   0   0   0  20   0   0   0   0  46   0   0   0   0  34   0  0.70 0.06
   88 T   -1  2 -1 -1 -2  2  0 -2 -1 -2 -2  2 -1 -3  3  0  3 -3 -2 -1    0  16   0   0   0  16   0   0   0   0   0  17   0   0  15   0  37   0   0   0  0.38 0.04
   89 V   -1 -3 -3 -4 -1 -3 -3 -4 -3  4  2 -3  1  0 -3 -2 -1 -3 -1  3    0   0   0   0   0   0   0   0   0  46  17   0   0   0   0   0   0   0   0  37  0.40 0.04
   90 T    0  0  0 -1 -2  3  0 -1 -1 -2 -2  2 -1 -3 -1  2  2 -3 -2 -2    0   0   0   0   0  30   0   0   0   0   0  16   0   0   0  34  20   0   0   0  0.36 0.04
   91 V    0  0 -1 -1 -2  2  0  2 -1 -1 -2  2 -1 -3 -2  1  0 -3 -2  0    0   0   0   0   0  16   0  17   0   0   0  32   0   0   0  16   0   0   0  20  0.19 0.03
   92 H   -1 -2 -2 -3 -2 -2 -2 -3  4  2  0 -2  0  2 -3 -1  1 -2  0  2    0   0   0   0   0   0   0   0  20  15   0   0   0  16   0   0  16   0   0  34  0.20 0.04
   93 A    1 -1 -1  0 -2  2  3 -2 -1 -1 -1  0 -1  2 -2  0 -1 -2 -1  0   20   0   0   0   0  17  33   0   0   0   0   0   0  15   0   0   0   0   0  16  0.20 0.03
   94 V   -1 -3 -3 -4 -1 -3 -3 -4 -3  2  3 -3  1  3 -3 -2 -1 -2  0  2    0   0   0   0   0   0   0   0   0   0  46   0   0  17   0   0   0   0   0  37  0.34 0.04
   95 D   -1  2  0  4 -3  1  2 -2 -1 -3 -3  2 -2 -3 -2  1 -1 -4 -2 -3    0  17   0  36   0   0  15   0   0   0   0  16   0   0   0  17   0   0   0   0  0.43 0.03
   96 L   -1 -3 -1 -2 -2 -2 -3  5 -3  1  1 -2 -1 -2 -3 -1 -2 -3 -3 -1    0   0   0   0   0   0   0  64   0  16  20   0   0   0   0   0   0   0   0   0  0.52 0.04
   97 D   -2 -1  3  5 -4  0  2 -2 -1 -3 -4 -1 -3 -4  3  0 -1 -4 -3 -3    0   0  17  50   0   0  17   0   0   0   0   0   0   0  16   0   0   0   0   0  0.69 0.05
   98 F    0 -1 -2 -2 -2 -1  1 -2 -2  0  2  1  0  2 -2 -1 -1 -1  0 -1   16   0   0   0   0   0  16   0   0   0  34  15   0  20   0   0   0   0   0   0  0.12 0.03
   99 G    2 -2 -1 -2 -1 -1 -2  2 -2  0  1 -1  2 -1 -2  0  1 -2 -2  0   31   0   0   0   0   0   0  20   0   0  16   0  17   0   0   0  16   0   0   0  0.18 0.03
  100 V    1 -2 -2 -2 -2 -2 -2  3 -3  0  0 -2 -1 -2  3 -1 -1 -3 -2  1   15   0   0   0   0   0   0  34   0   0  16   0   0   0  16   0   0   0   0  20  0.30 0.03
  101 E   -1  1  0  0 -3  4  2 -2  5 -3 -3  2 -1 -3 -2 -1 -1 -3  0 -3    0   0   0   0   0  30  20   0  33   0   0  17   0   0   0   0   0   0   0   0  0.53 0.05
  102 G   -1 -2 -1  2 -3 -1  2  2 -2 -3 -3 -1 -2 -1 -2  1 -1  8  0 -3    0   0   0  16   0   0  17  20   0   0   0   0   0   0   0  17   0  30   0   0  0.64 0.05
  103 R    3  3 -1 -2 -1  0 -1 -1 -1 -2 -2  1 -1 -2 -1  0 -1 -2 -2 -1   50  36   1   1   0   1   1   1   0   1   1   1   0   1   1   1   1   0   1   1  0.29 0.04
  104 L   -1 -1 -1  0 -2  0  3 -2 -1  0  2 -1  0  2 -2 -1 -1 -1  0 -1    1   1   1   1   0   1  35   1   0   1  36   1   0  17   1   1   1   0   1   1  0.17 0.03
  105 F    0 -2 -2 -3 -2 -2 -2 -2 -2  1  1 -2  0  4 -3 -1  1 -1  1  0   16   0   0   0   0   0   0   0   0  17  16   0   0  37   0   0  15   0   0   0  0.23 0.03
  106 D    1 -2 -1  2 -2  0  2 -2 -1 -2 -2 -1 -2  2  3  0  1 -2 -1 -1   15   0   0  20   0   0  17   0   0   0   0   0   0  16  16   0  17   0   0   0  0.27 0.03
  107 P    2 -1 -1 -1 -2  2  0 -1 -1 -1  0 -1 -1 -2  3  1  0 -3 -2 -1   30   0   0   0   0  17   0   0   0   0  16   0   0   0  20  17   0   0   0   0  0.31 0.03
  108 A    1  2  1 -1 -2  2 -1 -2 -1 -1  2  0  0 -1 -2  0 -1 -2 -2 -1   20  16  15   0   0  16   0   0   0   0  34   0   0   0   0   0   0   0   0   0  0.13 0.03
  109 P   -1 -1 -1 -1 -2  0  1 -2 -2  1 -1  1 -1 -3  5  0  1 -3 -2 -1    0   0   0   0   0   0  16   0   0  17   0  16   0   0  34   0  17   0   0   0  0.50 0.04
  110 L   -1 -1 -2 -2 -2 -1 -2 -3 -2  1  1  1  0 -1  5 -2 -1  6 -1  0    0   0   0   0   0   0   0   0   0  16  20  17   0   0  32   0   0  16   0   0  0.55 0.04
  111 V    1 -2 -2 -3 -2 -2 -2 -2  3  2  1 -2  0  2 -3 -1 -1 -2  0  2   16   0   0   0   0   0   0   0  15  17  16   0   0  17   0   0   0   0   0  20  0.16 0.02
  112 Q   -1  0  2  4 -4  3  3 -2  0 -3 -3  0 -2 -4 -2  0 -1 -3 -2 -3    0   0  16  30   0  20  34   0   0   0   0   0   0   0   0   0   0   0   0   0  0.58 0.04
  113 D   -1 -1  0  2 -2 -1  0  1  3 -3 -3 -1 -2 -2  5 -1 -1 -3 -1 -2    1   1   1  21   0   1   1  17  16   1   2   1   0   1  32   1   1   0   1   1  0.54 0.03
  114 Y    1 -1 -2 -2 -2 -1 -1 -2  1 -1 -1 -1 -1  2 -2 -1 -1  1  6 -1   25   1   1   1   0   1   1   1   0   1   2   1   0   1   1   1   1   0  60   1  0.48 0.05
  115 L    1 -2  1 -2 -1 -2 -2 -2 -2  2  1 -2  0 -1 -2  0  0 -3 -2  2   16   0  16   0   0   0   0   0   0  28  18   0   0   0   0   9   0   0   0  12  0.12 0.02
  116 N    0 -2  2 -1 -3 -2 -2  6 -2 -4 -4 -2 -3 -3 -2  0 -2 -3 -3 -3    0   0  18   0   0   0   0  82   0   0   0   0   0   0   0   0   0   0   0   0  0.94 0.06
  117 R   -1  3  0 -1 -3  3  2 -2  3 -3 -2  1 -1 -3 -2  0  1 -3 -1 -2    0  30   0   0   0  25  17   0  12   0   0   0   0   0   0   0  16   0   0   0  0.40 0.04
  118 P   -1 -1 -2 -2  7 -1 -2 -2 -2 -2 -2  1 -2 -3  3 -1  1 -3 -3 -1    0   0   0   0  49   0   0   0   0   0   0  16   0   0  18   0  17   0   0   0  0.70 0.06
  119 L   -1 -2 -3 -4 -1 -2 -3 -4 -2  2  3 -3  1  1 -3 -2 -1 -1  3  2    0   0   0   0   0   0   0   0   0   8  42   0   0   0   0   0   0   0  17  33  0.32 0.03
  120 D   -1 -2  2  2 -3 -1 -1  4 -1 -3 -3 -1 -2 -3 -2  0  1 -3 -3 -3    0   0  17  18   0   0   0  49   0   0   0   0   0   0   0   0  16   0   0   0  0.53 0.04
  121 N    1  1  2 -1 -2  0  0  2 -1 -3 -3  3 -2 -3 -2  0  1 -3 -2 -2   12   0  18   0   0   0   0  17   0   0   0  41   0   0   0   0  12   0   0   0  0.28 0.03
  122 E    1  0 -1  0 -2  3  2 -2 -1 -2 -1  1  2 -2 -1  1  0 -3 -2 -1   12   0   0   0   0  25  18   0   0   0   0  12  16   0   0  17   0   0   0   0  0.25 0.03
  123 Q    1 -1 -1 -1 -2  2  1  4 -1 -3 -3  0 -2 -3 -2  0 -1 -3 -3 -2   17   0   0   0   0  18  16  49   0   0   0   0   0   0   0   0   0   0   0   0  0.49 0.04
  124 L   -1 -3 -2  1 -1 -2 -2 -3 -3  3  2 -2  1 -1 -3 -2 -1 -3 -2  3    0   0   0  16   0   0   0   0   0  24  18   0   0   0   0   0   0   0   0  42  0.24 0.03
  125 F   -2 -1  3  4 -3  0  1 -2 -1 -2 -2 -1 -2  2 -2  0  1 -2 -1 -2    0   0  24  32   0   0   9   0   0   0   0   0   0  18   0   0  17   0   0   0  0.34 0.04
  126 L   -1  1 -3 -3 -2 -2 -2 -4 -3  3  3 -1  1  0 -3 -2 -1 -2 -1  1    0  17   0   0   0   0   0   0   0  27  48   0   0   0   0   0   0   0   0   8  0.28 0.03
  127 L   -1 -2 -3 -3 -1 -2 -2 -3 -2  2  3 -2  1  0 -2 -2 -1 -2 -1  2    1   1   1   1   0   1   1   1   0  18  57   1   0   1   1   1   1   0   1  13  0.27 0.02
  128 V   -1 -2 -2 -2 -1 -1  1 -3 -2  2  2 -1  2 -1 -2 -1 -1 -2 -1  2    1   1   1   1   0   1  14   1   0  10  19   1  11   0   1   1   1   0   0  37  0.16 0.03
  129 K    1  1  0  0 -2  1  2 -1 -1 -2 -2  3 -1 -2 -1  2  0 -2 -2 -2   19   1   1   1   0   1  14   1   0   1   1  37   0   0   1  21   1   0   0   1  0.26 0.03
  130 A    1  1  0 -1 -2  0  0  3 -1 -2 -2  0 -2 -2 -1  1  1 -2 -2 -2   16  10   1   1   0   1   8  33   0   1   1   1   0   0   1  14  11   0   0   1  0.27 0.02
  131 L   -1 -2 -3 -3 -1 -2 -2 -3 -3  2  3 -2  1  0 -2 -2 -1 -2 -1  2    1   1   1   1   0   1   1   1   0  18  47   1   0   0   1   1   1   0   0  24  0.28 0.03
  132 S    1  2  0 -1 -2  3  0 -1 -1 -2 -2  2 -1 -2 -1  2  0 -2 -2 -2    9  18   1   1   0  20   1   1   0   1   1  14   0   0   1  29   1   0   0   1  0.28 0.03
  133 A    1  3  2 -1 -3  3  0 -1  0 -3 -3  3 -1 -3 -2  0 -1 -3 -2 -2   15  18  20   0   0  21   0   0   0   0   0  26   0   0   0   0   0   0   0   0  0.36 0.05
  134 A    3  1 -2 -2 -1 -1 -1 -1 -2  0 -1  1 -1 -2 -2  0  0 -3 -2  1   56  10   0   0   0   0   0   0   0   0   0  13   0   0   0   0   0   0   0  21  0.24 0.05
  135 L   -1 -3 -4 -4 -1 -3 -3 -4 -3  3  3 -3  1  0 -3 -3 -1 -2 -1  2    0   0   0   0   0   0   0   0   0  31  52   0   0   0   0   0   0   0   0  18  0.42 0.05
  136 Y   -1 -3 -3 -3 -2 -2 -3  1 -2  2  2 -2  1  0 -3 -2 -1 -1  2  2    0   0   0   0   0   0   0  13   0  10  34   0   0   0   0   0   0   0  15  28  0.21 0.04
  137 D    1 -1  0  3 -2  0  3  1 -1 -3 -3  0 -2 -3 -1  1 -1 -3 -3 -2   14   0   0  25   0   0  31  13   0   0   0   0   0   0   0  17   0   0   0   0  0.39 0.04
  138 R   -1  6 -1 -2 -3  0  0 -2  3 -3 -3  1 -2 -3 -2  1 -1 -3 -2 -3    0  76   0   0   0   0   0   0  10   0   0   0   0   0   0  13   0   0   0   0  0.71 0.09
  139 G    0 -3 -1 -2 -3 -2 -3  6 -3 -4 -4 -2 -3 -4 -3 -1 -2 -3 -4 -4    0   0   0   0   0   0   0 100   0   0   0   0   0   0   0   0   0   0   0   0  1.26 0.10
  140 Y   -2 -1 -2 -3 -3 -1 -2 -3  1 -2 -2  1 -2  2 -3 -2 -2  1  7 -2    0   0   0   0   0   0   0   0   0   0   0  18   0   0   0   0   0   0  82   0  0.92 0.11
  141 A    3 -2 -2 -2 -1 -2 -2 -1 -3  1  0 -2  0 -2  3  0 -1 -3 -2  2   41   0   0   0   0   0   0   0   0  14   0   0   0   0  18   0   0   0   0  27  0.32 0.05
  142 T   -1 -2 -1 -2 -2 -1 -2 -3 -1 -1  1 -2  0  0 -2  0  4 -1  4  0    0   0   0   0   0   0   0   0   0   0  18   0   0   0   0   0  56   0  26   0  0.37 0.07
  143 S    0 -2 -1 -2 -2 -1 -1 -2 -2 -1 -1 -1 -1 -3  4  1  3 -3 -2  1    0   0   0   0   0   0   0   0   0   0   0   0   0   0  26  15  41   0   0  18  0.49 0.06
  144 I   -2  5 -1  2 -3  2  0 -3 -1  0 -2  1 -1 -3 -2 -1 -1 -3 -2 -1    0  54   0  18   0  13   0   0   0  15   0   0   0   0   0   0   0   0   0   0  0.42 0.06
  145 V   -1 -3 -4 -4 -1 -3 -3 -4 -4  2  0 -3  0 -1 -3 -2 -1 -3 -2  5    0   0   0   0   0   0   0   0   0   0   0   0   0   0   0   0   0   0   0 100  0.66 0.13
  146 T   -1  1 -2 -3 -2  1 -1 -3 -1  1  2 -1  1  0 -3 -1  1 -1  2  0    0  11   0   0   0  11   0   0   0  15  35   0   0   0   0   0  14   0  15   0  0.16 0.05
  147 F    1 -2 -2 -3 -1 -2 -2 -2 -2  1  1 -2  0  2 -2  0  1 -2  0  2   17   0   0   0   0   0   0   0   0   0  15   0   0  14   0  11  11   0   0  33  0.15 0.04
  148 V    0 -3 -3 -2 -2 -2 -2 -3 -3  1 -1 -2  2 -2  6 -1 -1 -4 -3  1    8   0   0   0   0   0   0   0   0  11   0   0  11   0  56   0   0   0   0  14  0.96 0.09
  149 P   -1 -1 -1  0 -3  2  3 -2 -1 -3 -3  0 -2 -4  6  0 -1 -4 -3 -3    0   0   0   0   0  15  33   0   0   0   0   0   0   0  44   9   0   0   0   0  0.92 0.09
  150 P   -1  0 -1  0 -4  5  3 -2  0 -3 -3  0 -1 -4  3 -1 -1 -3 -2 -3    0   0   0   0   0  64  22   0   0   0   0   0   0   0  14   0   0   0   0   0  0.77 0.12
  151 G   -1 -1  0  5 -2 -1  0  1 -1 -2 -2 -1 -2 -2 -1  0  1 -3 -2 -2    2   1   1  51   0   1   1  15   0   1   2   1   0   1   1   2  16   0   1   1  0.42 0.05
  152 V   -1 -3 -4 -4 -2 -3 -3 -4 -3  3  3 -3  1  2 -3 -2 -1 -2 -1  3    0   0   0   0   0   0   0   0   0  25  35   0   0  11   0   0   0   0   0  28  0.37 0.05
  153 V    0 -1  2  1 -2  0  0  1 -1 -1 -2  1 -1 -3 -2  1  1 -3 -2  0    0   0  11  11   0   0   0  15   0   0   0  17   0   0   0  18  15   0   0  14  0.18 0.04
  154 D    0 -1  1  5 -2 -1  0 -1 -1 -3 -3  0 -2 -3 -2  2  1 -4 -3 -2    6   0   0  50   0   0   0   0   0   0   0   6   0   0   0  32   6   0   0   0  0.53 0.08
  155 G    1 -2 -1 -1 -3 -1  0  5 -2 -4 -4 -2 -3 -4 -2  0 -2 -3 -3 -3   11   0   0   0   0   0  11  78   0   0   0   0   0   0   0   0   0   0   0   0  0.89 0.09
  156 V    0 -1  2  1 -2 -1  1 -2 -1  1 -1  1 -1 -2 -2  0  1 -3 -2  2    6   0  15  11   0   0   8   0   0   9   0  11   0   0   0   0  12   0   0  28  0.12 0.04
  157 L   -1 -1 -3 -3 -2  1 -2 -3 -2  2  3  0  1 -1 -3 -2 -1 -2 -2  2    0   0   0   0   0  11   0   0   0  15  49  11   0   0   0   0   0   0   0  15  0.24 0.05
  158 K   -1  2  0 -2 -3  2  0 -2  4 -2 -1  2  2 -2 -2 -1  1 -3 -1 -2    0  15   0   0   0  11   0   0  23   0   0  25  15   0   0   0  11   0   0   0  0.32 0.07
  159 L   -2 -3 -4 -4 -2 -3 -3 -4 -3  2  3 -3  1  4 -3 -3 -1 -1  0  2    0   0   0   0   0   0   0   0   0  15  36   0   0  27   0   0   0   0   0  22  0.38 0.06
  160 K    0  0  0  2 -2  0  2 -1 -1 -2 -2  2 -2 -3 -1  2  1 -3 -2 -1    6   0   0  15   0   0  15   0   0   0   0  24   0   0   0  23   8   0   0   9  0.24 0.04
  161 V   -2 -3 -4 -4 -2 -3 -3 -4 -3  3  4 -3  1  0 -3 -3 -1 -2 -1  2    0   0   0   0   0   0   0   0   0  23  63   0   0   0   0   0   0   0   0  14  0.47 0.07
  162 E    1  1 -2 -2 -2 -1  1 -3 -2  3  0 -1  0 -1 -2 -1 -1 -3 -2  3   15  11   0   0   0   0  14   0   0  29   0   0   0   0   0   0   0   0   0  32  0.17 0.05
  163 W   -1 -2 -2 -1 -2 -1  1 -2 -2 -1 -2 -1 -2 -2  5  1 -1  5 -1  1    0   0   0   0   0   0  15   0   0   0   0   0   0   0  35  15   0  14   0  22  0.63 0.08
  164 G   -1 -1  1 -1 -3 -1 -1  4  3 -3 -3  1 -2  2 -2 -1 -2 -2 -1 -3    0   0  11   0   0   0   0  49  11   0   0  15   0  15   0   0   0   0   0   0  0.44 0.07
  165 R   -1  3 -2 -2 -2 -1 -2 -3 -2  2  0  0  0 -2 -2  1  0 -3 -2  3    0  28   0   0   0   0   0   0   0   8   0   0   0   0   0  15   0   0   0  49  0.24 0.07
  166 I    0 -2 -2  1 -2 -1  0 -3 -2  2  2 -2  0 -1 -2 -1 -1 -3 -2  1   15   0   0  11   0   0  11   0   0  32  23   0   0   0   0   0   0   0   0   9  0.14 0.04
  167 K    3  3 -1 -2 -2  0 -1  2 -1 -3 -2  2 -2 -3 -2  0 -1 -3 -2 -2   45  27   0   0   0   0   0  15   0   0   0  14   0   0   0   0   0   0   0   0  0.34 0.07
  168 G   -1  2  0 -1 -3  1  1  3  5 -4 -3  0 -2 -3 -2 -1 -2 -3 -1 -3    0  15   0   0   0   6  15  36  29   0   0   0   0   0   0   0   0   0   0   0  0.49 0.07
  169 W   -1 -1  1 -2 -2 -1 -2 -2 -2  1  0  0  0 -1 -2  1  0  5 -1  2    0   0  11   0   0   0   0   0   0   8   6  11   0   0   0  15   0  14   0  35  0.21 0.05
  170 L   -2  5 -1 -2 -3  2 -1 -3  0 -2  0  1 -1 -1 -3 -1 -2 -2  2 -2    0  57   0   0   0  15   0   0   0   0  14   0   0   0   0   0   0   0  15   0  0.49 0.09
  171 I   -1 -3 -3 -3 -2 -3 -3 -3 -2  2  1 -3  0  4 -3 -2  1 -1  1  2    0   0   0   0   0   0   0   0   0  14   9   0   0  37   0   0  15   0   0  26  0.32 0.06
  172 D    1 -2 -1  1 -2 -1  0 -1  0 -2 -1 -1 -1  2 -2  1 -1  0  3 -1   21   0   0  14   0   0   6   1   0   0   1   0   0  15   0  15   1   0  22   1  0.20 0.04
  173 G   -1 -2 -1  2 -2 -1 -1  3 -1  0 -1 -1 -1 -1 -2 -1 -1 -1  2  1    1   1   1  19   0   1   1  30   0   1   2   1   0   1   1   1   1   0  15  23  0.18 0.04
  174 K   -1  3  2  0 -2  1  1 -1  0 -2 -2  3 -1 -3 -1  0 -1 -2 -2 -2    1  23  15   1   0   1  13   1   0   1   2  29   0   1   1   8   1   0   1   1  0.31 0.04
  175 P    1  2 -1  1 -2  0  0 -1 -1 -2 -2  2 -1 -2  3  0 -1 -2 -2 -2   22  16   1  12   0   1   1   1   0   1   2  24   0   1  14   1   1   0   1   1  0.27 0.03
  176 L   -1 -2 -2 -2 -1 -1 -2 -2 -1  2  2 -2  0  0 -2  1  1 -1  2  1    1   0   0   0   0   0   1   1   0  22  26   0   0   0   0  15  15   0  15   1  0.15 0.04
  177 E   -1  4 -1 -1 -3  2  2 -2 -1 -3 -2  1 -1 -3  3 -1 -1 -2 -2 -2    1  41   1   1   0  15  14   1   0   1   1   1   0   1  18   1   1   0   0   1  0.49 0.06
  178 G   -1 -2  2  2 -3 -1 -1  4 -1 -3 -3 -1 -2 -3 -2  0 -1 -3 -3 -3    1   1  12  20   0   1   1  56   0   1   1   1   0   1   1   1   1   0   0   1  0.58 0.06
  179 T    0 -1  0 -1 -1 -1 -1 -1 -1 -1 -2 -1 -1 -1 -1  2  4 -1  2 -1    1   1   1   1   0   1   1   1   0   1   1   1   0   1   1  21  52   0  15   1  0.34 0.07
  180 R   -1  1 -1  1 -2 -1 -1 -2 -1 -2 -2  1 -1  2 -2  2  1  6  0 -2    0  14   0   9   0   0   0   0   0   0   0   8   0  15   0  25  11  18   0   0  0.35 0.06
  181 D   -1  2  0  3 -3  1  2 -2 -1 -3 -3  3 -2 -3  2  1 -1 -4 -2 -3    0  11   0  22   0   0  15   0   0   0   0  29   0   0   8  15   0   0   0   0  0.40 0.05
  182 R   -1  1  0  3 -2  0  2 -1  0 -2 -2  0 -2 -1 -1  1 -1 -2  1 -2    1  14   1  31   0   1  16   1   0   1   2   1   0   1   1  16   1   0   9   1  0.28 0.04
  183 M    1 -1  2  0 -2  0  2 -1 -1  0 -1  0  2 -2 -1  0 -1 -2 -2  0   21   1  15   1   0   1  27   1   0  10   2   1  14   1   1   1   1   0   1   1  0.13 0.04
  184 M   -1 -1 -2 -2 -1  1 -1 -2 -2  2  1 -1  2 -1 -2 -1  1 -2 -1  2    1   1   1   1   0   9   1   1   0  16  16   1  14   1   1   1   9   0   1  23  0.13 0.03
  185 V    1 -2 -2 -2 -1 -2 -2 -2 -2  1  3 -2  1  1 -2 -1 -1 -1  0  1   16   1   1   1   0   1   1   1   0   1  47   1   0   9   1   1   1   0   1  15  0.17 0.03
  186 F   -1  4 -1 -2 -2  0 -1 -2  0 -2 -1  2 -1  2 -2 -1 -1  4  2 -2    1  38   1   1   0   1   1   1   0   1   2  16   0  14   1   1   1   9   9   1  0.33 0.05
  187 S    0  4  1 -1 -2  0 -1 -1 -1 -3 -3  1 -2 -3 -2  3  1 -3 -2 -2    0  37   8   0   0   0   0   0   0   0   0   0   0   0   0  43  12   0   0   0  0.43 0.08
  188 A    3 -1 -1  0 -2  0  3 -1 -1 -2  0  0 -1 -2 -1  1 -1 -3 -2 -1   40   0   0   0   0   0  37   0   0   0  15   0   0   0   0   9   0   0   0   0  0.28 0.07
  189 M   -2 -2 -3 -3 -2 -2 -3 -3 -2  1  1 -2  6  4  2 -2 -2 -1  0  0    0   0   0   0   0   0   0   0   0   8   0   0  50  27  15   0   0   0   0   0  0.50 0.11
  190 P   -1  2 -2 -2 -3 -1 -1 -2 -2 -3 -3  0 -3 -4  7  1 -1 -4 -3 -3    0  22   0   0   0   0   0   0   0   0   0   0   0   0  63  15   0   0   0   0  1.26 0.11
  191 G    1 -1 -1 -2 -2  2 -1  1 -2 -1  1 -1  0 -2 -2  0  1 -2 -2 -1   23   0   0   0   0  22   0  14   0   0  29   0   0   0   0   0  12   0   0   0  0.15 0.05
  192 W   -2  2 -1  2 -3  0 -1  0  4 -2 -1  1  3 -1 -2 -1 -2  5  0 -2    0  12   0  15   0   0   0   6  17   0   0  15  22   0   0   0   0  14   0   0  0.31 0.07
  193 Q   -1  2  0  2 -4  3  3  0 -1 -3 -3  1 -2 -4  1 -1 -1 -3 -2 -3    0  15   0  12   0  28  31   6   0   0   0   0   0   0   8   0   0   0   0   0  0.48 0.07
  194 D    0 -3 -1  2 -3 -2 -2  6 -2 -4 -4 -2 -3 -4 -3 -1 -2 -3 -4 -4    0   0   0  14   0   0   0  86   0   0   0   0   0   0   0   0   0   0   0   0  1.07 0.11
  195 K    1  0  0  3 -2  0  1  2 -1 -3 -3  2 -2 -3 -1  1  0 -3 -2 -2   11   0   0  21   0   0   6  15   0   0   0  28   0   0   0  20   0   0   0   0  0.30 0.05
  196 V   -1 -3 -3 -4 -2 -2 -3 -3 -3  1  2 -3  0 -1  2 -2 -1  7 -1  3    0   0   0   0   0   0   0   0   0   0  23   0   0   0  15   0   0  22   0  40  0.56 0.08
  197 L   -2 -3 -4 -4 -2 -3 -3 -4 -3  2  4 -3  1  3 -3 -3 -2 -2  0  1    0   0   0   0   0   0   0   0   0  15  71   0   0  15   0   0   0   0   0   0  0.50 0.08
  198 N   -2 -2  4  4 -3 -1  0  1 -1 -2  0 -1 -2 -3 -2  0 -1 -4 -3 -2    0   0  45  30   0   0   0  11   0   0  15   0   0   0   0   0   0   0   0   0  0.47 0.08
  199 V   -1 -1 -2 -2 -2  1 -1 -3 -2  1  3 -1  1 -1 -2  1  0 -2 -2  1    0   0   0   0   0  15   0   0   0   0  50   0   0   0   0  22   0   0   0  14  0.20 0.06
  200 F   -1  4 -1  1 -3  0  0 -2 -1 -3 -2  2 -2  1 -2  1 -1 -2 -1 -3    0  50   0  11   0   0   0   0   0   0   0  11   0  14   0  15   0   0   0   0  0.40 0.07
  201 D    0 -2  0  5 -3  0  2 -2 -2 -2 -1 -1 -2 -3 -2 -1 -1 -4 -3 -2   15   0   0  60   0   0  15   0   0   0  11   0   0   0   0   0   0   0   0   0  0.57 0.08
  202 I   -1 -3 -4 -4 -2 -3 -3 -4 -3  4  2 -3  1  2 -3 -3 -1 -2  0  3    0   0   0   0   0   0   0   0   0  48  12   0   0  15   0   0   0   0   0  25  0.40 0.07
  203 D   -1 -1  2  3 -3  1  4 -2 -1 -4 -3  0 -3 -4 -2  1 -1 -4 -3 -3    0   0  15  24   0   0  46   0   0   0   0   0   0   0   0  15   0   0   0   0  0.58 0.08
  204 Q   -1  0 -1 -1 -3  5  0 -3 -1 -1  1  0  3 -2 -2 -1  1 -2 -2 -1    0   0   0   0   0  59   0   0   0   0  15   0  15   0   0   0  11   0   0   0  0.45 0.11
  205 A    2 -3 -1 -2 -2 -2 -2  5 -2 -3 -3 -2 -3 -3 -2  0 -2 -3 -3 -2   28   0   0   0   0   0   0  72   0   0   0   0   0   0   0   0   0   0   0   0  0.86 0.09
  206 I   -2  0 -2 -3 -2 -1 -1 -3 -2  1  3  3  1 -1 -2 -2 -1 -3 -2  0    0   0   0   0   0   0   0   0   0  14  50  37   0   0   0   0   0   0   0   0  0.27 0.07
  207 Y    1 -1 -1  2 -3  1  4 -2  0 -3 -3  0 -2 -1 -2  0  1 -2  2 -2   15   0   0   9   0   0  52   0   0   0   0   0   0   0   0   0  11   0  14   0  0.40 0.08
  208 N   -2  3  4  0 -3  3  0 -2  0 -2 -2  0 -1 -3 -2  0 -1 -3 -2  0    0  27  38   0   0  22   0   0   0   0   0   0   0   0   0   0   0   0   0  13  0.41 0.08
  209 I   -2 -2 -3 -3 -2 -2 -3 -4 -3  2  3 -2  4  2  2 -2 -1 -2 -1  0    0   0   0   0   0   0   0   0   0  12  40   0  22  11  14   0   0   0   0   0  0.37 0.06
  210 N   -2  0  5  0 -3  0 -1 -2 -1 -2  0  3 -1 -3 -2  0 -1 -4 -2 -2    0   0  53   0   0   0   0   0   0   0  14  33   0   0   0   0   0   0   0   0  0.47 0.10
  211 N    0  5  2 -1 -3  0  0 -2 -1 -3 -3  2 -2 -3 -2 -1 -1 -3 -2 -3   13  60  12   0   0   0   0   0   0   0   0  14   0   0   0   0   0   0   0   0  0.58 0.09
  212 G    0 -2  1 -2 -1 -2 -2  1 -2  1  1 -2  0 -1 -2  0  0 -3 -2  2    8   0  13   0   0   0   0  12   0   0  27   0   0   0   0   8   7   0   0  25  0.11 0.04
  213 G    0 -2 -1 -1 -2 -1 -2  4 -2 -3 -3 -1 -2 -3  4  2  1 -3 -3 -2    0   0   0   0   0   0   0  40   0   0   0   0   0   0  25  22  14   0   0   0  0.63 0.07
  214 K   -1  3 -1 -2 -3  3  0 -3 -1 -1 -1  2 -1  2 -2 -1  1 -2 -1  0    0  27   0   0   0  22   0   0   0   0   0  12   0  14   0   0  11   0   0  13  0.24 0.06
  215 T   -1  1  0  4 -2 -1  0 -2 -1 -1 -1 -1 -1  2 -2 -1  1 -2 -1  0    1  14   1  36   0   1   1   1   0   1   1   1   0  14   1   1  13   0   0  12  0.20 0.04
  216 G    1 -2 -2 -2 -2 -1  1  1 -2  1 -1 -1  0 -2 -2 -1  1 -3 -2  3   11   0   0   0   0   0  14  12   0   0   0   0   0   0   0   0  13   0   0  49  0.17 0.06
  217 N   -1 -1  2  4 -3  0  0 -2  3 -3 -3 -1 -2 -3 -2  1  1 -4 -2 -3    0   0  12  45   0   0   0   0  14   0   0   0   0   0   0  14  14   0   0   0  0.52 0.08
  218 I    1 -2 -2 -3 -1 -2 -2 -3 -2  2  0 -2  3  0 -2 -1  1 -1  2  2   13   0   0   0   0   0   0   0   0  24   0   0  22   0   0   0  13   0  14  14  0.20 0.06
  219 T   -1  1 -1  0 -3  4  3 -2 -1 -1 -2  0 -1 -3 -2  0  1 -3 -2  0    0   8   0   0   0  39  28   0   0   0   0   0   0   0   0   0  12   0   0  13  0.40 0.08
  220 I   -1  1 -3 -3 -2 -2 -3 -4 -3  3  2 -2  1  2 -3 -2 -1 -2  0  2    0  13   0   0   0   0   0   0   0  38  14   0   0  13   0   0   0   0   0  21  0.26 0.05
  221 V    1 -2  1 -2 -1  1 -1 -2 -2  1 -1 -1  0 -2 -2 -1  0 -3 -2  3   21   0  14   0   0  14   0   0   0   0   0   0   0   0   0   0   0   0   0  51  0.20 0.07
  222 P    1 -2 -2 -2 -3 -2 -2 -2 -3 -3 -3 -1 -3 -4  7 -1  1 -4 -3 -2   13   0   0   0   0   0   0   0   0   0   0   0   0   0  73   0  14   0   0   0  1.48 0.12
  223 A    1 -1 -1 -2 -2 -1 -1  4 -2 -1 -2  1 -1 -3 -2  0  1 -3 -2  0   12   0   0   0   0   0   0  41   0   0   0  14   0   0   0   0  19   0   0  14  0.32 0.06
  224 D   -1  2  2  3 -3  2  2  0  0 -3 -3  0 -2 -3 -1  0 -1 -3 -2 -2    1  14  15  21   0  14  19   8   0   1   1   1   0   1   1   1   1   0   0   1  0.33 0.04
  225 E    1  0 -1 -1 -2  2  1 -2 -1  0  0  1  1 -2 -2  1  1 -3 -2  1   13   0   0   0   0  11  12   0   0   0   7  14   8   0   0  13   8   0   0  14  0.12 0.03
  226 Y    1 -2 -2 -2 -2 -1 -1 -2 -1 -2 -2 -1 -2 -1  6 -1 -1 -2  2 -2   15   1   1   1   0   1   1   1   0   1   1   1   0   1  61   1   1   0  13   1  1.09 0.08
  227 G   -1 -2  2  2 -3 -1 -1  5 -1 -3 -3 -1 -2 -3 -2  0 -1 -3 -3 -3    1   1  14  14   0   1   1  60   0   1   1   1   0   1   1   1   1   0   0   1  0.62 0.06
  228 Y   -1  0 -1 -1 -3  4  3 -2  0 -2 -2  0 -1 -2 -2  0  2 -2  2 -2    0   0   0   0   0  38  22   0   0   0   0   0   0   0   0   0  27   0  12   0  0.43 0.09
  229 S    0 -2  0 -1 -1 -1 -1 -1 -2  0 -1 -1 -1 -2 -2  4  2 -3 -2  2    0   0   0   0   0   0   0   0   0   0   0   0   0   0   0  60  13   0   0  27  0.35 0.09
  230 Y   -2 -2  1  6 -4 -1  1 -2 -1 -4 -4 -1 -3 -2 -2 -1 -2 -3  2 -3    0   0   0  88   0   0   0   0   0   0   0   0   0   0   0   0   0   0  12   0  1.04 0.13
  231 L   -1 -3 -4 -4 -1 -3 -3 -4 -3  2  3 -3  1  0 -3 -2 -1 -3 -2  3    0   0   0   0   0   0   0   0   0   0  51   0   0   0   0   0   0   0   0  49  0.46 0.08
  232 D   -1 -3 -2  1 -2 -2  0 -3 -3  2  1 -2  0 -1 -3 -2 -1 -3 -2  4    0   0   0  12   0   0   8   0   0   0  11   0   0   0   0   0   0   0   0  69  0.30 0.08
  233 L   -2 -3 -3 -4 -2 -2 -3 -4 -1  2  3 -3  1  1 -3 -2 -1 -1  4  2    0   0   0   0   0   0   0   0   0  19  40   0   0   0   0   0   0   0  27  14  0.38 0.07
  234 Q    1  0  0  2 -2  3  1 -1 -1 -3 -3  1 -1 -3 -1  2  1 -3 -2 -2   14   0   0  14   0  26   0   0   0   0   0  13   0   0   0  25   8   0   0   0  0.31 0.06
  235 L   -1 -3 -3 -3 -2 -2 -3 -3 -3  1  1 -3  0  2 -3 -2  1  5  0  3    0   0   0   0   0   0   0   0   0   0  12   0   0  14   0   0  13  11   0  49  0.35 0.07
  236 Q   -1  1  0 -1 -3  2  2 -2 -1 -3 -3  4 -2 -3 -1  1  1 -3 -2 -2    0   0   0   0   0  12  13   0   0   0   0  49   0   0   0  14  11   0   0   0  0.42 0.07
  237 R   -1  4 -1  2 -4  2  3 -2 -1 -3 -3  1 -2 -4  3 -1 -1 -3 -2 -3    0  34   0  13   0  11  27   0   0   0   0   0   0   0  14   0   0   0   0   0  0.54 0.07
  238 R   -1  4 -1 -2 -2  0 -1  2 -1 -2 -2  0 -1  2 -2  0  0 -2 -1 -2    1  40   1   1   0   1   1  20   0   1   1   1   0  15   1   8   8   0   0   1  0.25 0.05
  239 A    1  2  2 -1 -2  0 -1  1 -1 -1  0  2 -1 -2 -1  0 -1 -2 -2 -1   14  12  14   1   0   1   1  15   0   1  15  23   0   1   1   1   1   0   0   1  0.13 0.03
  240 L   -1 -1 -1 -2 -2 -1 -1 -2 -2 -1  0  1 -1 -2  6 -1  1 -3 -2 -1    1   1   1   1   0   1   1   1   0   1  14  15   0   1  47   1  14   0   0   1  0.73 0.06
  241 P   -1 -2 -2 -2 -2 -2 -2  1 -2 -1  0 -2 -1 -1  2 -1  1  7  0  0    1   1   1   1   0   1   1  14   0   1  15   1   0   1  13   1  15  22   0  12  0.39 0.05
  242 R   -1  5  0 -1 -2  0  0 -2 -1 -2 -2  1 -1 -2 -1  2  1 -2 -2 -2    1  52   1   1   0   1   1   1   0   1   1   1   0   1   1  22  15   0   0   1  0.41 0.07
  243 V    2 -2 -2 -3 -1 -2 -2 -2 -2  1  0 -2  0  3 -2  1  0 -2  0  2   27   0   0   0   0   0   0   0   0   0   0   0   0  24   0  14   0   0   0  34  0.21 0.06
  244 S   -1 -2  4  0 -2 -1 -1 -1 -1 -1 -1 -1 -1  2 -2  2  0 -3 -1  1    0   0  38   0   0   0   0   0   0   0   0   0   0  14   0  26   0   0   0  22  0.26 0.07
  245 L    2 -2 -2 -2 -1 -2 -2 -2 -2  1  1 -2  0  2 -2  1  0 -2 -1  2   33   0   0   0   0   0   0   0   0   0  12   0   0  13   0  14   0   0   0  27  0.17 0.05
  246 G    0 -2  0 -1 -2 -1 -1  5 -2 -4 -4 -1 -3 -3 -2  3  0 -3 -3 -3    0   0   0   0   0   0   0  53   0   0   0   0   0   0   0  47   0   0   0   0  0.69 0.10
  247 M   -2 -2  1 -2 -2 -2 -3 -3 -1  3  0 -2  2  2 -3 -2 -1  0  4  1    0   0  14   0   0   0   0   0   0  35   0   0  12  11   0   0   0   0  27   0  0.31 0.08
  248 D   -2 -2  0  6 -3 -1  1 -2 -2 -1 -2 -1 -2 -3 -2 -1 -1 -3 -3  0    1   1   1  74   0   1   1   1   0   1   1   1   0   1   1   1   1   0   0  15  0.69 0.09
  249 N   -2 -1  6  2 -3  0  0 -1  0 -3 -3 -1 -2 -3 -2  0 -1 -3 -2 -3    1   1  76  12   0   1   1   1   0   1   1   1   0   1   1   1   1   0   0   1  0.76 0.10
  250 S    1 -1 -1 -1 -1 -1 -1 -1 -1 -1 -1 -1 -1  3 -1  3  0 -1  0 -1   14   1   1   1   0   1   1   1   0   1   1   1   0  28   1  46   1   0   0   1  0.26 0.06
  251 G    0 -3 -1 -2 -3 -2 -3  6 -3 -4 -4 -2 -3 -4 -3 -1 -2 -3 -4 -4    0   0   0   0   0   0   0 100   0   0   0   0   0   0   0   0   0   0   0   0  1.34 0.13
  252 P    0 -1 -1 -1 -1  0  0 -1  0  0  0 -1  0  0  3  0  0  0  2  1    5   3   3   3   1   3   4   4   1   3   5   3   1   2  16   4   4   1  15  18  0.12 0.01
  253 G    0 -1  0  0 -1  0 -1  4 -1 -1 -1 -1 -1 -1  0  0  0 -1 -1 -1    5   3   3   3   1   3   4  44   1   3   5   3   1   2   3   4   4   1   2   4  0.25 0.01
  254 T    1 -2 -1 -2 -1 -1 -1 -2 -1 -1 -1 -1 -1 -1 -2  1  4 -2  2  1   14   0   0   0   0   0   0   0   0   0   0   0   0   0   0  11  48   0  14  13  0.30 0.07
  255 P   -1  4 -1 -1 -4  0  1  1 -1 -3 -3  2 -2 -4  4 -1 -1 -3 -3 -3    0  36   0   0   0   0  13  14   0   0   0  11   0   0  26   0   0   0   0   0  0.58 0.07
  256 E    2 -1 -1  0 -2  0  3 -1 -1 -2 -3  0 -2 -3 -1  2  2 -3 -2 -2   22   0   0   0   0   0  40   0   0   0   0   0   0   0   0  24  14   0   0   0  0.38 0.07
  257 N   -1 -2  2 -1 -2 -1  1  1 -1 -2 -2 -1 -2  2  2  0  3 -2 -1 -2    0   0  12   0   0   0  14  13   0   0   0   0   0  14  13   0  33   0   0   0  0.26 0.06
  258 G    0 -2  2 -1 -2 -2 -2  5 -2 -2 -3 -2 -2 -3 -2  1 -1 -3 -3  0    0   0  14   0   0   0   0  59   0   0   0   0   0   0   0  14   0   0   0  13  0.57 0.08
  259 R   -1  3 -1 -2 -3  0  0  1 -1 -3 -3  3 -2 -1 -2  1 -1 -2  2 -3    0  26   0   0   0   0   0  14   0   0   0  33   0   0   0  13   0   0  14   0  0.34 0.06
  260 Y   -1 -2 -1  1 -2  1 -1 -3 -1  0  1 -1  0  2 -2 -1  1 -1  2  1    0   0   0  13   0  14   0   0   0   0  22   0   0  13   0   0  11   0  12  14  0.13 0.04
  261 K   -1  3  0 -1 -3  5  1 -2  0 -3 -3  2 -1 -3 -2  1 -1 -3 -2 -3    0  27   0   0   0  46   0   0   0   0   0  12   0   0   0  14   0   0   0   0  0.57 0.09
  262 Y    1 -2 -2 -3 -2 -2 -2  2 -1 -1 -1 -2 -1  3 -2 -1 -1 -1  3  1   24   0   0   0   0   0   0  22   0   0   0   0   0  27   0   0   0   0  12  14  0.26 0.06
  263 N   -1 -1  4  0 -2  2 -1  3 -1 -2  0 -1 -1 -3 -2  1 -1 -3 -2 -2    0   0  34   0   0  14   0  24   0   0  13   0   0   0   0  14   0   0   0   0  0.32 0.06
  264 A    2 -2 -3 -3 -1 -2 -2 -2 -3  1  2 -2  1 -1 -2 -1 -1 -3 -2  3   26   0   0   0   0   0   0   0   0   0  28   0   0   0   0   0   0   0   0  46  0.28 0.07
  265 S    0 -1  0 -1 -2  1 -1  4 -2 -3 -3 -1 -2 -3 -2  2  1 -3 -3 -2    0   0   0   0   0  13   0  49   0   0   0   0   0   0   0  27  11   0   0   0  0.53 0.07
  266 V   -1 -3 -4 -4 -2 -3 -3 -4 -3  2  3 -3  1  2 -3 -2 -1 -2  0  3    0   0   0   0   0   0   0   0   0   0  46   0   0  14   0   0   0   0   0  40  0.39 0.07
  267 T    0 -2 -1 -2 -2  1 -1  3 -2  1 -1 -1 -1 -2 -2  1  1 -3 -2  1    0   0   0   0   0  14   0  35   0  13   0   0   0   0   0  11  12   0   0  14  0.23 0.05
  268 A    0 -1  1 -1 -2  1 -1 -2 -1  1  0 -1  0  0 -2  0  1 -1  2  0   12   0  14   0   0  14   0   0   0  22  11   0   0   0   0   0  13   0  13   0  0.10 0.04
  269 N    1 -2  2  4 -3 -1  0  3 -1 -3 -4 -1 -3 -4 -2  0 -1 -4 -3 -3   14   0  12  47   0   0   0  27   0   0   0   0   0   0   0   0   0   0   0   0  0.57 0.07
  270 D   -2 -1  5  2 -3 -1 -1 -1  3 -3 -3 -1 -3 -2 -3  0 -1 -2  2 -3    0   0  63  12   0   0   0   0  11   0   0   0   0   0   0   0   0   0  13   0  0.67 0.11
  271 L    1 -2 -3 -3 -2 -2 -2 -2 -2  0  2 -2  0  2  4 -1 -1 -2 -1  0   24   0   0   0   0   0   0   0   0   0  40   0   0  14  22   0   0   0   0   0  0.35 0.06
  272 L   -1 -2 -3 -3 -2 -2 -3 -4 -3  1  3 -3  1  2 -3 -2  1 -2  0  1    0   0   0   0   0   0   0   0   0   0  59   0   0  13   0   0  14   0   0  13  0.34 0.07
  273 G    0 -3 -1 -2 -3 -2 -3  6 -3 -4 -4 -2 -3 -4 -3 -1  0 -3 -3 -3    0   0   0   0   0   0   0  89   0   0   0   0   0   0   0   0  11   0   0   0  1.09 0.11
  274 L   -1 -1 -2 -2 -2  1 -1 -3  3  1  3 -1  1 -1 -3  0 -1 -2 -1  0    0   0   0   0   0  11   0   0  14  13  48   0   0   0   0  14   0   0   0   0  0.20 0.06
  275 N   -2 -1  5  4 -3 -1  0  2 -1 -4 -4 -1 -3 -4 -2  0 -1 -4 -3 -4    0   0  59  27   0   0   0  14   0   0   0   0   0   0   0   0   0   0   0   0  0.74 0.10
  276 D   -2 -1  2  5 -4  2  1  1 -1 -4 -4 -1 -3 -4 -2  0 -1 -4 -3 -3    0   0  14  60   0  13   0  13   0   0   0   0   0   0   0   0   0   0   0   0  0.70 0.09
  277 T   -1  1 -1 -2 -2  1 -1 -3 -2  1  1  0  1 -1 -2 -1  2 -3 -2  1    0  14   0   0   0  13   0   0   0  15  11   0   7   0   0   0  26   0   0  14  0.15 0.05
  278 L   -2 -2 -3 -3 -2 -2 -2 -3 -2  2  2  0  1  3 -3 -2 -1 -1  0  1    0   0   0   0   0   0   0   0   0  13  33  13   0  26   0   0   0   0   0  14  0.26 0.05
  279 G    1 -1  5  0 -3 -1 -1  3  0 -3 -3 -1 -2 -2 -2  0 -1 -2  2 -3   13   0  49   0   0   0   0  26   0   0   0   0   0   0   0   0   0   0  11   0  0.49 0.08
  280 L   -1 -3 -4 -4 -2 -3 -3 -4 -3  2  3 -3  1  2 -3 -2 -1 -2  0  3    0   0   0   0   0   0   0   0   0  11  40   0   0  13   0   0   0   0   0  36  0.37 0.06
  281 Y    0 -1  3  0 -2 -1 -1  2 -1 -3 -3 -1 -2 -1 -2  2  1 -2  2 -2    0   0  28   0   0   0   0  22   0   0   0   0   0   0   0  24  13   0  12   0  0.34 0.06
  282 I    3 -2 -3 -3 -1 -2 -2 -1 -2  1  1 -2  0  1 -2  0 -1 -2 -1  2   49   0   0   0   0   0   0   0   0  12  11   0   0   8   0   0   0   0   0  20  0.22 0.06
  283 G    0 -1  2 -1 -2 -1 -1  1 -1 -1  1 -1  2 -1 -2  1  1 -2 -2 -1    1   1  16   1   0   0   1  13   0   1  15   1  14   0   1  21  14   0   0   1  0.13 0.04
  284 N   -2 -1  6  0 -3  3  0 -1  0 -3 -3  0 -2 -3 -2  0  1 -4 -2 -3    0   0  64   0   0  22   0   0   0   0   0   0   0   0   0   0  14   0   0   0  0.68 0.11
  285 R   -2  3  2  5 -4  0  0 -2 -1 -4 -4  0 -3 -4  2 -1 -1 -4 -3 -3    0  24  14  49   0   0   0   0   0   0   0   0   0   0  13   0   0   0   0   0  0.64 0.08
  286 Y   -1 -2 -2 -3 -2 -2 -2 -3  0  0  1 -2  0  3 -3  0 -1  0  5  1    0   0   0   0   0   0   0   0   0   0  22   0   0  13   0  11   0   0  40  14  0.39 0.07
  287 Y    0 -1 -1 -1 -2  0  2 -2  0 -1 -1  1 -1  3 -2 -1 -1  0  3 -1   12   1   1   1   0   1  23   1   0   1   1  15   0  27   1   1   1   0  13   1  0.21 0.04
  288 R    1  1 -1 -2 -1 -1 -1 -1 -1 -1  0 -1  0  3 -2  1  1 -1  0 -1   15  13   1   1   0   1   1   1   0   1   9   1   0  26   1  14  14   0   0   1  0.12 0.03
  289 D   -1 -2  1  2 -2 -1 -1  3 -2 -1 -2 -1 -2 -2  3  0 -1 -3 -2  0    1   1  12  13   0   1   1  36   0   1   1   1   0   1  15   1   1   0   0  14  0.34 0.04
  290 A    1 -1  0  4 -2 -1  0  1 -1 -2 -3 -1 -2 -3 -1  2  0 -3 -2 -2   14   1   1  36   0   1   1  12   0   1   1   1   0   1   1  28   1   0   0   1  0.35 0.05
  291 G    0  0  0 -1 -2  0 -1  4 -1 -3 -3  3 -2 -3 -1  1 -1 -2 -2 -2    1   1   1   1   0   1   1  40   0   1   1  37   0   1   1  12   1   0   0   1  0.40 0.06
  292 H   -1  2  0 -1 -2  0  0 -1  5 -2 -1  1 -1 -1 -1  0  0 -1  0 -1    3  16   2   2   1   2   3   3  27   2   4  13   1   2   2  10   2   1   1   3  0.21 0.03
  293 D    1  1  0  1 -1  0  0 -1 -1 -1  1  0  0  1 -1  0 -1 -1  0 -1   17  13   2  15   1   2   3   3   1   2  18   2   1   9   2   3   2   1   1   3  0.04 0.01
  294 A    1 -1  2 -1 -1 -1 -1  3 -1 -1 -1 -1 -1 -2 -1  0 -1 -2 -2  0   15   1  15   1   1   1   2  35   1   1   3   2   1   1   1   2   2   0   1  15  0.21 0.03
  295 E    0  2  0 -1 -2  2  2 -1 -1 -3 -3  0 -2 -3 -1  3  2 -3 -2 -2    0  13   0   0   0  14  12   0   0   0   0   0   0   0   0  49  11   0   0   0  0.38 0.07
  296 R    0  3 -1 -2 -3  0 -1 -2  4 -2  0  1 -1 -1 -2 -1 -1 -1  3 -2   13  24   0   0   0   0   0   0  22   0  13  14   0   0   0   0   0   0  14   0  0.26 0.06
  297 N    1  1  3 -1 -3 -1 -1  4 -1 -3 -3 -1 -2 -3 -2  0 -1 -3 -3 -3   14  13  26   0   0   0   0  46   0   0   0   0   0   0   0   0   0   0   0   0  0.53 0.07
  298 Y   -2 -3 -3 -3 -2 -2 -3  1 -2  1  1 -3  0  2 -3 -2 -2  7  3  1    0   0   0   0   0   0   0  13   0  11  14   0   0  13   0   0   0  22  12  14  0.46 0.06
  299 D   -1  1  3  2 -2 -1 -1  1 -1 -2 -3  0 -2 -3 -2  0  3 -3 -2 -2    0  13  22  12   0   0   0  14   0   0   0   0   0   0   0   0  38   0   0   0  0.34 0.07
  300 L    0 -3 -3 -3 -2 -2 -3  1 -3  2  3 -3  1  0 -3 -2 -1 -2 -2  1    8   0   0   0   0   0   0  14   0  14  64   0   0   0   0   0   0   0   0   0  0.32 0.07
  301 M   -1 -2 -1 -1 -2 -1  1  1  3 -2 -1 -1  2  3 -2  1 -1 -1  0 -2    0   0   0   0   0   0  14  14  11   0   0   0  12  28   0  21   0   0   0   0  0.19 0.06
  302 Y   -3 -2 -3 -4 -3 -2 -3 -4  1 -2 -2 -3 -2  2 -4 -2 -2  2  8 -2    0   0   0   0   0   0   0   0   0   0   0   0   0   0   0   0   0   0 100   0  1.44 0.18
  303 S    0  2  2 -1 -2  0 -1 -1 -1 -2 -3  0 -2 -3 -2  3  3 -3 -2 -2    0  14  13   0   0   0   0   0   0   0   0   0   0   0   0  45  27   0   0   0  0.40 0.08
  304 V   -1 -2 -2  1 -2 -1 -1 -2 -1  2  0 -2  2  0 -2 -1 -1 -1  2  2    1   1   1  14   0   1   1   1   0  15   1   1  11   1   1   1   1   0  15  34  0.15 0.04
  305 P   -2 -3 -2  2 -4 -2 -1 -3 -3 -4 -4 -2 -3 -4  8 -1 -2 -4 -4 -3    0   0   0  13   0   0   0   0   0   0   0   0   0   0  87   0   0   0   0   0  1.92 0.15
  306 L   -2 -3 -4 -4 -2 -3 -3 -4 -2  0  2 -3  0  4 -4 -3 -2  7  3 -1    0   0   0   0   0   0   0   0   0   0  37   0   0  27   0   0   0  22  14   0  0.72 0.09
  307 G   -1 -2 -2 -2 -3  1 -2  4 -1 -3 -3 -2 -2 -1 -3 -1 -2  8  3 -3    0   0   0   0   0  13   0  45   0   0   0   0   0   0   0   0   0  27  14   0  0.85 0.10
  308 R    0  1  3  2 -2 -1 -1 -2  0 -2  0 -1 -1  0 -2 -1 -1 -1  3 -2   13  12  25  14   0   0   0   0   0   0  13   0   0   0   0   0   0   0  22   0  0.20 0.06
  309 T   -2 -1 -1  3 -3 -1 -1 -2 -2 -2  0  1 -1 -1 -3 -1  1  8  0 -2    0   0   0  27   0   0   0   0   0   0  14  14   0   0   0   0  12  33   0   0  0.67 0.09
  310 R   -1  1  0  3 -2  0  0 -2  3 -2  0  0 -1 -2 -2  1  2 -3 -1 -2    0  12   0  27   0   0   0   0  14   0  11   0   0   0   0  13  22   0   0   0  0.24 0.06
  311 L    2 -2 -2 -2 -2  1 -1  2 -2  2  1 -1  0 -2 -2 -1 -1 -3 -2  0   28   0   0   0   0  14   0  21   0  25  12   0   0   0   0   0   0   0   0   0  0.16 0.05
  312 D    1 -1  0  3 -2  0  1 -2 -2 -1 -2 -1 -1 -3 -2  1  2 -3 -2  0   11   0   0  26   0   0  13   0   0   0   0   0   0   0   0  14  22   0   0  14  0.26 0.05
  313 L   -1 -2 -2 -3 -2 -2 -2 -3 -3  1  4 -2  1  0 -3  0  1 -2 -2  0    0   0   0   0   0   0   0   0   0   0  75   0   0   0   0  14  11   0   0   0  0.38 0.08
  314 Q    0 -1 -1 -2 -2  1 -1 -2  3 -1  0 -1 -1  3 -2  3  0 -2  0 -2    0   0   0   0   0  12   0   0  11   0  14   0   0  21   0  42   0   0   0   0  0.21 0.07
  315 T    1 -2 -1  1 -2 -1 -1  3 -2 -2  0 -1 -1 -2 -2  1  1 -3 -2 -1   14   0   0  13   0   0   0  35   0   0  14   0   0   0   0  11  12   0   0   0  0.27 0.04
  316 G   -1 -2  0 -2 -3 -2 -2  3  0 -1 -2 -2 -2  1 -3 -1 -2  0  5  0    0   0   8   0   0   0   0  37   0   0   0   0   0   0   0   0   0   0  42  13  0.49 0.09
  317 Y   -1 -1 -1 -2 -2 -1 -1 -3  0 -2 -2  1 -1  0 -2  0  4  0  5 -1    0   0   0   0   0   0   0   0   0   0   0  14   0   0   0   0  49   0  37   0  0.47 0.11
  318 S    1 -1  4  0 -2 -1 -1 -1 -1 -1 -2 -1 -2 -3 -2  3  0 -4 -2  0   13   0  39   0   0   0   0   0   0   0   0   0   0   0   0  34   0   0   0  14  0.35 0.08
  319 T   -1 -1 -1 -2 -2  2 -1 -2 -1 -1 -1  1  2  2 -2  0  3 -1  2 -1    0   0   0   0   0  13   0   0   0   0   0  13  14  14   0   0  34   0  11   0  0.22 0.07
  320 Y   -1 -2 -1 -2 -2 -1 -1 -2  3 -2 -2 -1 -2  1 -2  3  0  0  6 -2    0   0   0   0   0   0   0   0  11   0   0   0   0   0   0  41   0   0  48   0  0.58 0.11
  321 R   -1  1  2 -1 -2  1 -1 -2  0 -2 -1  0 -1  2 -2  0  1  0  4 -1    1  13  14   1   0  12   1   1   0   1   1   1   0   8   1   1  14   0  29   1  0.24 0.05
  322 N    1  0  2 -1 -2  4  0 -1  0 -2 -2  0 -1 -3  3  1  0 -2 -2 -2   15   1  13   1   0  36   1   1   0   1   1   1   0   1  14  12   1   0   0   1  0.35 0.06
  323 L   -1  1 -1  2 -2  2  0 -2 -1 -1  0  0  0  2  1 -1 -1 -1  0 -1    2  15   1  15   0  15   2   2   1   1  15   1   1  15   9   2   1   0   1   2  0.12 0.02
  324 L   -1 -2 -2 -1 -1 -1  1 -2 -2  2  2 -1  1 -1 -2  0 -1 -2 -1  1    1   1   1   1   0   1  15   1   0  26  35   1   0   1   1  15   1   0   0   1  0.13 0.04
  325 K    3 -1  2 -1 -1  0 -1  0 -1 -2 -2  1 -1 -2 -1  1  0 -3 -2 -1   61   1  15   1   0   1   1   1   0   1   1  13   0   1   1   1   1   0   0   1  0.29 0.06
  326 T    1 -1  0  3 -2 -1  0  2 -1 -2 -2 -1 -2 -3 -1  1  1 -3 -2 -2   16   1   1  28   0   1   1  19   0   1   1   1   0   1   1  15  13   0   0   1  0.28 0.04
  327 R    0  1 -1 -1 -1  0  1 -2 -1  1  0  0  0 -2 -1  1  1 -2 -1  2    1  13   1   1   0   1  15   1   0  15   1   1   0   1   1  12  14   0   0  23  0.10 0.03
  328 Y    0 -1  3  2 -3  1 -1 -2  0 -3 -2 -1 -2  0 -2 -1 -1  0  5 -2   14   0  26  13   0  10   0   0   0   0   0   0   0   0   0   0   0   0  37   0  0.41 0.10
  329 G   -1 -1 -1 -1 -3  4 -1  5 -1 -4 -4 -1 -2 -4 -2 -1 -2 -3 -3 -3    0   0   0   0   0  36   0  64   0   0   0   0   0   0   0   0   0   0   0   0  0.84 0.13
  330 Q   -1  2 -1 -2 -2  3  0 -2 -1  1 -1  0 -1 -3 -2  0  4 -3 -2  0    0  13   0   0   0  23   0   0   0  14   0   0   0   0   0   0  50   0   0   0  0.36 0.11
  331 Y   -1 -1 -1  1 -2 -1 -1 -2 -1  0 -1  1 -1  4 -2 -1 -1  0  4  0    1   1   1  15   0   1   1   1   0   1   1  14   0  26   1   1   1   0  21  15  0.23 0.06
  332 Q   -1 -2 -1  1 -2  1 -1 -2 -2  2  1 -1  0 -1 -2 -1 -1 -2 -1  2    1   1   1  14   0  11   1   1   0  17  14   1   0   0   1   1   1   0   0  35  0.15 0.05
  333 S    2 -1 -1 -1 -1 -1 -1 -1  0 -2 -2 -1 -1  0 -1  2  2 -1  4 -1   20   1   1   1   0   1   1   1   0   1   1   1   0   0   1  31  15   0  24   1  0.27 0.07
  334 A    1 -1 -1 -1 -1 -1 -1 -1 -2 -1  0  1 -1 -2 -1  3  3 -3 -2 -1   11   0   0   0   0   0   0   0   0   0  14  13   0   0   0  36  26   0   0   0  0.25 0.07
  335 G   -1 -3  2 -1 -3 -2 -2  6 -2 -4 -4 -2 -3 -4 -3 -1 -2 -3 -4 -4    0   0  14   0   0   0   0  86   0   0   0   0   0   0   0   0   0   0   0   0  1.13 0.14
  336 N   -1 -1  4  0 -3  2  2 -2 -1  1 -2  0 -1 -3 -2 -1 -1 -3 -2  1    0   0  36   0   0  13  24   0   0  14   0   0   0   0   0   0   0   0   0  12  0.31 0.08
  337 S    0 -1  2 -1 -2 -1 -1 -1 -1 -3 -3 -1  1 -3 -2  5  1 -3 -2 -2    0   0  14   0   0   0   0   0   0   0   0   0   7   0   0  79   0   0   0   0  0.57 0.14
  338 R    0  2 -1 -1 -3  1  1 -2  3  0 -2  2 -1 -1 -2 -1 -1 -2  2 -1   12  11   0   0   0   7  14   0  10  13   0  19   0   0   0   0   0   0  14   0  0.18 0.05
  339 S    0 -1  1 -1 -2  1 -1  1 -1 -1 -2 -1 -1 -1 -2  2  2 -2  2 -1    0   0  10   0   0  12   0  14   0   7   0   0   0   0   0  23  19   0  14   0  0.20 0.06
  340 F    1 -2  1 -1 -1 -1 -2 -2 -2  0  0 -1  0  1 -2  1  1 -2 -1  1   20   0  14   0   0   0   0   0   0   0  12   0   0  11   0  10  14   0   0  19  0.11 0.04
  341 G    0 -1  2  3 -2  0  1  2 -1 -3 -3 -1 -2 -3 -2  3  0 -4 -3 -3    0   0  13  19   0   0  10  17   0   0   0   0   0   0   0  41   0   0   0   0  0.41 0.08
  342 L   -2 -3 -4 -4 -2 -3 -4 -4 -3  1  4 -3  1  2 -4 -3 -2 -2 -1  0    0   0   0   0   0   0   0   0   0   0  87   0   0  13   0   0   0   0   0   0  0.64 0.12
  343 K   -1  4 -1 -2 -3  1  0 -2 -1 -3 -3  4 -2 -3 -2 -1  1 -3 -2 -2    0  34   0   0   0   0   0   0   0   0   0  53   0   0   0   0  14   0   0   0  0.60 0.11
  344 A    1 -3 -3 -4 -2 -2 -3 -2 -2 -1  2 -2  0  0 -3 -2 -2  7  3 -1   25   0   0   0   0   0   0   0   0   0  36   0   0   0   0   0   0  27  12   0  0.61 0.10
  345 T    0 -1  2  2 -2  1  0  3 -1 -3 -3 -1 -2 -3 -2  2  1 -3 -3 -2    6   0  13  12   0   7   0  28   0   0   0   0   0   0   0  23  11   0   0   0  0.35 0.06
  346 R   -2  4 -1 -2 -2  0 -1 -3 -1 -1  1  0  0  0 -2 -1 -1 -1  2 -1    1  47   1   1   0   1   1   1   0   1  28   1   0   1   1   1   1   0  13   1  0.32 0.07
  347 L   -1  2 -1 -2 -2 -1 -1  1 -1  0  0  0  0  0 -2 -1 -1 -1  2  1    1  23   1   1   0   1   1  15   0   1  12   1   0   1   1   1   1   0  13  27  0.11 0.05
  348 L   -2 -3 -4 -4 -2 -3 -3 -4 -2  1  4 -3  1  3 -4 -3 -2 -1  3  0    0   0   0   0   0   0   0   0   0   0  72   0   0  14   0   0   0   0  14   0  0.53 0.10
  349 Y    0  0 -2 -2 -2 -1 -2 -2 -2  1 -1 -1 -1 -1  5  0  0 -2  2  1    6   7   0   0   0   0   0   0   0  10   0   0   0   0  39   6   7   0  11  14  0.55 0.07
  350 R   -2  4 -1 -2 -3  0 -1 -3  3 -2 -2  0 -1  2 -2 -1  2 -2  0 -2    0  47   0   0   0   0   0   0  14   0   0   0   0  14   0   0  25   0   0   0  0.44 0.11
  351 D   -1 -2  2  3 -2 -1  0 -2 -1  0 -2 -1 -1  1 -2  2  1 -3 -1 -1    0   0  14  24   0   0   0   0   0  12   0   0   0  13   0  26  10   0   0   0  0.23 0.07
  352 T    1  1  2  0 -2  2  2 -1 -1 -2 -2  0 -1 -3 -2  1  2 -3 -2 -2   10   7  13   0   0  19  14   0   0   0   0   0   0   0   0  14  23   0   0   0  0.30 0.06
  353 R   -1  1  2  2 -3  0  1 -2 -1 -1  1  0 -1 -2 -2  0 -1 -3 -2 -1    0  11  19  19   0   0  13   0   0   0  28   0   0   0   0  10   0   0   0   0  0.20 0.06
  354 S   -1 -1  2  4 -2 -1  0 -1 -1 -3 -3 -1 -2 -3 -2  3  1 -4 -3 -2    0   0  14  38   0   0   0   0   0   0   0   0   0   0   0  35  12   0   0   0  0.52 0.10
  355 Q   -1  2  2 -1 -2  3  0 -2 -1  0 -1  1 -1 -3 -2  0  1 -3 -2  1    0  14  14   0   0  23   0   0   0   0   0  10   0   0   0   0  12   0   0  26  0.22 0.07
  356 F   -2 -2 -2 -3 -2  1 -2 -3 -2  0  1 -2  3  5 -3  0 -1 -1  1 -1    0   0   0   0   0  12   0   0   0   0  13   0  14  50   0  10   0   0   0   0  0.41 0.10
  357 S   -1 -1 -1 -1 -3  2  1  3 -1 -2 -1  1 -1 -3 -2  1 -1 -3 -2 -2    0   0   0   0   0  14  14  36   0   0  12  13   0   0   0  11   0   0   0   0  0.30 0.06
  358 V    0 -3 -3 -3 -2 -3 -3 -1 -3  3  0 -2  0  3  2 -2 -1 -2  0  1   13   0   0   0   0   0   0   6   0  36   0   0   0  21  14   0   0   0   0  11  0.25 0.07
  359 Y   -1 -1  2 -1 -3  4  1  1  0 -3 -3  0 -2  0 -2 -1 -1 -1  4 -3    0   0  13   0   0  40   7  14   0   0   0   0   0   0   0   0   0   0  27   0  0.43 0.11
  360 G    0 -3 -3 -3 -2 -3 -3  0 -3  2  2 -3  0  3 -3 -2 -1 -1  0  2    7   0   0   0   0   0   0  11   0  14  23   0   0  25   0   0   0   0   0  21  0.22 0.05
  361 G    1  3 -1 -2 -3  1 -1  4 -2 -3 -3  0 -2 -3 -2 -1 -2 -3 -3 -3   14  29   0   0   0   7   0  50   0   0   0   0   0   0   0   0   0   0   0   0  0.57 0.09
  362 L   -2 -2 -3 -4 -2 -2 -3  0  0  0  2 -2  3  1 -3 -2 -2  0  5 -1    0   0   0   0   0   0   0  10   0   0  36   0  14   0   0   0   0   0  39   0  0.43 0.10
  363 K   -1 -1  2  2 -2 -1 -1 -2 -2 -3 -3  1 -2 -2 -2  1  2  7 -1 -2    0   0  13  12   0   0   0   0   0   0   0  11   0   0   0  12  27  25   0   0  0.55 0.09
  364 L   -1  3 -1 -2 -2  0 -1 -2 -1 -1  0  1 -1  2 -2 -1  1 -1  2 -1    1  34   1   1   0   1   1   1   0   1  12   8   0  13   1   1  11   0  13   1  0.21 0.05
  365 R   -2  5 -1 -2 -3  0 -1 -2  0 -3 -2  2 -2 -1 -2 -1 -1 -1  3 -2    1  60   1   1   0   1   1   1   0   1   1  13   0   1   1   1   1   0  15   1  0.56 0.09
  366 Q   -2  1 -1  1 -2  1  0 -2  3 -1  0 -1  0  3 -2 -1 -1  4  1 -1    1  13   1  11   0  11   1   1  13   1  16   1   0  19   1   1   1   7   0   1  0.17 0.04
  367 N    0 -1  2 -1 -1 -1 -1  3 -1  0 -1 -1 -1 -2 -1  2  0 -2 -2 -1    2   1  12   2   1   1   2  28   1  14   3   2   1   1   1  25   2   0   1   2  0.18 0.03
  368 K    0  0  3  1 -2  1  1 -1  3 -3 -2  2 -2 -2 -1  0 -1 -3 -1 -2    8   1  26   8   0   7   7   1  14   1   1  22   0   1   1   1   1   0   0   1  0.29 0.05
  369 N   -1 -1  5  0 -2  2  0 -1  0 -3 -3  0 -2 -3 -1  2  0 -3 -2 -2    1   1  48   1   0  13   1   1   0   1   1   1   0   1   1  27   1   0   0   1  0.46 0.08
  370 Y   -2 -1 -1  1 -3 -1 -1 -3  0 -2 -1  1 -1  4 -3 -1  1  0  5 -2    0   0   0  12   0   0   0   0   0   0   0  14   0  29   0   0  13   0  32   0  0.41 0.09
  371 L   -1 -3 -2 -3 -2 -2 -2 -3 -3  4  2 -2  1 -1 -3  2  0 -3 -2  1    0   0   0   0   0   0   0   0   0  50  23   0   0   0   0  27   0   0   0   0  0.29 0.09
  372 A    0 -1 -1  2 -3  0  4  1 -1 -2 -2  0  2 -3 -2 -1 -1 -3 -3 -2   11   0   0  10   0   0  51  14   0   0   0   0  14   0   0   0   0   0   0   0  0.40 0.09
  373 G   -1 -2  2  3 -3 -1 -1  4 -2 -3 -1 -2 -2 -3 -2 -1 -2 -3 -3 -3    0   0  14  29   0   0   0  44   0   0  13   0   0   0   0   0   0   0   0   0  0.50 0.08
  374 T   -1 -2  2 -1 -2 -1  1 -2 -1 -1  0 -1 -1  2 -2  0  4 -2 -1 -1    0   0  13   0   0   0  14   0   0   0  14   0   0  12   0   0  47   0   0   0  0.25 0.09
  375 R    0  1  0 -1 -2  2  2 -2  3 -2 -2  0 -1 -3 -2  0  3 -3 -1 -2    6  11   0   0   0  12  23   0  14   0   0   0   0   0   0   0  33   0   0   0  0.35 0.08
  376 L   -1 -3 -3 -3 -2 -2 -3 -4 -3  3  2 -2  0 -1  4 -2 -1 -3 -2  2    0   0   0   0   0   0   0   0   0  26  23   0   0   0  28   0   0   0   0  23  0.51 0.08
  377 D   -1 -2 -1  1 -2 -1 -1  1 -1 -2  0 -2 -1  2  3  1 -1 -1  2 -2    0   0   0  11   0   0   0  13   0   0  10   0   0  12  20  20   0   0  14   0  0.27 0.06
  378 V    1 -1  1 -1 -2  2 -1 -2 -1  0  0 -1  0 -2 -2  0  1 -3 -2  1   13   0  12   0   0  19   0   0   0   0  14   0   0   0   0   7  14   0   0  21  0.13 0.05
  379 S    0  0  0 -1 -2  4  0 -2 -1 -3 -3  0 -1 -3 -2  3  2 -3 -2 -2    0   0   0   0   0  43   0   0   0   0   0   0   0   0   0  44  13   0   0   0  0.53 0.13
  380 S   -1  2  2  2 -3  0  0 -2  3 -2 -2  1 -2 -3  1  1 -1 -3 -1  0    0  16  12  14   0   0   0   0  14   0   0  13   0   0   6  11   0   0   0  14  0.21 0.05
  381 K   -1  4 -1 -1 -3  3  2 -2 -1 -3 -3  3 -2 -3 -2  0  1 -3 -2 -2    0  29   0   0   0  21  14   0   0   0   0  23   0   0   0   0  12   0   0   0  0.48 0.08
  382 H   -2  1  4  3 -4  0  0 -2  5 -4 -4  1 -2 -3 -2  0 -1 -4 -1 -3    0  10  33  21   0   0   0   0  23   0   0  13   0   0   0   0   0   0   0   0  0.53 0.09
  383 Y   -1 -2  3 -1 -2 -1 -2 -2 -1 -1  1 -2  2  4 -3 -1 -1 -1  2 -1    7   0  33   0   0   0   0   0   0   0  12   0  10  27   0   0   0   0  11   0  0.29 0.08
  384 S    1 -1  0 -1 -1 -1 -1 -1  3 -1  0 -1 -1 -2 -2  3  3 -3 -1 -1   10   0   0   0   0   0   0   0  12   0  14   0   0   0   0  38  26   0   0   0  0.27 0.08
  385 D    1 -2 -1  1 -2  1 -1  2 -2 -1 -1 -2 -1  4 -3 -1 -2 -1  0 -1   14   0   0  11   0  12   0  23   0   6   0   0   0  34   0   0   0   0   0   0  0.23 0.07
  386 V    1 -1 -3 -3 -2 -2 -2 -3 -2  2  0  1  0  2 -2 -1 -1  5  0  2   14   0   0   0   0   0   0   0   0  13   7  14   0  12   0   0   0  10   0  29  0.20 0.06
  387 T   -1 -1 -1  0 -2  2  3 -2 -1 -2  0  0 -1 -3 -2  1  2 -3 -2 -1    0   0   0   0   0  14  36   0   0   0  12   0   0   0   0  13  25   0   0   0  0.32 0.08
  388 V    2 -2 -2  1 -2 -2 -1 -2 -2  0  1 -2  2  2 -2 -1 -1 -2 -1  1   33   0   0  14   0   0   0   0   0   0  19   0  10  13   0   0   0   0   0  11  0.14 0.06
  389 G    0 -2  0  2 -3 -2 -1  5 -2 -3 -4 -2 -3 -3 -2  1  1 -3 -3 -3    0   0   0  14   0   0   0  59   0   0   0   0   0   0   0  14  12   0   0   0  0.66 0.09
  390 M   -2 -2  1 -2 -2 -2 -3 -3 -1  1  2 -2  2  3 -3 -2 -1 -1  2  0    0   0  14   0   0   0   0   0   0  13  36   0  11  14   0   0   0   0  12   0  0.26 0.06
  391 Q   -1 -1  1  3 -2  1  0 -2 -2  1 -2 -1 -1 -3 -2  0  3 -3 -2 -1    0   0   7  25   0  11   0   0   0  14   0   0   0   0   0   0  44   0   0   0  0.33 0.09
  392 Y   -2 -2 -1  4 -3 -2 -1  1 -1  0 -2 -2 -2  2 -3 -1 -2 -1  3 -1    0   0   0  39   0   0   0  13   0  12   0   0   0  14   0   0   0   0  21   0  0.36 0.09
  393 S   -1  4  2 -1 -3  0 -1 -2  3 -3 -3  0 -2 -3 -2  3  0 -3 -1 -3    0  36  14   0   0   0   0   0  13   0   0   0   0   0   0  37   0   0   0   0  0.45 0.10
  394 T   -1  1 -1 -2 -3 -1 -1  1  5  0 -2  1 -1 -1 -2 -1  0 -2  3 -1    0  10   0   0   0   0   0  14  26  13   0  12   0   0   0   0  11   0  14   0  0.23 0.07
  395 Q   -1 -1  2 -1 -3  3 -1  1  0 -3 -3 -1 -2  0  2 -1 -2  0  5 -3    0   0  14   0   0  23   0  14   0   0   0   0   0   0  12   0   0   0  36   0  0.43 0.10
  396 R    0  1 -3 -4 -2 -2 -3 -3 -2  1  1 -2  0  4 -3 -2 -2  6  1 -1   12  11   0   0   0   0   0   0   0  10  14   0   0  38   0   0   0  14   0   0  0.42 0.08
  397 G   -1 -2  2  2 -2 -1 -1  3 -2 -2  0 -1 -1 -2 -2  0  2 -3 -3 -2    0   0  10  19   0   0   0  30   0   0  14   0   0   0   0   0  27   0   0   0  0.30 0.07
  398 A    2 -2  0 -2 -2 -1 -1  0 -1 -2 -2 -1 -2 -1  2  1  2 -2  2 -1   30   0   6   0   0   0   0   6   0   0   0   0   0   0  13   7  24   0  14   0  0.28 0.07
  399 N    2 -1  3  2 -2  0  0  1 -1 -3 -3  1 -2 -3 -2  1 -1 -3 -3 -2   29   0  25  14   0   0   0  12   0   0   0  13   0   0   0   7   0   0   0   0  0.31 0.06
  400 A    0  0  0  2 -2  3  0 -2 -1 -1 -2  1 -1 -3 -2  0  2 -3 -2  0   11   0   0  14   0  26   0   0   0   0   0  14   0   0   0   0  23   0   0  12  0.23 0.07
  401 Y    0 -3 -3 -4 -2 -3 -3 -3 -2  0  2 -3  0  5 -3 -2 -2  0  3 -1   12   0   0   0   0   0   0   0   0   0  25   0   0  52   0   0   0   0  11   0  0.54 0.10
  402 F   -2 -2  2  5 -4 -1  0 -2  3 -3 -3 -1 -3  1 -2 -1 -2 -3 -1 -3    0   0  13  64   0   0   0   0  12   0   0   0   0  11   0   0   0   0   0   0  0.74 0.12
  403 G    1 -2 -1 -2 -2 -2 -2  3 -2  2 -1 -2 -1 -2 -2  0  1 -2 -2  0   14   1   1   1   0   1   1  37   0  27   1   1   0   1   1   1  11   0   0   1  0.24 0.05
  404 D    0 -1  2  3 -2  0  0 -1 -1 -2 -2 -1 -2 -2 -1  2  2 -3 -2 -2    1   1  14  24   0   1   1   1   0   1   1   1   0   1   1  26  24   0   0   1  0.33 0.06
  405 L    0 -2 -3 -3 -1 -2 -2 -2 -2  1  4 -2  1  1 -2 -2 -1 -2 -1  0   14   1   1   1   0   1   1   1   0   1  69   1   0   6   1   1   1   0   0   1  0.31 0.07
  406 S    2 -1  0 -1 -1 -1 -1  1 -1 -2 -2 -1 -1 -2 -1  2  2 -2 -2 -1   27   1   1   1   0   1   1  11   0   1   1   1   0   1   1  25  26   0   0   1  0.27 0.05
  407 F   -2 -2 -2 -3 -2 -2 -2 -3  3 -1  1 -2  0  4 -3 -2 -2  6  4 -1    1   1   1   1   0   1   1   1  13   1  14   1   0  21   1   1   1  14  26   1  0.51 0.07
  408 T   -1  5 -1 -2 -3  0 -1 -3  3 -1 -2  1 -1 -3 -2 -1  2 -3 -1  0    0  50   0   0   0   0   0   0  13   0   0   0   0   0   0   0  24   0   0  12  0.44 0.11
  409 R    0  4 -1 -2 -3  3  0  1  0 -3 -3  1 -2 -2 -2 -1 -1 -2  2 -2   12  35   0   0   0  26   0  14   0   0   0   0   0   0   0   0   0   0  13   0  0.37 0.09
  410 G   -1 -2  2 -1 -3 -2 -2  4  0 -3 -3 -2 -2  0 -3  1 -1 -1  4 -3    0   0  14   0   0   0   0  47   0   0   0   0   0   0   0  12   0   0  27   0  0.55 0.10
  411 V    1 -2 -2 -3 -2 -2 -2 -2 -3  1  0 -2  0  2  4 -1  1 -2 -1  1   13   0   0   0   0   0   0   0   0  13   7   0   0  14  26   0  10   0   0  17  0.35 0.06
  412 G    0 -2 -1 -2 -2 -2 -2  5 -2 -3 -3 -2 -3 -3  3  1  1 -3 -3 -3    0   0   0   0   0   0   0  59   0   0   0   0   0   0  14  13  14   0   0   0  0.71 0.10
  413 V    2 -1 -1 -2 -1 -1 -1  1 -2 -1 -2  1 -1 -2 -2  0  1  5 -1  0   30   0   0   0   0   0   0  13   0   0   1  13   0   0   0   0  15  14   0  11  0.26 0.06
  414 N   -1 -2  1  2 -2 -1 -1  1 -1  0  2 -1  0  1 -2 -1 -1 -2 -1 -1    1   1  11  15   0   1   1  15   0   1  40   1   0   7   1   1   1   0   1   1  0.12 0.04
  415 N   -1 -2  3  2 -3 -1 -1  3 -1 -3 -3 -1 -2  1  2 -1 -1 -2 -1 -3    0   0  25  13   0   0   0  34   0   0   1   0   0  11  13   0   0   0   0   0  0.42 0.07
  416 G    1 -2 -1 -2 -2 -1 -2  4  3 -3 -3 -1 -2 -3 -2  2 -1 -3 -2 -3   13   0   0   0   0   0   0  52  14   0   0   0   0   0   0  21   0   0   0   0  0.59 0.09
  417 K    0  3 -1 -1 -2  3  0 -2 -1 -2 -2  2 -1  0 -2  1  0 -2 -1 -2   11  27   0   0   0  20   0   1   0   0   1  11   0   6   0  13   7   0   0   0  0.27 0.05
  418 Y   -1  1 -1  3 -2 -1 -1  0 -1  0  0 -1 -1  2 -2 -1 -1 -1  2  0    1  14   0  26   0   0   0   7   0   0  11   0   0  13   0   0   0   0  11  15  0.12 0.05
  419 A    3 -2  2  0 -2 -1 -1  2 -1 -2 -2 -1 -2 -3  2  1  0 -3 -2 -1   44   0  15   6   0   0   0  13   0   0   1   0   0   0  11   7   0   0   0   0  0.31 0.06
  420 A    2 -2  0 -2 -1  0 -1 -1 -2  0  1 -1  3  2 -2  0 -1 -2  0  0   34   0   6   0   0   6   0   1   0   0  15   0  20  14   0   0   0   0   0   0  0.14 0.06
  421 Y   -1 -2 -1  0 -2 -1  1 -3  0 -1  0 -1 -1  3  2 -1  1  0  4 -1    1   0   0   6   0   0  13   1   0   0   7   0   0  20  11   0  15   0  25   0  0.27 0.06
  422 D    0  2  2  2 -3  0  1  1 -1 -3 -2  1  0 -3 -2  0 -1 -3 -2 -2   13  13  12  17   0   0  10  14   0   0   0  14   7   0   0   0   0   0   0   0  0.23 0.04
  423 E    2 -1 -1 -1 -2  0  2 -2 -2  1 -1  1  2 -2  1  0  0 -3 -2  0   25   0   0   0   0   0  21   0   0  13   0  14  14   0   7   0   6   0   0   0  0.16 0.06
  424 R   -1  1 -1  1 -2 -1  0  1 -2  0  0 -1 -1 -2 -2  1  1 -3 -2  0    0  11   0  13   0   0   7  13   0   0  16   0   0   0   0  12  14   0   0  14  0.08 0.03
  425 G   -1  1 -1 -1 -2 -1  1  2 -2 -1 -2 -1 -1  1 -2  0  2 -2 -1  0    0  12   0   0   0   0  13  23   0   0   0   0   0  10   0   0  27   0   0  14  0.16 0.06
  426 P    0 -1 -1  1 -2  1  0 -2 -2  1 -1 -1 -1 -2  4  0  2 -3 -2  0    7   1   1  11   0  13   1   1   0  15   1   1   0   0  25   1  20   0   0   1  0.33 0.05
  427 Q   -1  1  1 -1 -2  1  1  1 -1 -2 -2  0 -1  1  3  0 -1 -2 -1 -2    1  13   7   1   0  11  11  15   0   1   1   1   0  13  15   7   1   0   0   1  0.22 0.04
  428 G    1 -2  2 -1 -2 -2 -2  5 -2 -4 -4 -1 -3 -3 -2  1 -1 -3 -3 -3   12   0  13   0   0   0   0  61   0   0   0   0   0   0   0  14   0   0   0   0  0.70 0.09
  429 N   -1  1  2  2 -2  1  0 -1 -1 -2 -2  0 -2 -3  2  2  1 -3 -2 -2    1  13  11  14   0   7   1   1   0   1   1   1   0   0  13  21  13   0   0   1  0.30 0.04
  430 V    2 -2 -1  2 -1 -1 -1 -1 -2 -1 -2 -1 -1 -3 -1  2  3 -3 -2  0   26   0   0  14   0   0   0   0   0   0   0   0   0   0   0  13  36   0   0  11  0.28 0.07
  431 S   -1  1  2 -1 -3  2 -1 -2  0 -3 -2  0 -2  0 -2  1 -1  0  5 -2    0  12  14   0   0  14   0   0   0   0   0   0   0   0   0  21   0   0  38   0  0.40 0.10
  432 R   -2  4 -1 -2 -4  0  1 -3  4 -3 -3  1 -2  0 -3 -1 -2 -1  4 -3    0  47   0   0   0   0  14   0  13   0   0   0   0   0   0   0   0   0  26   0  0.57 0.11
  433 F   -2 -3 -3 -4 -3 -3 -3 -4 -1  1  1 -3  0  5  2 -3 -2  0  4  0    0   0   0   0   0   0   0   0   0  13  12   0   0  44  10   0   0   0  20   0  0.54 0.09
  434 N   -1  0  1 -1 -3  0  0 -2  2 -3 -3  3 -2  0 -2  1 -1 -1  4 -2    0   0  11   0   0   0   0   0   7   0   0  43   0   0   0  13   0   0  27   0  0.38 0.10
  435 G   -1 -1 -2 -3 -2 -1 -2  0 -2  1  1  1  5 -1 -3 -1  1 -2 -2  0    0   0   0   0   0   0   0  11   0  10  14  14  38   0   0   0  13   0   0   0  0.21 0.09
  436 S    2 -1 -1 -2 -2  3  0 -1 -1 -1 -1 -1 -1 -1 -2  1  0 -2  2  1   32   0   0   0   0  26   0   0   0   0   0   0   0   0   0  11   0   0  10  21  0.21 0.08
  437 L   -1 -2 -3 -3 -2 -2 -3 -3 -2  1  2 -2  1  2 -3 -2  1 -1  3  2    0   0   0   0   0   0   0   0   0   0  36   0   0  10   0   0  14   0  14  26  0.27 0.07
  438 A    2 -2 -2  1 -2 -2 -1  1 -2  0  2 -2  0 -1 -2 -1 -1 -3 -2 -1   33   0   0  14   0   0   0  13   0   0  40   0   0   0   0   0   0   0   0   0  0.19 0.07
  439 W    0 -2 -2  3 -2 -2 -1 -2 -3  0  2 -2  0 -1 -3 -1 -1  5 -1  1   12   0   0  25   0   0   0   0   0   0  38   0   0   0   0   0   0  11   0  14  0.26 0.07
  440 T    1  2  0 -1 -2 -1 -1 -1 -1 -2 -2  0 -2 -3 -1  4  3 -3 -2 -2   10  14   0   0   0   0   0   0   0   0   0   0   0   0   0  51  25   0   0   0  0.41 0.10
  441 R    1  3 -1 -2 -2  4  0 -2 -1 -1 -2  0 -1 -3 -2  0  0 -3 -2  1   14  23   0   0   0  37   0   0   0   0   0   0   0   0   0   0   7   0   0  19  0.31 0.09
  442 Y    1 -2 -2 -2 -3 -1  1 -2 -1 -2 -2 -1 -2 -1  5 -1  1 -1  4 -2   12   0   0   0   0   0  13   0   0   0   0   0   0   0  36   0  14   0  24   0  0.63 0.09
  443 M   -3 -3 -3 -4 -3 -3 -4 -4 -1 -1  0 -3  2  7 -4 -3 -3  0  4 -1    0   0   0   0   0   0   0   0   0   0   0   0  11  75   0   0   0   0  14   0  0.96 0.15
  444 A    2 -2 -1 -2 -1  1 -1 -1 -2 -1 -1 -1 -1 -3  3  2  0 -3 -2  1   36   0   0   0   0  10   0   0   0   0   0   0   0   0  14  19   0   0   0  21  0.29 0.07
  445 L   -1 -2 -3 -3 -2 -2 -2 -3 -3  2  3 -2  1  0  3 -2 -1 -2 -1  1    1   1   1   1   0   1   1   1   0  19  48   1   0   0  15   1   1   0   0   8  0.32 0.05
  446 A    2 -2 -1 -2 -1 -1 -2  3 -2  1 -1 -1 -1 -2 -2  0  1 -2 -2  0   24   1   1   1   0   1   1  37   0  15   1   1   0   0   1   1  15   0   0   1  0.28 0.05
  447 G   -1  0  0  2 -2  1  1  1  2 -2 -2  1 -1 -2 -1  1  0 -2 -1 -2    2   1   1  16   0   7   8  12  11   1   2  15   1   1   1   9   8   0   1   2  0.17 0.02
  448 Q   -1  0  0  2 -3  5  1 -2 -1 -3 -3  2 -1 -4 -2  1 -1 -3 -2 -3    0   0   0  14   0  59   0   0   0   0   0  14   0   0   0  12   0   0   0   0  0.62 0.13
  449 P    0 -2 -1  2 -3 -1 -1  4 -2 -4 -4 -1 -3 -4  4  1 -1 -4 -3 -3    0   0   0  14   0   0   0  39   0   0   0   0   0   0  29  17   0   0   0   0  0.72 0.09
  450 I   -2  1 -2 -3 -3 -2 -2 -3  3  1  1 -2  0  3 -3 -2 -2  5  1 -1    0  14   0   0   0   0   0   0  14  11  23   0   0  25   0   0   0  13   0   0  0.37 0.08
  451 Q   -1  3 -1 -2 -3  2  0 -2  3 -2  0  2 -1 -2 -2 -1  1 -3 -1 -2    0  29   0   0   0  11   0   0  13   0  14  21   0   0   0   0  12   0   0   0  0.31 0.07
  452 W    0 -3 -3 -3 -3 -2 -3  1 -1 -2 -2 -3 -2  3 -3 -2 -2  7  5 -2   12   0   0   0   0   0   0  14   0   0   0   0   0  13   0   0   0  25  36   0  0.81 0.12
  453 A    2 -2 -2 -2 -1 -2 -2 -2 -2  1 -1 -2 -1 -1 -2  1  1 -2  2  3   23   0   0   0   0   0   0   0   0   0   0   0   0   0   0  13  10   0  14  40  0.21 0.07
  454 S    1 -2 -1 -2 -2 -1 -1  3 -2 -1 -2 -1 -1 -3 -2  2  2 -3 -2  0   12   0   0   0   0   0   0  30   0   0   0   0   0   0   0  23  20   0   0  14  0.31 0.06
  455 Q   -1 -1  3 -1 -2  3  0 -2 -1 -2  0  0 -1 -2 -2  1  2 -3 -2 -1    0   0  26   0   0  23   0   0   0   0  14   0   0   0   0  10  26   0   0   0  0.29 0.08
  456 L   -1 -3 -2 -3 -3 -3 -3  4 -2 -1  1 -3 -1  3 -3 -2 -2  5  0 -2    0   0   0   0   0   0   0  41   0   0  23   0   0  26   0   0   0  10   0   0  0.48 0.09
  457 G   -1  3  0 -2 -3  0 -1  1  5 -3 -3  0 -2 -1 -2  1  1 -2  3 -2    0  25   0   0   0   0   0  11  26   0   0   0   0   0   0  13  12   0  14   0  0.34 0.08
  458 F    1 -3 -1 -2 -2 -2 -2  4 -2 -2 -2 -2 -2  3 -3 -1  1 -2  0 -2   10   0   0   0   0   0   0  52   0   0   0   0   0  23   0   0  14   0   0   0  0.51 0.09
  459 Q   -2  3 -1 -1 -4  6  1 -3  0 -4 -3  1 -1 -4 -2 -1 -1 -3 -2 -3    0  14   0   0   0  86   0   0   0   0   0   0   0   0   0   0   0   0   0   0  1.00 0.18
  460 Y   -2 -3 -3 -4 -3 -2 -3 -3 -1 -2 -2 -3 -1  4 -4 -2  1  9  5 -2    0   0   0   0   0   0   0   0   0   0   0   0   0  20   0   0  14  37  29   0  1.16 0.14
  461 S   -1 -2  2  2 -2 -1 -1  1 -2 -2 -3 -1 -2 -3 -2  1  4 -3 -2 -1    0   0  10  14   0   0   0  14   0   0   0   0   0   0   0  11  51   0   0   0  0.40 0.09
  462 R   -1  2  1 -2 -3 -1 -2  4 -2 -2  0 -1 -2 -3  2 -1 -2 -3 -3 -2    0  21   7   0   0   0   0  47   0   0  13   0   0   0  12   0   0   0   0   0  0.45 0.08
  463 Q   -2  0  5  0 -3  3  0 -1  0 -3 -3  2 -2 -4 -2  0  1 -4 -2 -3    0   0  52   0   0  23   0   0   0   0   0  14   0   0   0   0  10   0   0   0  0.58 0.11
  464 Q   -1 -1 -1  2 -2  1  2 -2 -2 -1  0 -1 -1 -2  2  0  3 -3 -2 -1    0   0   0  13   0  11  14   0   0   0  14   0   0   0  10   0  38   0   0   0  0.29 0.07
  465 L   -2 -3 -4 -4 -2 -2 -3 -4 -3  2  3 -3  3  2 -3 -3 -1 -2  0  1    0   0   0   0   0   0   0   0   0  13  52   0  14  14   0   0   0   0   0   7  0.42 0.08
  466 L   -1 -2  0 -2 -2 -1 -2 -2 -2  1  0 -2  2 -1  4  1 -1 -2  1  0    0   0   7   0   0   0   0   0   0  16  11   0  12   0  28  20   0   0   6   0  0.36 0.07
  467 N   -1 -2  1 -2 -2 -2 -2 -2 -1 -2 -1 -2 -1  4  2  1  1  0  4 -2    0   0  11   0   0   0   0   0   0   0   0   0   0  28  12  13  16   0  20   0  0.35 0.08
  468 S   -1 -2 -1 -2 -2  1 -1 -2  0  1  1 -1  0  0 -2  2 -1 -1  4  0    0   0   0   0   0  10   0   0   0  20  13   0   0   0   0  29   0   0  28   0  0.22 0.08
  469 Y   -2 -1  0  5 -4  0  4 -2 -1 -3 -3 -1 -3 -2 -2 -1 -1 -2  2 -3    0   0   0  47   0   0  40   0   0   0   0   0   0   0   0   0   0   0  12   0  0.70 0.10
  470 Q   -1  1  3  2 -3  2  2 -2  0 -2  0  0 -1 -3 -2  0 -1 -3 -2 -2    0  11  27  14   0  12  13   0   0   0  14   0   0   0   0   8   0   0   0   0  0.28 0.05
  471 I   -2 -3 -4 -4 -2 -3 -4 -4 -2  2  2 -3  1  5 -4 -3 -2  0  1  1    0   0   0   0   0   0   0   0   0  12  28   0   0  52   0   0   0   0   0   8  0.54 0.08
  472 T    0 -2 -1 -2 -2 -1 -1  1 -1 -2 -2 -1 -2  0 -2  2  3 -1  4 -1    0   0   0   0   0   0   0  13   0   0   0   0   0   0   0  25  34   0  27   0  0.35 0.08
  473 V    2 -3 -3 -3 -1 -2 -3 -2 -3  3  1 -2  1 -1 -2 -1 -1 -3 -2  3   27   0   0   0   0   0   0   0   0  33  13   0   0   0   0   0   0   0   0  27  0.27 0.06
  474 G    0 -3 -1 -2 -3 -2 -2  6 -3 -4 -4 -2 -3 -4 -3  0  1 -3 -3 -3    0   0   0   0   0   0   0  86   0   0   0   0   0   0   0   0  14   0   0   0  1.04 0.11
  475 D    0 -2  0  1 -3 -2 -1  5 -2 -4 -4 -1 -3 -3 -2  2 -1 -3 -3 -3    0   0   0  12   0   0   0  66   0   0   0   0   0   0   0  22   0   0   0   0  0.75 0.09
  476 E   -1  3 -1 -1 -3  0  2 -2 -1 -2 -2  1 -2  2 -2  1  1 -2 -1 -2    0  33   0   0   0   0  26   0   0   0   0   0   0  14   0  13  14   0   0   0  0.30 0.06
  477 Y   -1 -2 -1 -2 -2 -1 -2 -2  0 -2 -2 -2 -2  1 -2  2  1  1  6 -2    0   0   0   0   0   0   0   0   0   0   0   0   0   0   0  27  14   0  60   0  0.64 0.12
  478 T    0 -2  0 -1 -2 -1 -1  1 -2 -2 -2 -1 -2 -3 -2  3  4 -3 -2 -1    0   0   0   0   0   0   0  14   0   0   0   0   0   0   0  27  59   0   0   0  0.49 0.10
  479 V   -1 -2 -3 -3 -1 -2 -3 -3 -3  2  2 -2  2 -1 -3 -2  0 -3 -1  3    0   0   0   0   0   0   0   0   0   0  15   0  15   0   0   0   0   0   0  70  0.30 0.00
  480 R   -2  6 -1 -2 -4  1  0 -2  0 -3 -2  2 -1 -3 -2 -1 -1 -3 -2 -3    0 100   0   0   0   0   0   0   0   0   0   0   0   0   0   0   0   0   0   0  0.78 0.01
  481 G    0 -2  0 -1 -3 -2 -2  6 -2 -4 -4 -2 -3 -3 -2  0 -2 -3 -3 -3    0   0   0   0   0   0   0 100   0   0   0   0   0   0   0   0   0   0   0   0  1.06 0.01
  482 Y   -2 -3 -3 -4 -3 -3 -3 -3  0  0  0 -3  0  6 -4 -2 -2  1  5 -1    0   0   0   0   0   0   0   0   0   0   0   0   0  75   0   0   0   0  25   0  0.71 0.01
  483 N   -1  0  2  4 -3  2  2 -2 -1 -3 -3  2 -2 -4 -2  0 -1 -4 -3 -3    0   0  15  40   0  13  14   0   0   0   0  17   0   0   0   0   0   0   0   0  0.52 0.03
  484 L    0 -2 -1 -1 -2 -1 -1  4 -2 -1  0 -1 -1 -2  3  1 -1 -2 -2 -1    1   1   1   1   0   1   1  41   0   1  17   1   0   1  15  15   1   0   1   1  0.33 0.02
  485 R   -2  2  2  0 -3  1  3 -2  0 -3 -2  0 -2  0 -2 -1 -1  0  4 -2    0  15  13   0   0   0  40   0   0   0   0   0   0   0   0   0   0   0  31   0  0.39 0.04
  486 T    0 -2  0 -1 -1 -1 -1  2 -2 -1 -2 -1 -1 -3 -2  1  5 -3 -2 -1    0   0   0   0   0   0   0  17   0   0   0   0   0   0   0   0  83   0   0   0  0.51 0.05
  487 S    0 -2 -1 -2 -1 -1 -2  1 -2  1  1 -2  2 -1 -2  1  1 -2 -2  1    0   0   0   0   0   0   0  17   0  13  14   0  19   0   0  15   8   0   0  14  0.12 0.02
  488 Q    1 -1 -2 -3 -2  1 -1 -3 -2  1  3 -1  1  0 -2 -1 -1 -2 -1  0   17   0   0   0   0  16   0   0   0   0  67   0   0   0   0   0   0   0   0   0  0.25 0.04
  489 S    2 -1 -1 -1 -1 -1 -1  0 -1  1 -1 -1 -1 -2 -1  2  0 -2 -1  0   35   1   1   1   0   1   1   1   0  16   2   1   0   1   1  35   1   0   1   1  0.18 0.02
  490 G    1 -2 -1 -2 -2 -2 -2  6 -2 -3 -3 -2 -3 -3 -2  0 -2 -3 -3 -3   18   0   0   0   0   0   0  82   0   0   0   0   0   0   0   0   0   0   0   0  0.91 0.05
  491 D    0 -1  0  4 -3  1  4 -1 -1 -3 -3  0 -2 -3 -1  1 -1 -3 -3 -2    9   0   0  33   0   0  42   0   0   0   0   0   0   0   0  16   0   0   0   0  0.52 0.04
  492 S   -1  6 -1 -2 -3  1  0 -2 -1 -3 -3  2 -2 -3 -2  1 -1 -3 -2 -3    0  84   0   0   0   0   0   0   0   0   0   0   0   0   0  16   0   0   0   0  0.72 0.06
  493 G    0 -3 -1 -2 -3 -2 -2  6 -2 -4 -4 -2 -3 -4 -2 -1 -2 -3 -3 -4    0   0   0   0   0   0   0 100   0   0   0   0   0   0   0   0   0   0   0   0  1.19 0.06
  494 V   -2 -3 -4 -4 -2 -3 -3 -3 -2  0  1 -3  0  4 -4 -3 -2  8  2  1    0   0   0   0   0   0   0   0   0   0  17   0   0  34   0   0   0  32   0  16  0.78 0.05
  495 Y   -1 -2 -2 -3 -2 -2 -2 -3  0  0  1 -2  0  2 -3  0 -1  1  5  1    0   0   0   0   0   0   0   0   0   0  15   0   0   0   0  17   0   0  51  17  0.36 0.04
  496 L   -2 -3 -4 -4 -2 -2 -3 -3 -3  0  2 -3  0  0 -4 -3 -2  9  1  1    0   0   0   0   0   0   0   0   0   0  32   0   0   0   0   0   0  51   0  17  1.11 0.06
  497 S   -1  5  0 -1 -3  2  0 -2  0 -3 -3  2 -1 -3 -2  1 -1 -3 -2 -3    0  67   0   0   0  17   0   0   0   0   0   0   0   0   0  16   0   0   0   0  0.59 0.05
  498 N   -2 -1  6  1 -3  0 -1 -1  0 -3 -3 -1 -2 -3 -2  1  2 -4 -2 -3    0   0  83   0   0   0   0   0   0   0   0   0   0   0   0   0  17   0   0   0  0.73 0.06
  499 T   -1 -1  0  3 -3  1  5 -2 -1 -3 -3  0 -2 -3 -1  0  1 -3 -2 -2    0   0   0  15   0   0  68   0   0   0   0   0   0   0   0   0  16   0   0   0  0.60 0.05
  500 L   -2 -3 -4 -4 -2 -2 -3 -4 -3  1  4 -3  1  0 -3 -3 -2  6  0  0    0   0   0   0   0   0   0   0   0   0  83   0   0   0   0   0   0  17   0   0  0.61 0.05
  501 T    0  2  0 -1 -2  3  0  1 -1 -3 -2  1 -1 -3 -2  1  1 -3 -2 -2    0  17   0   0   0  34   0  15   0   0   0   0   0   0   0  17  16   0   0   0  0.32 0.03
  502 V    0 -2 -2 -3 -1 -1 -2 -3 -2  1  2 -2  3 -1 -2 -1  1 -2 -1  2    9   0   0   0   0   0   0   0   0   0  25   0  25   0   0   0  17   0   0  24  0.21 0.03
  503 P   -1 -2 -2 -1 -3  1 -1 -2 -2 -2 -2 -1 -2 -3  7 -1 -1 -3 -2 -2    1   1   1   1   0   9   1   1   0   1   1   1   0   1  77   1   1   0   0   1  1.47 0.05
  504 V    1 -1 -2 -2 -1 -1 -1 -2 -2  2  0  1  0 -1 -1 -1  0 -2 -1  2   18   1   1   1   0   1   1   1   0  27   1  18   0   1   1   1   1   0   0  25  0.09 0.02
  505 Q    0  0  0  0 -1  2  0 -1  0 -1 -1  0  0  0  0  0  0  0  3 -1    5   3   3   4   1  19   4   5   1   3   6   4   1   3   3   5   4   1  19   4  0.09 0.00
  506 F    0 -1 -1 -1 -1 -1 -1 -1 -1  1  0 -1  0  2 -1  0  1  0  0  0    4   3   2   3   1   2   3   4   1  20   4   3   1  18   3   4  20   1   2   3  0.04 0.01
  507 S    1  2  0 -1 -1  0  0  0 -1 -1 -1  0 -1 -2 -1  2  0 -2 -1 -1   20  19   2   2   1   1   2   3   1   2   3   2   1   1   2  34   2   0   1   2  0.17 0.01
  508 L   -1 -1 -2 -2 -1 -1 -2 -2 -1  1  3 -1  1  3 -1 -1 -1 -1  0  0    3   2   2   2   1   1   2   3   1   2  52   2   1  18   2   2   2   0   1   2  0.16 0.01
  509 L    0 -1  0 -1 -1 -1 -1  3 -1 -1  1 -1  0 -1 -1  0 -1 -1 -1 -1    4   3   2   3   1   2   3  36   1   3  21   3   1   2   3   4   3   1   2   3  0.15 0.01
  510 G    1 -1  0 -1 -1 -1 -1  3 -1 -1 -1 -1 -1 -1  0  0  0 -1 -1 -1   21   3   2   3   1   2   3  36   1   3   5   3   1   2   3   4   3   1   2   3  0.20 0.01
  511 K    1  0  0 -1 -2  0 -1  4 -1 -2 -2  1 -2 -2 -1  1  0 -2 -2 -2    9   1   1   1   0   1   1  43   0   1   2  17   0   1   1  18   1   0   1   1  0.35 0.02
  512 Q   -1  0  0  2 -3  5  1 -2  0 -2 -2  1 -1 -3 -1  0 -1 -2 -2 -2    1   1   1  18   0  67   1   1   0   1   2   1   0   1   1   1   1   0   1   1  0.50 0.04
  513 A    2 -1 -1 -1 -1  0  1 -1 -1 -1 -1  0 -1 -2 -1  1  3 -2 -2 -1   35   1   1   1   0   1  17   1   0   1   2   1   0   1   1   1  35   0   1   1  0.22 0.02
  514 S    1  2 -1 -1 -2  2  0  2 -1 -1 -2  0 -1 -2 -2  1  0 -3 -2  0   15  18   0   0   0  17   0  16   0   0   0   0   0   0   0  16   0   0   0  17  0.17 0.02
  515 V   -1 -2 -2 -3 -2  0 -2 -3  2  2  1 -2  2  0 -3 -2 -1 -1  2  2    0   0   0   0   0   8   0   0   9  17   8   0   9   0   0   0   0   0  15  33  0.18 0.02
  516 A    2 -1 -1 -1 -1  2  0 -1 -1 -1  0  0  0 -2 -1  2  0 -3 -2 -1   33   0   0   0   0  17   0   0   0   0  15   0   0   0   0  34   0   0   0   0  0.22 0.03
  517 P    1 -2 -2 -2 -2 -2 -2 -2 -2 -1 -1 -1 -1  1  6 -1 -1 -3 -1  1   23   0   0   0   0   0   0   0   0   0   0   0   0   9  50   0   0   0   0  17  0.80 0.04
  518 F   -2 -2 -3 -4 -3 -2 -3 -4  0 -1  1 -3  0  5 -3 -2 -2  1  6 -1    0   0   0   0   0   0   0   0   0   0  15   0   0  33   0   0   0   0  51   0  0.68 0.05
  519 V    3 -2 -1  1 -1 -1 -1 -1 -2  0 -1 -1 -1 -2 -2  0  0 -3 -2  2   51   0   0  15   0   0   0   0   0   0   0   0   0   0   0   0   0   0   0  33  0.21 0.03
  520 G   -1 -3 -2 -2 -3 -2 -3  4 -1 -2 -2 -2 -1  4 -3 -1 -2  0  3 -2    0   0   0   0   0   0   0  51   0   0   0   0   0  34   0   0   0   0  15   0  0.55 0.04
  521 A    2 -2 -3 -3 -1 -2 -2 -2 -1  0  1 -2  0  3 -2 -1 -1  0  3  1   32   0   0   0   0   0   0   0   0   0  25   0   0  17   0   0   0   0  17   9  0.20 0.02
  522 D   -2 -2  1  6 -4  0  1 -2  3 -4 -4 -1 -3 -3 -2 -1 -1 -4 -2 -4    0   0   0  85   0   0   0   0  15   0   0   0   0   0   0   0   0   0   0   0  0.91 0.06
  523 V    2 -2 -2 -3 -1 -2 -2 -2  0  1  0 -2  0  1 -2 -1 -1  0  4  1   34   0   0   0   0   0   0   0   0  15   0   0   0   0   0   0   0   0  34  16  0.25 0.03
  524 G    0 -3 -1 -2 -3 -2 -2  6 -2 -4 -4 -2 -3 -4 -2 -1 -2 -3 -3 -4    0   0   0   0   0   0   0 100   0   0   0   0   0   0   0   0   0   0   0   0  1.19 0.06
  525 A    1  3 -1 -1 -3  4  1  1  0 -3 -2  1 -1 -3 -2  0 -1 -3 -2 -2   16  25   0   0   0  43   0  15   0   0   0   0   0   0   0   0   0   0   0   0  0.39 0.04
  526 L   -1 -2 -3 -3 -2  1 -2 -3 -2  2  1 -2  1  2 -3 -2 -1 -2  0  3    0   0   0   0   0  15   0   0   0   0  16   0   0  17   0   0   0   0   0  51  0.21 0.03
  527 K   -2  3 -1 -2 -3  2  0 -2 -1 -3 -2  2 -1  1 -3 -1 -2  8  1 -3    0  26   0   0   0  15   0   0   0   0   0  16   0   9   0   0   0  33   0   0  0.73 0.05
  528 S    0 -2 -1 -2 -2 -2 -2  4 -1  0 -2 -2 -1 -1 -2  1 -1 -1  2 -1    0   0   0   0   0   0   0  50   0  17   0   0   0   0   0  16   0   0  17   0  0.36 0.03
  529 N   -1 -1  4  3 -3 -1  0 -1 -1 -3 -4 -1 -3 -3  4  1  0 -4 -3 -3    0   0  49  17   0   0   0   0   0   0   0   0   0   0  25   9   0   0   0   0  0.67 0.04
  530 H   -1  0  0 -1 -3  3  1 -2  5 -3 -3  0 -1 -2 -2  1  1 -3  0 -2    0   0   0   0   0  34   8   0  32   0   0   0   0   0   0  17   9   0   0   0  0.43 0.04
  531 P    0 -1 -1 -1 -2  0  1 -2 -1 -2 -2 -1 -2 -3  6  0 -1 -3 -2 -2   11   1   1   1   0   1  18   1   0   1   1   1   0   1  59   1   1   0   0   1  1.03 0.04
  532 D    1 -1  2  2 -1 -1 -1 -1 -1  1 -1 -1 -1  1 -1  0  0 -2 -1  1   18   1  18  17   0   1   1   1   0   9   1   1   0  10   1   1   1   0   0  17  0.08 0.01
  533 A    3 -1 -1 -1 -1  0  1  0 -1 -1  0 -1 -1 -2 -1  0  0 -2 -2  0   59   1   1   1   0   1  18   1   0   1  11   1   0   1   1   1   1   0   0   1  0.21 0.03
  534 R    0  2 -1 -1 -2  0  0 -2  3 -1  1  2  0 -1 -1 -1 -1 -2 -1 -1   11  17   1   1   0   1   1   1  17   1  26  18   0   1   1   1   1   0   0   1  0.12 0.02
  535 T    0 -1  0  2 -1 -1 -1  1 -2  0 -1 -1 -1 -2 -1  0  3 -2 -2  1    1   1   1  18   0   1   1  10   0   1   1   1   0   1   1   1  34   0   0  26  0.15 0.02
  536 I   -1 -2 -1 -2 -1 -1 -1 -2 -1  1 -1 -1 -1  0  3  0  3 -1  3  0    1   1   1   1   0   1   1   1   0  17   1   1   0   1  18   1  35   0  17   1  0.26 0.02
  537 R   -1  2 -1 -1 -2  3  0 -2 -1 -1  0  1  0 -2 -1  0  1 -2 -1 -1    1  17   1   1   0  35   1   1   0   1  18   1   0   1   1   1  18   0   0   1  0.20 0.02
  538 M   -1 -2 -3 -4 -1 -2 -3 -4 -3  2  4 -2  3  0 -3 -2 -1 -2 -1  2    0   0   0   0   0   0   0   0   0   0  67   0  16   0   0   0   0   0   0  17  0.41 0.04
  539 A    4 -2 -1 -2 -1 -1 -1  0 -2 -2 -2 -1 -1 -3 -1  2  0 -3 -2 -1   83   0   0   0   0   0   0   0   0   0   0   0   0   0   0  17   0   0   0   0  0.46 0.05
  540 G    1 -2 -1 -1 -2 -1 -2  5 -2 -3 -3 -1 -2 -3 -2  1 -1 -3 -3 -2   17   0   0   0   0   0   0  66   0   0   0   0   0   0   0  17   0   0   0   0  0.69 0.04
  541 L    2 -2 -2 -2 -1 -2 -2  0 -3  1  1 -2  0 -1 -2  0  1 -3 -2  2   25   0   0   0   0   0   0   9   0   0  16   0   0   0   0   0  15   0   0  35  0.15 0.02
  542 A    2 -2 -2 -2 -1 -2 -2  3 -2  0 -1 -2 -1 -2 -2  0 -1 -3 -2  2   32   0   0   0   0   0   0  34   0   0   0   0   0   0   0   0   0   0   0  34  0.29 0.03
  543 A    2 -2 -3 -3 -1 -2 -2 -2 -3  3  2 -2  1 -1 -2 -1 -1 -2 -2  1   33   0   0   0   0   0   0   0   0  34  32   0   0   0   0   0   0   0   0   0  0.22 0.03
  544 G    0 -3 -1 -2 -3 -2 -2  6 -2 -4 -4 -2 -3 -4 -2 -1 -2 -3 -3 -4    0   0   0   0   0   0   0 100   0   0   0   0   0   0   0   0   0   0   0   0  1.19 0.06
  545 V   -1 -3 -3 -4 -1 -2 -3 -4 -3  3  2 -3  2  0 -3 -2 -1 -3 -1  3    0   0   0   0   0   0   0   0   0  17  25   0   8   0   0   0   0   0   0  50  0.34 0.03
  546 R   -1  5 -1 -1 -4  1  0 -2 -1 -3 -3  4 -2 -3 -2 -1 -1 -3 -2 -3    0  58   0   0   0   0   0   0   0   0   0  42   0   0   0   0   0   0   0   0  0.68 0.05
  547 F   -1 -2 -1 -2 -2 -2 -2  4 -2 -2 -2 -2 -1  4 -3 -1  1 -1  0 -2    0   0   0   0   0   0   0  50   0   0   0   0   0  33   0   0  17   0   0   0  0.45 0.04
  548 D    0  0  0  2 -2  0  0  2 -1 -3 -3  1 -2 -3 -1  3  0 -3 -2 -2    0   0   0  16   0   0   0  15   0   0   0  17   0   0   0  51   0   0   0   0  0.34 0.03
  549 L   -2 -2 -2 -3 -2 -1 -2 -3  3  1  2 -2  2  0 -3 -2 -1  7  0  1    0   0   0   0   0   0   0   0  19  10  28   0  11   0   0   0   0  22   0  10  0.42 0.03
  550 P    0  2 -1 -2 -2  0 -1  1 -1 -2 -1  0  2 -2  4  1  0 -3 -2 -2    0  19   0   0   0   0   0  10   0   0   0   0  19   0  30  22   0   0   0   0  0.42 0.03
  551 Y    1 -2 -1 -2 -1 -1 -1 -2 -1 -1 -1 -1 -1  3 -2  1  2  0  3 -1   11   0   0   0   0   0   0   0   0   0   0   0   0  22   0  19  29   0  19   0  0.25 0.02
  552 A    1  3 -2 -2 -2  0 -1 -2 -2  0  1  0  0 -2 -2 -1 -1 -3 -2  1   19  40   0   0   0   0   0   0   0   0  19   0   0   0   0   0   0   0   0  22  0.19 0.02
  553 R   -2  2 -1  2 -3 -1 -1 -3 -1  0  0 -1 -1  5 -3 -2 -2 -1  1 -1    0  19   0  22   0   0   0   0   0  11   0   0   0  48   0   0   0   0   0   0  0.28 0.03
  554 M   -1 -2 -1 -2 -2 -1 -2  3 -1 -1  0 -1  2  3 -2 -1 -1 -1  0 -1    1   1   1   1   0   1   1  42   0   1   2   1  19  22   1   1   1   0   1   1  0.26 0.02
  555 S    1  2  0 -1 -1  0  0  2 -1 -2 -2  0 -1 -2 -1  2  0 -2 -2 -2   11  23   1   1   0   1   1  21   0   1   2   1   0   1   1  31   1   0   1   1  0.23 0.01
  556 F   -1 -2 -2 -2  5 -2 -2 -2  0 -1 -1 -2 -1  4 -2 -1 -1  1  4 -1    1   1   1   1  22   1   1   1   0   1   2   1   0  31   1   1   1   0  30   1  0.41 0.02
  557 T    2 -1  0 -1 -1 -1 -1  2 -1 -1 -1 -1 -1 -2 -1  1  3 -2 -2 -1   22   1   1   1   0   1   1  21   0   1   2   1   0   1   1   1  42   0   1   1  0.24 0.02
  558 Y   -2 -2 -3 -4 -3 -2 -3 -3  1 -2 -1 -2 -1  3 -3 -2 -2  7  7 -2    0   0   0   0   0   0   0   0   0   0   0   0   0   0   0   0   0  19  81   0  1.11 0.06
  559 S   -1 -2  1  5 -3 -1  1  2 -1 -3 -4 -1 -3 -3 -2  1 -1 -4 -3 -3    0   0   0  59   0   0   0  22   0   0   0   0   0   0   0  19   0   0   0   0  0.59 0.03
  560 K    1 -1 -2 -3 -1 -1 -1 -2 -2  1  2  1  1 -1 -2 -1 -1 -2 -2  1   22   0   0   0   0   0   0   0   0   0  40  19   0   0   0   0   0   0   0  19  0.13 0.02
  561 P   -2 -3 -3 -3 -3 -3 -2 -3 -2 -1 -1 -2 -1  5  5 -2 -2  0  2 -2    0   0   0   0   0   0   0   0   0   0   0   0   0  59  41   0   0   0   0   0  0.88 0.04
  562 V    2 -2 -3 -3 -1 -2 -2 -2 -3  1  1 -2  0 -1 -2  0  0 -3 -2  2   40   0   0   0   0   0   0   0   0   0  22   0   0   0   0   0   0   0   0  38  0.21 0.02
  563 G    0  2 -1 -2 -3 -1 -2  5 -2 -4 -4  0 -3 -3 -2 -1 -2 -3 -3 -3    0  22   0   0   0   0   0  78   0   0   0   0   0   0   0   0   0   0   0   0  0.81 0.04
  564 A    3 -2 -1 -2 -1 -1 -1 -1 -2 -1 -2 -1 -1 -2 -1  1  3 -3 -2  0   60   0   0   0   0   0   0   0   0   0   0   0   0   0   0   0  40   0   0   0  0.37 0.03
  565 Q   -1  1 -1 -1 -2  3  0 -2 -1 -1  0  3  3 -2 -1  0 -1 -2 -1 -1    1   1   1   1   0  20   1   1   0   1   2  41  22   1   1   1   1   0   1   1  0.22 0.02
  566 P   -1 -2 -2 -2 -3 -2 -1 -3 -3 -3 -3 -1 -3 -4  8 -1 -1 -4 -3 -3    0   0   0   0   0   0   0   0   0   0   0   0   0   0 100   0   0   0   0   0  2.16 0.06
  567 G    0 -1  3  0 -2 -1 -1  2 -1  0 -2 -1 -1 -2 -2  2  0 -3 -2 -1    0   0  22   0   0   0   0  19   0  19   0   0   0   0   0  40   0   0   0   0  0.23 0.02
  568 G    0 -2  2 -1 -3 -2 -2  5 -2 -4 -4 -1 -3 -3 -2  0 -1 -3 -3 -3    0   0  19   0   0   0   0  81   0   0   0   0   0   0   0   0   0   0   0   0  0.89 0.04
  569 A    1  2 -1 -2 -2 -1 -1 -2 -1 -1 -1  0 -1  4 -2  1 -1 -1  1 -1   19  19   0   0   0   0   0   0   0   0   0   0   0  40   0  22   0   0   0   0  0.22 0.02
  570 P   -1 -1 -2 -2 -3 -1 -1 -2 -2 -3 -3  2 -3 -4  7 -1 -1 -4 -3 -3    0   0   0   0   0   0   0   0   0   0   0  22   0   0  78   0   0   0   0   0  1.56 0.05
  571 R    1  3 -1 -2 -2  0 -1 -2 -1 -2 -2  1 -1 -3 -2  1  3 -3 -2 -1   22  38   0   0   0   0   0   0   0   0   0   0   0   0   0   0  40   0   0   0  0.33 0.03
  572 A    3 -2  1 -1 -1 -1 -1 -1 -2 -2 -2 -1 -1 -3  4  1  2 -3 -2 -1   49   0  10   0   0   0   0   0   0   0   0   0   0   0  22   0  19   0   0   0  0.42 0.03
  573 P   -1  3 -1 -2 -3  0 -1 -2 -1 -2 -2  0 -1  2  3  0  1 -2  0 -2    0  40   0   0   0   0   0   0   0   0   0   0   0  19  19   0  22   0   0   0  0.37 0.03
  574 V    0 -2 -2 -3 -1 -2 -2 -3 -3  2  0 -2  0 -1 -2  1  0 -3 -2  4    0   0   0   0   0   0   0   0   0   0   0   0   0   0   0  19   0   0   0  81  0.29 0.04
  575 W   -1 -2  3 -1 -2 -1 -2 -2 -1 -1  1 -1  0 -1 -2  0  2  7  0 -1    0   0  25   0   0   0   0   0   0   0  26   0   0   0   0   0  25  24   0   0  0.41 0.02
  576 L    1 -2 -3 -3 -1 -2 -2 -2 -3  1  3 -2  1  0 -2 -1 -1 -2 -1  1   25   0   0   0   0   0   0   0   0   0  75   0   0   0   0   0   0   0   0   0  0.30 0.02
  577 Y   -2 -2 -2 -3 -3 -2 -2 -3  2 -2 -1 -2 -1  3 -3 -2 -2  2  7 -1    0   0   0   0   0   0   0   0   0   0   0   0   0   0   0   0   0   0 100   0  0.94 0.03
  578 I   -1 -2 -2 -2 -1 -2 -2 -3 -3  3  1 -2  0 -1 -2  0  2 -3 -1  3    0   0   0   0   0   0   0   0   0  32   0   0   0   0   0   0  34   0   0  34  0.24 0.01
  579 N    0 -1  3  0 -1 -1 -1 -1 -1  0 -1 -1 -1 -2 -2  2  1 -3 -2  1    0   0  32   0   0   0   0   0   0   0   0   0   0   0   0  34   0   0   0  34  0.20 0.01
  580 A    2 -2 -1 -2 -1 -1 -2 -1 -2  2  0 -1  0 -1 -2  0  2 -3 -2  1   32   0   0   0   0   0   0   0   0  34   0   0   0   0   0   0  34   0   0   0  0.18 0.01
  581 G    0 -2 -1 -1 -3 -2 -2  6 -2 -4 -4 -2 -3 -3 -2  0 -2 -3 -3 -3    0   0   0   0   0   0   0 100   0   0   0   0   0   0   0   0   0   0   0   0  1.08 0.02
  582 L   -2 -3 -3 -4 -2 -3 -3 -4 -2  1  3 -3  1  5 -3 -3 -2  0  2  0    0   0   0   0   0   0   0   0   0   0  50   0   0  50   0   0   0   0   0   0  0.43 0.00
  583 S    1 -1  1  0 -1  0  0  0 -1 -2 -3  0 -2 -2 -1  4  1 -3 -2 -2    0   0   0   0   0   0   0   0   0   0   0   0   0   0   0 100   0   0   0   0  0.46 0.00
  584 F   -2 -3 -3 -4 -2 -3 -3 -4 -2  1  3 -3  1  5 -3 -3 -2  0  2  0    0   0   0   0   0   0   0   0   0   0  50   0   0  50   0   0   0   0   0   0  0.43 0.00

                      K         Lambda
Standard Ungapped    0.1364     0.3186
Standard Gapped      0.0376     0.2670
PSI Ungapped         0.1252     0.3062
PSI Gapped           0.0376     0.2670
