
Last position-specific scoring matrix computed, weighted observed percentages rounded down, information per position, and relative weight of gapless real matches to pseudocounts
            A   R   N   D   C   Q   E   G   H   I   L   K   M   F   P   S   T   W   Y   V   A   R   N   D   C   Q   E   G   H   I   L   K   M   F   P   S   T   W   Y   V
    1 M    -1  -1  -2  -3  -2   0  -2  -3  -2   1   2  -1   6   0  -3  -2  -1  -2  -1   1    0   0   0   0   0   0   0   0   0   0   0   0 100   0   0   0   0   0   0   0  0.33 0.00
    2 R    -2   6   0  -2  -4   1   0  -2   0  -3  -2   2  -1  -3  -2  -1  -1  -3  -2  -3    0 100   0   0   0   0   0   0   0   0   0   0   0   0   0   0   0   0   0   0  0.74 0.00
    3 T     0  -1   0  -1  -1  -1  -1  -2  -2  -1  -1  -1  -1  -2  -1   1   5  -3  -2   0    0   0   0   0   0   0   0   0   0   0   0   0   0   0   0   0 100   0   0   0  0.46 0.00
    4 L    -2  -2  -4  -4  -1  -2  -3  -4  -3   2   4  -3   2   0  -3  -3  -1  -2  -1   1    0   0   0   0   0   0   0   0   0   0 100   0   0   0   0   0   0   0   0   0  0.45 0.00
    5 Q    -1   1   0   0  -3   6   2  -2   0  -3  -2   1   0  -3  -1   0  -1  -2  -2  -2    0   0   0   0   0 100   0   0   0   0   0   0   0   0   0   0   0   0   0   0  0.64 0.00
    6 G     0  -2   0  -1  -3  -2  -2   6  -2  -4  -4  -2  -3  -3  -2   0  -2  -3  -3  -3    0   0   0   0   0   0   0 100   0   0   0   0   0   0   0   0   0   0   0   0  1.04 0.00
    7 W    -3  -3  -4  -4  -2  -2  -3  -3  -2  -3  -2  -3  -2   1  -4  -3  -3  11   2  -3    0   0   0   0   0   0   0   0   0   0   0   0   0   0   0   0   0 100   0   0  2.29 0.00
    8 L    -2  -2  -4  -4  -1  -2  -3  -4  -3   2   4  -3   2   0  -3  -3  -1  -2  -1   1    0   0   0   0   0   0   0   0   0   0 100   0   0   0   0   0   0   0   0   0  0.45 0.00
    9 L    -2  -3  -4  -4  -1  -3  -3  -4  -3   3   3  -3   2   0  -3  -3  -1  -2  -1   2    0   0   0   0   0   0   0   0   0  38  62   0   0   0   0   0   0   0   0   0  0.38 0.00
   10 P     2  -2  -2  -2  -2  -1  -1  -1  -2  -2  -2  -1  -2  -3   7   0  -1  -3  -3  -1   38   0   0   0   0   0   0   0   0   0   0   0   0   0  62   0   0   0   0   0  1.12 0.00
   11 V    -1  -3  -3  -4  -1  -2  -3  -4  -3   2   2  -2   1   0  -3  -2   0  -2  -1   3    0   0   0   0   0   0   0   0   0   0  38   0   0   0   0   0   0   0   0  62  0.31 0.00
   12 F    -2  -3  -3  -4  -2  -3  -3  -4  -2   1   2  -3   1   5  -4  -3  -2   0   2   0    0   0   0   0   0   0   0   0   0   0  38   0   0  62   0   0   0   0   0   0  0.48 0.00
   13 M    -1  -2  -3  -3  -1  -1  -2  -3  -2   1   3  -2   5   0  -3  -2  -1  -2  -1   1    0   0   0   0   0   0   0   0   0   0  38   0  62   0   0   0   0   0   0   0  0.34 0.00
   14 L    -1  -2  -3  -4  -1  -2  -3  -4  -3   2   3  -3   2   0  -3  -2  -1  -2  -1   2    0   0   0   0   0   0   0   0   0   0  62   0   0   0   0   0   0   0   0  38  0.34 0.00
   15 P    -1  -2  -2  -2  -3  -1  -1  -2  -2  -3  -3  -1  -3  -4   8  -1  -1  -4  -3  -3    0   0   0   0   0   0   0   0   0   0   0   0   0   0 100   0   0   0   0   0  2.04 0.00
   16 M    -1  -1  -1  -2  -1  -1  -2  -2  -2   1   1  -1   5  -1  -2   0   3  -2  -1   0    0   0   0   0   0   0   0   0   0   0   0   0  62   0   0   0  38   0   0   0  0.23 0.00
   17 A     3  -2  -2  -2  -1  -1  -2  -1  -2   0   2  -1   1  -1  -2   0   0  -2  -2   0   62   0   0   0   0   0   0   0   0   0  38   0   0   0   0   0   0   0   0   0  0.21 0.00
   18 V     2  -2  -2  -3  -1  -2  -2  -2  -3   2   0  -2   0  -1  -2   0   0  -3  -2   3   38   0   0   0   0   0   0   0   0   0   0   0   0   0   0   0   0   0   0  62  0.21 0.00
   19 Y    -1   0  -1  -2  -3   3   0  -3   1  -2  -2   0  -1   2  -2  -1  -1   1   6  -2    0   0   0   0   0  38   0   0   0   0   0   0   0   0   0   0   0   0  62   0  0.50 0.00
   20 A     4  -2  -2  -2   0  -1  -1   0  -2  -1  -2  -1  -1  -2  -1   1   0  -3  -2   0  100   0   0   0   0   0   0   0   0   0   0   0   0   0   0   0   0   0   0   0  0.40 0.00
   21 Q    -1   1   0   1  -3   5   4  -2   0  -3  -3   1  -1  -3  -1   0  -1  -2  -2  -2    0   0   0   0   0  62  38   0   0   0   0   0   0   0   0   0   0   0   0   0  0.59 0.00
   22 E    -1   0   0   2  -4   2   5  -2   0  -3  -3   1  -2  -3  -1   0  -1  -3  -2  -3    0   0   0   0   0   0 100   0   0   0   0   0   0   0   0   0   0   0   0   0  0.73 0.00
   23 A     4  -2  -2  -2   0  -1  -1   0  -2  -1  -2  -1  -1  -2  -1   1   0  -3  -2   0  100   0   0   0   0   0   0   0   0   0   0   0   0   0   0   0   0   0   0   0  0.40 0.00
   24 T     0  -1   0  -1  -1  -1  -1  -2  -2  -1  -1  -1  -1  -2  -1   1   5  -3  -2   0    0   0   0   0   0   0   0   0   0   0   0   0   0   0   0   0 100   0   0   0  0.47 0.00
   25 V    -1  -3  -3  -3  -1  -3  -3  -4  -3   3   1  -3   1  -1  -3  -2   0  -3  -1   4    0   0   0   0   0   0   0   0   0  38   0   0   0   0   0   0   0   0   0  62  0.34 0.00
   26 K    -1   2   0   0  -3   2   3  -2  -1  -3  -3   4  -2  -3  -1   0  -1  -3  -2  -2    0   0   0   0   0   0  38   0   0   0   0  62   0   0   0   0   0   0   0   0  0.48 0.00
   27 E    -1   1   0   1  -4   2   4  -2   0  -3  -3   3  -2  -3  -1   0  -1  -3  -2  -3    0   0   0   0   0   0  62   0   0   0   0  38   0   0   0   0   0   0   0   0  0.53 0.00
   28 V    -1  -3  -3  -3  -1  -3  -3  -4  -3   3   1  -3   1  -1  -3  -2   0  -3  -1   4    0   0   0   0   0   0   0   0   0  38   0   0   0   0   0   0   0   0   0  62  0.34 0.00
   29 H    -2   0   1  -1  -3   0   0  -2   8  -3  -3  -1  -2  -1  -2  -1  -2  -3   2  -3    0   0   0   0   0   0   0   0 100   0   0   0   0   0   0   0   0   0   0   0  0.85 0.00
   30 D    -2  -2   1   6  -4   0   2  -1  -1  -3  -4  -1  -3  -4  -2   0  -1  -5  -3  -3    0   0   0 100   0   0   0   0   0   0   0   0   0   0   0   0   0   0   0   0  0.93 0.00
   31 A     4  -2  -2  -2   0  -1  -1   0  -2  -1  -2  -1  -1  -2  -1   1   0  -3  -2   0  100   0   0   0   0   0   0   0   0   0   0   0   0   0   0   0   0   0   0   0  0.40 0.00
   32 P    -1  -2  -2  -2  -3  -1  -1  -2  -2  -3  -3  -1  -3  -4   8  -1  -1  -4  -3  -3    0   0   0   0   0   0   0   0   0   0   0   0   0   0 100   0   0   0   0   0  2.04 0.00
   33 A     4  -2  -2  -2   0  -1  -1   0  -2  -1  -2  -1  -1  -2  -1   1   0  -3  -2   0  100   0   0   0   0   0   0   0   0   0   0   0   0   0   0   0   0   0   0   0  0.40 0.00
   34 V     0  -3  -3  -3  -1  -2  -3  -3  -3   3   1  -2   1  -1  -3  -2   0  -3  -1   4    0   0   0   0   0   0   0   0   0   0   0   0   0   0   0   0   0   0   0 100  0.34 0.00
   35 R    -2   6   0  -2  -4   1   0  -2   0  -3  -2   2  -1  -3  -2  -1  -1  -3  -2  -3    0 100   0   0   0   0   0   0   0   0   0   0   0   0   0   0   0   0   0   0  0.74 0.00
   36 G     0  -2   0  -1  -3  -2  -2   6  -2  -4  -4  -2  -3  -3  -2   0  -2  -3  -3  -3    0   0   0   0   0   0   0 100   0   0   0   0   0   0   0   0   0   0   0   0  1.04 0.00
   37 S     1  -1   1   0  -1   0   0   0  -1  -3  -3   0  -2  -3  -1   4   1  -3  -2  -2    0   0   0   0   0   0   0   0   0   0   0   0   0   0   0 100   0   0   0   0  0.45 0.00
   38 I    -1  -3  -3  -3  -1  -3  -3  -4  -3   4   2  -3   1   0  -3  -3  -1  -3  -1   3    0   0   0   0   0   0   0   0   0 100   0   0   0   0   0   0   0   0   0   0  0.39 0.00
   39 I    -1  -3  -3  -3  -1  -3  -3  -4  -3   4   2  -3   1   0  -3  -3  -1  -3  -1   3    0   0   0   0   0   0   0   0   0 100   0   0   0   0   0   0   0   0   0   0  0.39 0.00
   40 A     4  -2  -2  -2   0  -1  -1   0  -2  -1  -2  -1  -1  -2  -1   1   0  -3  -2   0  100   0   0   0   0   0   0   0   0   0   0   0   0   0   0   0   0   0   0   0  0.40 0.00
   41 N     2  -1   5   0  -2   0  -1   0   0  -3  -3   0  -2  -3  -2   1   0  -3  -2  -2   38   0  62   0   0   0   0   0   0   0   0   0   0   0   0   0   0   0   0   0  0.40 0.00
   42 M    -1  -1  -2  -3  -2   0  -2  -3  -2   1   2  -1   6   0  -3  -2  -1  -2  -1   1    0   0   0   0   0   0   0   0   0   0   0   0 100   0   0   0   0   0   0   0  0.34 0.00
   43 L    -2  -2  -4  -4  -1  -2  -3  -4  -3   2   4  -3   2   0  -3  -3  -1  -2  -1   1    0   0   0   0   0   0   0   0   0   0 100   0   0   0   0   0   0   0   0   0  0.45 0.00
   44 Q    -1   1   0   0  -3   6   2  -2   0  -3  -2   1   0  -3  -1   0  -1  -2  -2  -2    0   0   0   0   0 100   0   0   0   0   0   0   0   0   0   0   0   0   0   0  0.65 0.00
   45 E    -1  -1   0   4  -4   1   4  -2   0  -3  -3   0  -3  -4  -1   0  -1  -4  -3  -3    0   0   0  38   0   0  62   0   0   0   0   0   0   0   0   0   0   0   0   0  0.67 0.00
   46 H    -2   0   1  -1  -3   0   0  -2   8  -3  -3  -1  -2  -1  -2  -1  -2  -3   2  -3    0   0   0   0   0   0   0   0 100   0   0   0   0   0   0   0   0   0   0   0  0.85 0.00
   47 D    -2  -2   1   6  -4   0   2  -1  -1  -3  -4  -1  -3  -4  -2   0  -1  -5  -3  -3    0   0   0 100   0   0   0   0   0   0   0   0   0   0   0   0   0   0   0   0  0.93 0.00
   48 N    -2   0   6   1  -3   0   0   0   1  -3  -4   0  -2  -3  -2   1   0  -4  -2  -3    0   0 100   0   0   0   0   0   0   0   0   0   0   0   0   0   0   0   0   0  0.72 0.00
   49 P    -1  -2  -2  -2  -3  -1  -1  -2  -2  -3  -3  -1  -3  -4   8  -1  -1  -4  -3  -3    0   0   0   0   0   0   0   0   0   0   0   0   0   0 100   0   0   0   0   0  2.04 0.00
   50 F    -2  -3  -3  -4  -3  -3  -3  -3  -1   0   0  -3   0   6  -4  -3  -2   1   3  -1    0   0   0   0   0   0   0   0   0   0   0   0   0 100   0   0   0   0   0   0  0.73 0.00
   51 T    -1  -2  -1  -2  -1  -1  -2  -2  -2   0   2  -1   1  -1  -2   0   4  -2  -1   0    0   0   0   0   0   0   0   0   0   0  38   0   0   0   0   0  62   0   0   0  0.26 0.00
   52 L    -2  -2  -4  -4  -1  -2  -3  -4  -3   2   4  -3   2   0  -3  -3  -1  -2  -1   1    0   0   0   0   0   0   0   0   0   0 100   0   0   0   0   0   0   0   0   0  0.45 0.00
   53 Y    -2  -2  -2  -3  -3  -2  -2  -3   2  -1  -1  -2  -1   3  -3  -2  -2   2   7  -1    0   0   0   0   0   0   0   0   0   0   0   0   0   0   0   0   0   0 100   0  0.85 0.00
   54 P    -1  -2  -2  -2  -3  -1  -1  -2  -2  -3  -3  -1  -3  -4   8  -1  -1  -4  -3  -3    0   0   0   0   0   0   0   0   0   0   0   0   0   0 100   0   0   0   0   0  2.04 0.00
   55 Y    -2  -2  -2  -3  -3  -2  -2  -3   2  -1  -1  -2  -1   3  -3  -2  -2   2   7  -1    0   0   0   0   0   0   0   0   0   0   0   0   0   0   0   0   0   0 100   0  0.85 0.00
   56 D    -1  -1   1   5  -4   1   4  -2  -1  -3  -4   0  -3  -4  -1   0  -1  -4  -3  -3    0   0   0  62   0   0  38   0   0   0   0   0   0   0   0   0   0   0   0   0  0.72 0.00
   57 T     0  -1   0  -1  -1  -1  -1  -2  -2  -1  -1  -1  -1  -2  -1   1   5  -3  -2   0    0   0   0   0   0   0   0   0   0   0   0   0   0   0   0   0 100   0   0   0  0.47 0.00
   58 N    -2   0   6   1  -3   0   0   0   1  -3  -4   0  -2  -3  -2   1   0  -4  -2  -3    0   0 100   0   0   0   0   0   0   0   0   0   0   0   0   0   0   0   0   0  0.72 0.00
   59 Y    -2  -2  -2  -3  -3  -2  -2  -3   2  -1  -1  -2  -1   3  -3  -2  -2   2   7  -1    0   0   0   0   0   0   0   0   0   0   0   0   0   0   0   0   0   0 100   0  0.85 0.00
   60 L    -2  -3  -4  -4  -1  -2  -3  -4  -3   3   4  -3   2   0  -3  -3  -1  -2  -1   2    0   0   0   0   0   0   0   0   0  31  69   0   0   0   0   0   0   0   0   0  0.38 0.00
   61 I    -1  -3  -3  -4  -1  -3  -3  -4  -3   4   3  -3   2   0  -3  -3  -1  -2  -1   2    0   0   0   0   0   0   0   0   0  62  38   0   0   0   0   0   0   0   0   0  0.36 0.00
   62 Y    -2  -2  -2  -3  -3  -2  -2  -3   2  -1  -1  -2  -1   3  -3  -2  -2   2   7  -1    0   0   0   0   0   0   0   0   0   0   0   0   0   0   0   0   0   0 100   0  0.85 0.00
   63 T     0  -1   0  -1  -1  -1  -1  -2  -2  -1  -1  -1  -1  -2  -1   1   5  -3  -2   0    0   0   0   0   0   0   0   0   0   0   0   0   0   0   0   0 100   0   0   0  0.47 0.00
   64 Q    -1   0  -1  -1  -3   4   1  -2   1  -2  -2   0  -1   1  -2  -1  -1   0   4  -2    0   0   0   0   0  62   0   0   0   0   0   0   0   0   0   0   0   0  38   0  0.45 0.00
   65 T     0  -1   0  -1  -1  -1  -1  -2  -2  -1  -1  -1  -1  -2  -1   1   5  -3  -2   0    0   0   0   0   0   0   0   0   0   0   0   0   0   0   0   0 100   0   0   0  0.47 0.00
   66 S     0  -1   4   0  -2   0   0   0   0  -3  -3   0  -2  -3  -1   3   1  -3  -2  -2    0   0  38   0   0   0   0   0   0   0   0   0   0   0   0  62   0   0   0   0  0.42 0.00
   67 D    -1  -1   1   5  -4   1   4  -2  -1  -3  -4   0  -3  -4  -1   0  -1  -4  -3  -3    0   0   0  62   0   0  38   0   0   0   0   0   0   0   0   0   0   0   0   0  0.72 0.00
   68 L    -2  -3  -4  -4  -1  -3  -3  -4  -3   3   3  -3   2   0  -3  -3  -1  -2  -1   2    0   0   0   0   0   0   0   0   0  38  62   0   0   0   0   0   0   0   0   0  0.38 0.00
   69 N    -2   0   6   1  -3   0   0   0   1  -3  -4   0  -2  -3  -2   1   0  -4  -2  -3    0   0 100   0   0   0   0   0   0   0   0   0   0   0   0   0   0   0   0   0  0.72 0.00
   70 K    -1   2   0  -1  -3   1   1  -2  -1  -3  -3   5  -1  -3  -1   0  -1  -3  -2  -2    0   0   0   0   0   0   0   0   0   0   0 100   0   0   0   0   0   0   0   0  0.51 0.00
   71 E    -1   0   0   1  -4   4   4  -2   0  -3  -3   1  -1  -3  -1   0  -1  -3  -2  -3    0   0   0   0   0  38  62   0   0   0   0   0   0   0   0   0   0   0   0   0  0.62 0.00
   72 A     4  -2  -2  -2   0  -1  -1   0  -2  -1  -2  -1  -1  -2  -1   1   0  -3  -2   0  100   0   0   0   0   0   0   0   0   0   0   0   0   0   0   0   0   0   0   0  0.40 0.00
   73 I    -1  -3  -3  -3  -1  -3  -3  -4  -3   4   2  -3   1   0  -3  -3  -1  -3  -1   3    0   0   0   0   0   0   0   0   0 100   0   0   0   0   0   0   0   0   0   0  0.39 0.00
   74 A     3  -1  -1  -1  -1  -1  -1   0  -1  -2  -2  -1  -1  -2  -1   3   1  -3  -2  -1   62   0   0   0   0   0   0   0   0   0   0   0   0   0   0  38   0   0   0   0  0.35 0.00
   75 S     1  -1   1   0  -1   0   0   0  -1  -3  -3   0  -2  -3  -1   4   1  -3  -2  -2    0   0   0   0   0   0   0   0   0   0   0   0   0   0   0 100   0   0   0   0  0.45 0.00
   76 Y    -2  -2  -2  -3  -3  -2  -2  -3   2  -1  -1  -2  -1   3  -3  -2  -2   2   7  -1    0   0   0   0   0   0   0   0   0   0   0   0   0   0   0   0   0   0 100   0  0.85 0.00
   77 D    -2  -2   1   6  -4   0   2  -1  -1  -3  -4  -1  -3  -4  -2   0  -1  -5  -3  -3    0   0   0 100   0   0   0   0   0   0   0   0   0   0   0   0   0   0   0   0  0.93 0.00
   78 W    -3  -3  -4  -5  -2  -2  -3  -3  -3  -3  -2  -3  -2   1  -4  -3  -3  11   2  -3    0   0   0   0   0   0   0   0   0   0   0   0   0   0   0   0   0 100   0   0  2.30 0.00
   79 A     4  -2  -2  -2   0  -1  -1   0  -2  -1  -2  -1  -1  -2  -1   1   0  -3  -2   0  100   0   0   0   0   0   0   0   0   0   0   0   0   0   0   0   0   0   0   0  0.40 0.00
   80 E    -1   0   0   2  -4   2   5  -2   0  -3  -3   1  -2  -3  -1   0  -1  -3  -2  -3    0   0   0   0   0   0 100   0   0   0   0   0   0   0   0   0   0   0   0   0  0.73 0.00
   81 N    -1   0   5   1  -3   3   1  -1   1  -3  -3   0  -1  -3  -2   0   0  -3  -2  -3    0   0  62   0   0  38   0   0   0   0   0   0   0   0   0   0   0   0   0   0  0.53 0.00
   82 A     4  -2  -2  -2   0  -1  -1   0  -2  -1  -2  -1  -1  -2  -1   1   0  -3  -2   0  100   0   0   0   0   0   0   0   0   0   0   0   0   0   0   0   0   0   0   0  0.40 0.00
   83 R    -2   5   4   0  -3   1   0  -2   0  -3  -3   2  -2  -3  -2   0  -1  -3  -2  -3    0  62  38   0   0   0   0   0   0   0   0   0   0   0   0   0   0   0   0   0  0.53 0.00
   84 K    -1   2   0  -1  -3   1   1  -2  -1  -3  -3   5  -1  -3  -1   0  -1  -3  -2  -2    0   0   0   0   0   0   0   0   0   0   0 100   0   0   0   0   0   0   0   0  0.51 0.00
   85 D    -2  -2   1   6  -4   0   2  -1  -1  -3  -4  -1  -3  -4  -2   0  -1  -5  -3  -3    0   0   0 100   0   0   0   0   0   0   0   0   0   0   0   0   0   0   0   0  0.93 0.00
   86 E    -1   0   0   2  -4   2   5  -2   0  -3  -3   1  -2  -3  -1   0  -1  -3  -2  -3    0   0   0   0   0   0 100   0   0   0   0   0   0   0   0   0   0   0   0   0  0.73 0.00
   87 V     0  -3  -3  -3  -1  -2  -3  -3  -3   3   1  -2   1  -1  -3  -2   0  -3  -1   4    0   0   0   0   0   0   0   0   0   0   0   0   0   0   0   0   0   0   0 100  0.34 0.00
   88 K    -1   2   0  -1  -3   1   1  -2  -1  -3  -3   5  -1  -3  -1   0  -1  -3  -2  -2    0   0   0   0   0   0   0   0   0   0   0 100   0   0   0   0   0   0   0   0  0.51 0.00
   89 F    -2  -3  -3  -4  -3  -3  -3  -3  -1   0   0  -3   0   6  -4  -3  -2   1   3  -1    0   0   0   0   0   0   0   0   0   0   0   0   0 100   0   0   0   0   0   0  0.73 0.00
   90 Q    -1   1   0   0  -3   6   2  -2   0  -3  -2   1   0  -3  -1   0  -1  -2  -2  -2    0   0   0   0   0 100   0   0   0   0   0   0   0   0   0   0   0   0   0   0  0.65 0.00
   91 L    -2  -2  -4  -4  -1  -2  -3  -4  -3   2   4  -3   2   0  -3  -3  -1  -2  -1   1    0   0   0   0   0   0   0   0   0   0 100   0   0   0   0   0   0   0   0   0  0.45 0.00
   92 S     1  -1   1   0  -1   0   0   0  -1  -3  -3   0  -2  -3  -1   4   1  -3  -2  -2    0   0   0   0   0   0   0   0   0   0   0   0   0   0   0 100   0   0   0   0  0.45 0.00
   93 L    -2  -2  -4  -4  -1  -2  -3  -4  -3   2   4  -3   2   0  -3  -3  -1  -2  -1   1    0   0   0   0   0   0   0   0   0   0 100   0   0   0   0   0   0   0   0   0  0.45 0.00
   94 A     4  -2  -2  -2   0  -1  -1   0  -2  -1  -2  -1  -1  -2  -1   1   0  -3  -2   0  100   0   0   0   0   0   0   0   0   0   0   0   0   0   0   0   0   0   0   0  0.40 0.00
   95 F    -2  -3  -3  -4  -3  -3  -3  -3  -1   0   0  -3   0   6  -4  -3  -2   1   3  -1    0   0   0   0   0   0   0   0   0   0   0   0   0 100   0   0   0   0   0   0  0.73 0.00
   96 P    -1  -2  -2  -2  -3  -1  -1  -2  -2  -3  -3  -1  -3  -4   8  -1  -1  -4  -3  -3    0   0   0   0   0   0   0   0   0   0   0   0   0   0 100   0   0   0   0   0  2.04 0.00
   97 L    -2  -3  -4  -4  -1  -3  -3  -4  -3   3   3  -3   2   0  -3  -3  -1  -2  -1   2    0   0   0   0   0   0   0   0   0  38  62   0   0   0   0   0   0   0   0   0  0.38 0.00
   98 W    -3  -3  -4  -5  -2  -2  -3  -3  -3  -3  -2  -3  -2   1  -4  -3  -3  11   2  -3    0   0   0   0   0   0   0   0   0   0   0   0   0   0   0   0   0 100   0   0  2.30 0.00
   99 R    -2   6   0  -2  -4   1   0  -2   0  -3  -2   2  -1  -3  -2  -1  -1  -3  -2  -3    0 100   0   0   0   0   0   0   0   0   0   0   0   0   0   0   0   0   0   0  0.74 0.00
  100 G     0  -2   0  -1  -3  -2  -2   6  -2  -4  -4  -2  -3  -3  -2   0  -2  -3  -3  -3    0   0   0   0   0   0   0 100   0   0   0   0   0   0   0   0   0   0   0   0  1.04 0.00
  101 I    -1  -3  -3  -3  -1  -3  -3  -4  -3   4   2  -3   1   0  -3  -3  -1  -3  -1   3    0   0   0   0   0   0   0   0   0 100   0   0   0   0   0   0   0   0   0   0  0.39 0.00
  102 L     2  -2  -3  -3  -1  -2  -2  -2  -2   1   3  -2   1   0  -2  -1  -1  -2  -1   0   38   0   0   0   0   0   0   0   0   0  62   0   0   0   0   0   0   0   0   0  0.22 0.00
  103 G     0  -2   0  -1  -3  -2  -2   6  -2  -4  -4  -2  -3  -3  -2   0  -2  -3  -3  -3    0   0   0   0   0   0   0 100   0   0   0   0   0   0   0   0   0   0   0   0  1.04 0.00
  104 P    -1  -2   0   4  -3  -1   0  -2  -2  -3  -3  -1  -3  -4   6  -1  -1  -4  -3  -3    0   0   0  38   0   0   0   0   0   0   0   0   0   0  62   0   0   0   0   0  1.23 0.00
  105 N    -2   0   6   1  -3   0   0   0   1  -3  -4   0  -2  -3  -2   1   0  -4  -2  -3    0   0 100   0   0   0   0   0   0   0   0   0   0   0   0   0   0   0   0   0  0.72 0.00
  106 S     1  -1   1   0  -1   0   0   0  -1  -3  -3   0  -2  -3  -1   4   1  -3  -2  -2    0   0   0   0   0   0   0   0   0   0   0   0   0   0   0 100   0   0   0   0  0.45 0.00
  107 V    -1  -3  -3  -4  -1  -2  -3  -4  -3   2   2  -2   1   0  -3  -2   0  -2  -1   3    0   0   0   0   0   0   0   0   0   0  38   0   0   0   0   0   0   0   0  62  0.31 0.00
  108 L    -2  -2  -4  -4  -1  -2  -3  -4  -3   2   4  -3   2   0  -3  -3  -1  -2  -1   1    0   0   0   0   0   0   0   0   0   0 100   0   0   0   0   0   0   0   0   0  0.45 0.00
  109 G     0  -2   0  -1  -3  -2  -2   6  -2  -4  -4  -2  -3  -3  -2   0  -2  -3  -3  -3    0   0   0   0   0   0   0 100   0   0   0   0   0   0   0   0   0   0   0   0  1.04 0.00
  110 A     4  -2  -2  -2   0  -1  -1   0  -2  -1  -2  -1  -1  -2  -1   1   0  -3  -2   0  100   0   0   0   0   0   0   0   0   0   0   0   0   0   0   0   0   0   0   0  0.40 0.00
  111 S     3  -1   0  -1  -1   0  -1   0  -1  -2  -2  -1  -1  -2  -1   3   1  -3  -2  -1   47   0   0   0   0   0   0   0   0   0   0   0   0   0   0  53   0   0   0   0  0.37 0.01
  112 Y    -2  -2  -2  -3  -3  -2  -2  -3   2  -2  -1  -2  -1   3  -3  -2  -2   2   7  -1    0   0   0   0   0   0   0   0   0   0   0   0   0   0   0   0   0   0 100   0  0.93 0.02
  113 T     0  -1   0  -1  -1  -1  -1  -2  -2  -1  -1  -1  -1  -2  -1   1   5  -3  -2   0    0   0   0   0   0   0   0   0   0   0   0   0   0   0   0   0 100   0   0   0  0.51 0.02
  114 Q    -1   1   0   0  -3   6   2  -2   0  -3  -2   1  -1  -3  -1   0  -1  -2  -2  -2    0   0   0   0   0 100   0   0   0   0   0   0   0   0   0   0   0   0   0   0  0.71 0.02
  115 K    -1   3   0  -1  -2   0   0  -2  -1  -2  -2   3  -1  -3  -1   1   3  -3  -2  -1    0  20   0   0   0   0   0   0   0   0   0  33   0   0   0   0  47   0   0   0  0.33 0.01
  116 S     1  -1   1   0  -1   0   0   0  -1  -3  -3   0  -2  -3  -1   4   1  -3  -2  -2    0   0   0   0   0   0   0   0   0   0   0   0   0   0   0 100   0   0   0   0  0.49 0.01
  117 W    -2  -3  -4  -4  -2  -3  -3  -3  -3   3   0  -3   0   0  -3  -3  -2   9   1   1    0   0   0   0   0   0   0   0   0  47   0   0   0   0   0   0   0  53   0   0  1.08 0.02
  118 W    -3  -3  -4  -5  -3  -2  -3  -3  -3  -3  -2  -3  -2   1  -4  -3  -3  11   2  -3    0   0   0   0   0   0   0   0   0   0   0   0   0   0   0   0   0 100   0   0  2.43 0.03
  119 Q    -1   0   1   4  -3   4   2  -2   0  -3  -3   0  -2  -4  -2   0  -1  -3  -2  -3    0   0   0  47   0  53   0   0   0   0   0   0   0   0   0   0   0   0   0   0  0.60 0.01
  120 L     1  -2  -3  -3  -1  -2  -3  -3  -3   1   4  -2   2   0  -3  -1  -1  -2  -1   1   20   0   0   0   0   0   0   0   0   0  80   0   0   0   0   0   0   0   0   0  0.31 0.01
  121 S     1  -1   1   0  -1   0   0   0  -1  -3  -3   0  -2  -3  -1   4   1  -3  -2  -2    0   0   0   0   0   0   0   0   0   0   0   0   0   0   0 100   0   0   0   0  0.49 0.01
  122 N    -1   0   5   1  -1   0   0   0   0  -2  -2   0  -1  -2  -1   0   0  -2  -1  -1    4   2  55   3   1   2   3   3   1   2   4   3   1   2   2   3   3   1   2   3  0.27 0.00
  123 S     1   0   0   0  -1   0   0   0  -1  -1  -1   0  -1  -1   0   3   1  -1  -1  -1    4   2   2   3   1   2   3   3   1   2   4   3   1   2   2  56   3   1   2   3  0.18 0.00
  124 E     1   0   0   2  -3   3   3  -1   0  -3  -3   0  -2  -3  -1   0  -1  -3  -2  -2   23   0   0  17   0  24  37   0   0   0   0   0   0   0   0   0   0   0   0   0  0.40 0.01
  125 E    -1   0   0   3  -4   2   5  -2   0  -3  -3   0  -2  -4  -1   0  -1  -3  -2  -3    0   0   0  23   0   0  77   0   0   0   0   0   0   0   0   0   0   0   0   0  0.70 0.01
  126 S     1  -1   1   0  -1   0   0   0  -1  -3  -3   0  -2  -3  -1   4   1  -3  -2  -2    0   0   0   0   0   0   0   0   0   0   0   0   0   0   0 100   0   0   0   0  0.49 0.01
  127 S     0   2   0  -1  -1   0  -1  -1  -1   0  -1   0  -1  -2  -2   3   1  -3  -2   1    0  23   0   0   0   0   0   0   0   0   0   0   0   0   0  53   0   0   0  24  0.20 0.01
  128 P    -1  -2  -2  -2  -3  -1  -1  -2  -2  -3  -3  -1  -3  -4   8  -1  -1  -4  -3  -3    0   0   0   0   0   0   0   0   0   0   0   0   0   0 100   0   0   0   0   0  2.08 0.02
  129 F    -2  -3  -3  -4  -3  -3  -3  -3  -1   0   0  -3   0   7  -4  -3  -2   1   3  -1    0   0   0   0   0   0   0   0   0   0   0   0   0 100   0   0   0   0   0   0  0.80 0.02
  130 R    -2   6  -1  -2  -4   1   0  -3   0  -3  -2   2  -2  -3  -2  -1  -1  -3  -2  -3    0 100   0   0   0   0   0   0   0   0   0   0   0   0   0   0   0   0   0   0  0.79 0.02
  131 E    -1  -1   1   5  -4   1   4  -2  -1  -3  -3   0  -3  -4  -1   0  -1  -4  -3  -3    0   0   0  47   0   0  53   0   0   0   0   0   0   0   0   0   0   0   0   0  0.70 0.01
  132 T     0  -1   0  -1  -1  -1  -1  -2  -2  -1  -1  -1  -1  -2  -1   1   5  -3  -2   0    0   0   0   0   0   0   0   0   0   0   0   0   0   0   0   0 100   0   0   0  0.51 0.02
  133 N     0  -1   5   1  -2   0   0  -1   0  -2  -3   0  -2  -3  -2   2   2  -3  -2  -2    0   0  53   0   0   0   0   0   0   0   0   0   0   0   0  24  23   0   0   0  0.43 0.01
  134 Y    -2  -2  -2  -3  -3  -2  -2  -3   2  -2  -1  -2  -1   3  -3  -2  -2   2   7  -1    0   0   0   0   0   0   0   0   0   0   0   0   0   0   0   0   0   0 100   0  0.93 0.02
  135 E     0   0   0   1  -3   2   5  -2   0  -3  -3   1  -2  -3  -1   2   0  -3  -2  -2    0   0   0   0   0   0  77   0   0   0   0   0   0   0   0  23   0   0   0   0  0.57 0.01
  136 P    -1  -2  -2  -2  -3  -1  -1  -2  -2  -3  -3  -1  -3  -4   8  -1  -1  -4  -3  -3    0   0   0   0   0   0   0   0   0   0   0   0   0   0 100   0   0   0   0   0  2.08 0.02
  137 Q    -1   1   0   0  -3   6   2  -2   0  -3  -2   1  -1  -3  -1   0  -1  -2  -2  -2    0   0   0   0   0 100   0   0   0   0   0   0   0   0   0   0   0   0   0   0  0.71 0.02
  138 L    -2  -2  -4  -4  -1  -2  -3  -4  -3   2   4  -3   2   0  -3  -3  -1  -2  -1   1    0   0   0   0   0   0   0   0   0   0 100   0   0   0   0   0   0   0   0   0  0.48 0.01
  139 F    -2  -3  -3  -4  -3  -3  -3  -3  -1   0   0  -3   0   7  -4  -3  -2   1   3  -1    0   0   0   0   0   0   0   0   0   0   0   0   0 100   0   0   0   0   0   0  0.80 0.02
  140 L    -2  -2  -3  -4  -2  -2  -3  -4   0   0   3  -2   1   2  -3  -2  -2   1   5   0    0   0   0   0   0   0   0   0   0   0  53   0   0   0   0   0   0   0  47   0  0.43 0.01
  141 G     1  -2  -1  -2  -2  -2  -2   3   0  -2  -2  -2  -2   1  -2  -1  -1   1   5  -2   20   0   0   0   0   0   0  33   0   0   0   0   0   0   0   0   0   0  47   0  0.42 0.01
  142 F    -2  -3  -3  -4  -2  -3  -3  -3  -2   1   2  -3   1   4  -3  -2  -1   7   2   1    0   0   0   0   0   0   0   0   0   0  24   0   0  33   0   0   0  20   0  23  0.49 0.01
  143 A     2  -1  -1  -1  -2   2   0  -1  -1  -2  -2   0  -1  -3   4   2   0  -3  -2  -1   33   0   0   0   0  24   0   0   0   0   0   0   0   0  23  20   0   0   0   0  0.43 0.01
  144 T     0  -1   0  -1  -1  -1  -1  -2  -2  -1  -1  -1  -1  -2  -1   1   5  -3  -2   0    0   0   0   0   0   0   0   0   0   0   0   0   0   0   0   0 100   0   0   0  0.51 0.02
  145 D    -1  -2   1   4  -3  -1   0   4  -2  -4  -4  -1  -3  -4  -2   0  -1  -4  -3  -3    0   0   0  53   0   0   0  47   0   0   0   0   0   0   0   0   0   0   0   0  0.68 0.01
  146 Y    -2  -2  -3  -4  -3  -2  -3  -3   0  -2  -1  -3  -1   2  -4  -2  -2   9   6  -2    0   0   0   0   0   0   0   0   0   0   0   0   0   0   0   0   0  47  53   0  1.31 0.02
  147 R    -1   3   2   0  -3   1   2  -2   0  -3  -3   3  -2  -3  -1   0  -1  -3  -2  -3    0  16  17   0   0   0  20   0   0   0   0  47   0   0   0   0   0   0   0   0  0.42 0.01
  148 F     0  -2  -1  -2  -2  -1  -1  -2  -1  -1   1  -1   0   4  -2   2   0  -1   1  -1    0   0   0   0   0   0   0   0   0   0  20   0   0  33   0  47   0   0   0   0  0.19 0.01
  149 A     4  -2  -2  -2  -1  -1  -1   0  -2  -2  -2  -1  -1  -3   4   1   0  -3  -2  -1   77   0   0   0   0   0   0   0   0   0   0   0   0   0  23   0   0   0   0   0  0.52 0.01
  150 G    -1  -3  -2  -2  -2  -2  -3   4  -2  -1   1  -2   0   3  -3  -1  -2  -1   0  -1    0   0   0   0   0   0   0  53   0   0  24   0   0  23   0   0   0   0   0   0  0.38 0.01
  151 W    -3  -3  -4  -4  -3  -3  -3  -3  -2  -1  -1  -3  -1   5  -4  -3  -3   9   3  -2    0   0   0   0   0   0   0   0   0   0   0   0   0  47   0   0   0  53   0   0  1.33 0.02
  152 T     0  -1   0  -1  -1  -1  -1  -2  -2  -1  -1  -1  -1  -2  -1   1   5  -3  -2   0    0   0   0   0   0   0   0   0   0   0   0   0   0   0   0   0 100   0   0   0  0.51 0.02
  153 L    -2   4  -2  -3  -3   0  -1  -3  -1   0   2   0   0   2  -3  -2  -1  -1   0  -1    0  47   0   0   0   0   0   0   0   0  33   0   0  20   0   0   0   0   0   0  0.27 0.01
  154 R    -1   4  -1  -2  -3   0  -1  -3  -1   0   0   1   4  -1  -2  -1  -1  -2  -2  -1    0  53   0   0   0   0   0   0   0   0   0   0  47   0   0   0   0   0   0   0  0.34 0.01
  155 D    -1  -2   0   3  -3   0   2   4  -1  -4  -4  -1  -3  -3  -2   0  -1  -3  -3  -3    0   0   0  33   0   0  20  47   0   0   0   0   0   0   0   0   0   0   0   0  0.57 0.01
  156 V    -1  -3  -3  -3  -1  -3  -3  -4  -3   3   1  -3   1   3  -3  -2  -1  -2   0   3    0   0   0   0   0   0   0   0   0  24   0   0   0  23   0   0   0   0   0  53  0.30 0.01
  157 E     3  -1  -1   0  -2   1   4  -1  -1  -2  -2   0  -2  -3  -1   1  -1  -3  -2  -1   47   0   0   0   0   0  53   0   0   0   0   0   0   0   0   0   0   0   0   0  0.38 0.01
  158 M     1  -2  -1  -2  -1  -1  -1  -1  -1   0   0  -1   3   2  -2   1   0  -1   0   0   23   0   0   0   0   0   0   0   0   0   0   0  33  20   0  24   0   0   0   0  0.14 0.01
  159 G     0  -3  -1  -1  -3  -2  -2   6  -2  -4  -4  -2  -3  -3  -2   0  -2  -3  -3  -3    0   0   0   0   0   0   0 100   0   0   0   0   0   0   0   0   0   0   0   0  1.07 0.01
  160 Y    -1  -3  -3  -3  -2  -2  -3  -3   0   2   0  -3   0   3  -3  -2  -1   0   4   2    0   0   0   0   0   0   0   0   0  24   0   0   0  20   0   0   0   0  33  23  0.35 0.01
  161 N     1  -1   4   0  -2  -1  -1   3   0  -3  -3  -1  -2  -3  -2   1   0  -3  -2  -2   23   0  53   0   0   0   0  24   0   0   0   0   0   0   0   0   0   0   0   0  0.43 0.01
  162 H    -2   0   1  -1  -3   0   0  -2   8  -4  -3  -1  -2  -1  -2  -1  -2  -3   2  -3    0   0   0   0   0   0   0   0 100   0   0   0   0   0   0   0   0   0   0   0  0.95 0.02
  163 D    -1   0   0   4  -4   3   4  -2   0  -3  -3   0  -2  -4  -1   0  -1  -3  -2  -3    0   0   0  33   0  20  47   0   0   0   0   0   0   0   0   0   0   0   0   0  0.61 0.01
  164 S     1  -1   1   0  -1   0   0   0  -1  -3  -3   0  -2  -3  -1   4   1  -3  -2  -2    0   0   0   0   0   0   0   0   0   0   0   0   0   0   0 100   0   0   0   0  0.49 0.01
  165 N    -2  -1   6   1  -3   0   0  -1   1  -4  -4   0  -2  -3  -2   1   0  -4  -2  -3    0   0 100   0   0   0   0   0   0   0   0   0   0   0   0   0   0   0   0   0  0.78 0.02
  166 G     0  -3  -1  -1  -3  -2  -2   6  -2  -4  -4  -2  -3  -3  -2   0  -2  -3  -3  -3    0   0   0   0   0   0   0 100   0   0   0   0   0   0   0   0   0   0   0   0  1.07 0.01
  167 R    -1   4   0  -1  -3   1   0  -2  -1  -3  -3   4  -2  -3  -1   0  -1  -3  -2  -3    0  33   0   0   0   0   0   0   0   0   0  67   0   0   0   0   0   0   0   0  0.54 0.01
  168 S     4  -1  -1  -1  -1  -1  -1   0  -1  -2  -2  -1  -1  -2  -1   3   0  -3  -2  -1   67   0   0   0   0   0   0   0   0   0   0   0   0   0   0  33   0   0   0   0  0.36 0.01
  169 D    -1  -2   1   4  -3  -1   0   4  -2  -4  -4  -1  -3  -4  -2   0  -1  -4  -3  -3    0   0   0  53   0   0   0  47   0   0   0   0   0   0   0   0   0   0   0   0  0.68 0.01
  170 P     1  -2  -1   2  -2  -1   0  -1  -2  -3  -3  -1  -2  -3   6   0  -1  -4  -3  -2   23   0   0  24   0   0   0   0   0   0   0   0   0   0  53   0   0   0   0   0  0.95 0.01
  171 T     1  -1   0   2  -1  -1   0  -1  -2  -1  -2  -1  -1  -3  -1   1   3  -3  -2  -1   24   0   0  23   0   0   0   0   0   0   0   0   0   0   0   0  53   0   0   0  0.31 0.01
  172 S     1  -1   1   0  -1   0   0   0  -1  -3  -3   0  -2  -3  -1   4   1  -3  -2  -2    0   0   0   0   0   0   0   0   0   0   0   0   0   0   0 100   0   0   0   0  0.49 0.01
  173 R    -2   6  -1  -2  -4   1   0  -3   0  -3  -2   2  -2  -3  -2  -1  -1  -3  -2  -3    0 100   0   0   0   0   0   0   0   0   0   0   0   0   0   0   0   0   0   0  0.79 0.02
  174 S     2  -1   0  -1  -1   0   0   0  -1  -2  -2   0  -1  -3  -1   4   1  -3  -2  -1   24   0   0   0   0   0   0   0   0   0   0   0   0   0   0  76   0   0   0   0  0.40 0.01
  175 W    -2  -3  -4  -4  -2  -3  -3  -3  -3   3   0  -3   0   0  -3  -3  -2   9   1   1    0   0   0   0   0   0   0   0   0  47   0   0   0   0   0   0   0  53   0   0  1.08 0.02
  176 N    -2  -1   6   1  -3   0   0  -1   1  -4  -4   0  -2  -3  -2   1   0  -4  -2  -3    0   0 100   0   0   0   0   0   0   0   0   0   0   0   0   0   0   0   0   0  0.78 0.02
  177 R    -1   4  -1  -2  -2   0  -1  -2  -1  -1   0   1   2  -2  -2   0   2  -2  -2  -1    0  53   0   0   0   0   0   0   0   0   0   0  23   0   0   0  24   0   0   0  0.31 0.01
  178 L    -1  -2  -3  -3  -1  -2  -2  -3  -3   2   2  -2   1  -1   4  -2  -1  -3  -2   2    0   0   0   0   0   0   0   0   0   0  33   0   0   0  23   0   0   0   0  44  0.38 0.01
  179 Y    -2  -2  -3  -4  -3  -2  -3  -3   1  -1   0  -3  -1   5  -4  -2  -2   2   6  -1    0   0   0   0   0   0   0   0   0   0   0   0   0  47   0   0   0   0  53   0  0.73 0.01
  180 T     0  -2  -1  -2  -1  -2  -2  -2  -2   2   0  -2   0  -1  -2   0   3  -3  -2   2    0   0   0   0   0   0   0   0   0  23   0   0   0   0   0   0  53   0   0  24  0.25 0.01
  181 R    -2   6  -1  -2  -4   1   0  -3   0  -3  -2   2  -2  -3  -2  -1  -1  -3  -2  -3    0 100   0   0   0   0   0   0   0   0   0   0   0   0   0   0   0   0   0   0  0.79 0.02
  182 L    -1  -2  -3  -3  -2  -2  -2  -3  -3   1   2  -2   0  -1   6  -2  -1  -3  -2   1    0   0   0   0   0   0   0   0   0   0  33   0   0   0  47   0   0   0   0  20  0.72 0.01
  183 M    -1  -1  -1  -2  -1  -1  -2  -2  -2   0   1  -1   4  -1  -2   0   3  -2  -1   0    0   0   0   0   0   0   0   0   0   0   0   0  53   0   0   0  47   0   0   0  0.27 0.01
  184 A     3  -2  -3  -3  -1  -1  -2  -1  -2  -2  -2  -2  -1   0  -2   0  -1   9   1  -1   53   0   0   0   0   0   0   0   0   0   0   0   0   0   0   0   0  47   0   0  0.93 0.01
  185 E    -1   0   0   3  -4   3   4  -2   0  -3  -3   1  -2  -4  -1   0  -1  -3  -2  -3    0   0   0  24   0  20  56   0   0   0   0   0   0   0   0   0   0   0   0   0  0.61 0.01
  186 N    -2   2   5   0  -3   0  -1  -1   0  -2  -2   0  -1   2  -3   0  -1  -2   0  -2    0  20  57   0   0   0   0   0   0   0   0   0   0  23   0   0   0   0   0   0  0.36 0.01
  187 G     0  -2   0  -1  -2  -1  -2   5  -2  -4  -4  -1  -3  -3  -2   2  -1  -3  -3  -3    0   0   0   0   0   0   0  76   0   0   0   0   0   0   0  24   0   0   0   0  0.76 0.01
  188 N    -2  -1   6   3  -3   0   0  -1   0  -3  -4   0  -3  -3  -2   0   0  -4  -3  -3    0   0  77  23   0   0   0   0   0   0   0   0   0   0   0   0   0   0   0   0  0.68 0.01
  189 W    -2  -2  -2  -3  -2  -1  -2  -3   4   0   2  -2   1   0  -3  -2  -2   8   1  -1    0   0   0   0   0   0   0   0  24   0  43   0   0   0   0   0   0  33   0   0  0.65 0.01
  190 L    -1  -2  -2  -1  -2  -1   1  -3  -2   1   3  -1   1  -1  -2  -1   2  -2  -1   0    0   0   0   0   0   0  20   0   0   0  57   0   0   0   0   0  23   0   0   0  0.19 0.01
  191 V     0  -2  -2  -3  -1  -2  -2  -3  -3   3   1  -2   1  -1  -2  -1   2  -3  -1   3    0   0   0   0   0   0   0   0   0  20   0   0   0   0   0   0  24   0   0  56  0.26 0.01
  192 E    -1  -1   0   3  -2   0   3  -2  -1   1  -1   0  -1  -2  -2   1   0  -3  -2   0    0   0   0  20   0   0  33   0   0  24   0   0   0   0   0  23   0   0   0   0  0.23 0.01
  193 V     0  -2  -2  -2  -1  -1  -2  -2  -2   1   1  -1   0  -1   4   1   0  -3  -2   2    0   0   0   0   0   0   0   0   0   0  20   0   0   0  23  24   0   0   0  33  0.29 0.00
  194 K    -1   2  -1  -1  -3   1   0  -2  -1  -3  -3   4  -2  -3   4   0  -1  -3  -2  -2    0   0   0   0   0   0   0   0   0   0   0  76   0   0  24   0   0   0   0   0  0.60 0.01
  195 P    -1  -1  -2  -2  -3  -1  -1  -2  -2   1  -1   2  -1  -2   6  -1  -1  -3  -2   0    0   0   0   0   0   0   0   0   0  23   0  24   0   0  53   0   0   0   0   0  0.82 0.01
  196 W    -2  -3  -3  -4  -3  -2  -3  -3  -1  -2  -1  -3  -1   4  -4  -3  -2   9   4  -2    0   0   0   0   0   0   0   0   0   0   0   0   0  24   0   0   0  53  23   0  1.32 0.02
  197 Y    -2  -2  -2  -3  -3  -2  -2  -3   2  -2  -1  -2  -1   3  -3  -2  -2   2   7  -1    0   0   0   0   0   0   0   0   0   0   0   0   0   0   0   0   0   0 100   0  0.93 0.02
  198 V    -1   2  -2  -3  -2  -1  -2  -3   0   0  -1  -1   0   1  -3  -2  -1   0   5   2    0  20   0   0   0   0   0   0   0   0   0   0   0   0   0   0   0   0  47  33  0.31 0.01
  199 V    -1  -3  -3  -3  -1  -2  -3  -3  -1   3   1  -2   0   1  -3  -2  -1  -1   3   3    0   0   0   0   0   0   0   0   0  20   0   0   0   0   0   0   0   0  24  56  0.29 0.01
  200 G     0  -2  -1  -2  -2  -2  -2   4  -2  -1   0  -2  -1  -2   3  -1  -2  -3  -3  -2    0   0   0   0   0   0   0  56   0   0  24   0   0   0  20   0   0   0   0   0  0.54 0.01
  201 N     0   0   3   1  -2   1   2  -1   0  -2  -2   0  -1  -2  -1   2   0  -2  -2  -2    2   1  34   1   0   1  21   2   1   1   2   1   1   1   1  25   1   0   1   1  0.28 0.00
  202 T     0   0   0  -1  -1   0   0  -1  -1  -2  -2   2  -1  -3  -1   2   4  -3  -2  -1    0   0   0   0   0   0   0   0   0   0   0  24   0   0   0  20  56   0   0   0  0.33 0.01
  203 D     0  -1   1   5  -2   0   1  -1  -1  -3  -3  -1  -2  -3  -1   3   0  -4  -3  -3    0   0   0  53   0   0   0   0   0   0   0   0   0   0   0  47   0   0   0   0  0.53 0.01
  204 D     0  -2   1   5  -3  -1   1   2  -1  -3  -4  -1  -3  -3  -2   1   0  -4  -3  -3    0   0   0  53   0   0   0  24   0   0   0   0   0   0   0  23   0   0   0   0  0.52 0.01
  205 N    -2  -1   6   1  -3   0   0  -1   1  -4  -4   0  -2  -3  -2   1   0  -4  -2  -3    0   0 100   0   0   0   0   0   0   0   0   0   0   0   0   0   0   0   0   0  0.78 0.02
  206 P    -1  -2  -2  -1  -3   0   2  -2  -2  -3  -3  -1  -3  -4   7  -1  -1  -4  -3  -3    0   0   0   0   0   0  24   0   0   0   0   0   0   0  76   0   0   0   0   0  1.48 0.01
  207 D    -2  -1   3   6  -4   0   1  -1  -1  -3  -4  -1  -3  -4  -2   0  -1  -4  -3  -3    0   0  24  76   0   0   0   0   0   0   0   0   0   0   0   0   0   0   0   0  0.79 0.01
  208 I    -1  -3  -4  -3  -1  -3  -3  -4  -4   5   2  -3   1   0  -3  -3  -1  -3  -1   3    0   0   0   0   0   0   0   0   0 100   0   0   0   0   0   0   0   0   0   0  0.43 0.01
  209 T     1  -1   0  -1  -1   2   0  -1  -1  -1  -2   0  -1  -3  -1   1   3  -3  -2  -1   23   0   0   0   0  24   0   0   0   0   0   0   0   0   0   0  53   0   0   0  0.30 0.01
  210 K    -1   1   1   4  -3   1   1  -2  -1  -3  -3   3  -2  -4  -1   0  -1  -4  -3  -3    0   0   0  47   0   0   0   0   0   0   0  53   0   0   0   0   0   0   0   0  0.51 0.01
  211 Y    -2  -2  -2  -3  -3  -2  -2  -3   2  -2  -1  -2  -1   3  -3  -2  -2   2   7  -1    0   0   0   0   0   0   0   0   0   0   0   0   0   0   0   0   0   0 100   0  0.93 0.02
  212 M    -1   4  -1  -3  -2   0  -1  -3  -1   0   1   1   4  -1  -3  -1  -1  -2  -1   0    0  47   0   0   0   0   0   0   0   0   0   0  53   0   0   0   0   0   0   0  0.32 0.01
  213 G     0  -3  -1  -1  -3  -2  -2   6  -2  -4  -4  -2  -3  -3  -2   0  -2  -3  -3  -3    0   0   0   0   0   0   0 100   0   0   0   0   0   0   0   0   0   0   0   0  1.07 0.01
  214 Y    -2  -2  -2  -3  -3  -2  -2  -3   2  -2  -1  -2  -1   3  -3  -2  -2   2   7  -1    0   0   0   0   0   0   0   0   0   0   0   0   0   0   0   0   0   0 100   0  0.93 0.02
  215 Y    -1  -2  -3  -3  -2  -2  -2  -3   0   1   0  -2   0   2  -3  -2  -1   1   5   2    0   0   0   0   0   0   0   0   0   0   0   0   0   0   0   0   0   0  53  47  0.41 0.01
  216 Q    -1   2   1   4  -4   3   1  -2   0  -3  -3   1  -2  -3  -2   0  -1  -3  -2  -3    0  20   0  47   0  33   0   0   0   0   0   0   0   0   0   0   0   0   0   0  0.53 0.01
  217 L    -2  -2  -4  -4  -1  -2  -3  -4  -3   2   4  -3   2   0  -3  -3  -1  -2  -1   1    0   0   0   0   0   0   0   0   0   0 100   0   0   0   0   0   0   0   0   0  0.48 0.01
  218 K    -1   1  -1  -2  -2   0   0  -3  -2   0   2   3   1  -1  -2  -1  -1  -2  -2  -1    0   0   0   0   0   0   0   0   0   0  47  53   0   0   0   0   0   0   0   0  0.21 0.01
  219 I    -1  -3  -3  -3  -1  -3  -3  -4  -3   3   1  -3   1  -1  -3  -2   0  -3  -1   4    0   0   0   0   0   0   0   0   0  33   0   0   0   0   0   0   0   0   0  67  0.36 0.01
  220 G     0   1   0  -1  -3   0   0   4  -1  -3  -3   3  -2  -3  -2   0  -1  -3  -3  -3    0   0   0   0   0   0   0  53   0   0   0  47   0   0   0   0   0   0   0   0  0.52 0.01
  221 Y    -2  -2  -2  -3  -3  -2  -2  -3   2  -2  -1  -2  -1   3  -3  -2  -2   2   7  -1    0   0   0   0   0   0   0   0   0   0   0   0   0   0   0   0   0   0 100   0  0.93 0.02
  222 H     1  -1   0  -1  -2  -1  -1   4   5  -3  -3  -1  -2  -2  -2   0  -1  -3   0  -2   20   0   0   0   0   0   0  47  33   0   0   0   0   0   0   0   0   0   0   0  0.49 0.01
  223 L     0  -2  -1  -2  -1  -1  -1  -2  -2   0   3  -1   1  -1  -2   2   0  -2  -1   0    0   0   0   0   0   0   0   0   0   0  53   0   0   0   0  47   0   0   0   0  0.19 0.01
  224 G     0  -2  -1  -2  -3  -2  -2   4  -2  -4  -4  -1  -3  -4   6  -1  -1  -3  -3  -3    0   0   0   0   0   0   0  53   0   0   0   0   0   0  47   0   0   0   0   0  1.07 0.01
  225 D    -2  -2   1   6  -4   0   2  -1  -1  -3  -4  -1  -3  -4  -2   0  -1  -5  -3  -3    0   0   0 100   0   0   0   0   0   0   0   0   0   0   0   0   0   0   0   0  0.97 0.02
  226 A     4  -1  -1  -2  -1  -1  -1   0  -2  -2  -2  -1  -1  -2  -1   2   0  -3  -2  -1   80   0   0   0   0   0   0   0   0   0   0   0   0   0   0  20   0   0   0   0  0.38 0.01
  227 V     0  -2  -1  -2  -1  -2  -2  -3  -3   1   0  -2   0  -2  -2   0   3  -3  -2   3    0   0   0   0   0   0   0   0   0   0   0   0   0   0   0   0  47   0   0  53  0.26 0.01
  228 L    -1  -2  -1  -2  -1  -2  -2  -3  -2   0   2  -2   1   3  -2   0   3  -1   0   0    0   0   0   0   0   0   0   0   0   0  33   0   0  20   0   0  47   0   0   0  0.22 0.01
  229 S     0  -1  -1  -2  -1  -1  -1  -2  -2   0   2  -1   1  -1  -2   3   0  -2  -2   0    0   0   0   0   0   0   0   0   0   0  47   0   0   0   0  53   0   0   0   0  0.19 0.01
  230 A     2   4  -1  -2  -2   0  -1  -2  -1  -1   1   1   0  -2  -2   0  -1  -3  -2  -1   33  47   0   0   0   0   0   0   0   0  20   0   0   0   0   0   0   0   0   0  0.24 0.01
  231 K    -1   2   0   2  -3   1   1  -2  -1  -3  -3   4  -2  -3  -1   0  -1  -3  -2  -3    0   0   0  20   0   0   0   0   0   0   0  80   0   0   0   0   0   0   0   0  0.47 0.01
  232 G     0  -3  -1  -1  -3  -2  -2   6  -2  -4  -4  -2  -3  -3  -2   0  -2  -3  -3  -3    0   0   0   0   0   0   0 100   0   0   0   0   0   0   0   0   0   0   0   0  1.07 0.01
  233 Q    -1   2   0  -1  -2   3   0  -2  -1  -2  -2   1  -1  -3  -1   1   3  -3  -2  -1    0  20   0   0   0  33   0   0   0   0   0   0   0   0   0   0  47   0   0   0  0.35 0.01
  234 Y    -1   0  -2  -3  -2  -1  -1  -3   1   0  -1   1  -1   2  -2  -1  -1   1   5   1    0   0   0   0   0   0   0   0   0   0   0  23   0   0   0   0   0   0  53  24  0.33 0.01
  235 N    -1  -1   5   0  -3   0  -1   2   4  -4  -4  -1  -2  -3  -2   0  -1  -3  -1  -3    0   0  53   0   0   0   0  24  23   0   0   0   0   0   0   0   0   0   0   0  0.50 0.01
  236 W    -3  -3  -4  -5  -3  -2  -3  -3  -3  -3  -2  -3  -2   1  -4  -3  -3  11   2  -3    0   0   0   0   0   0   0   0   0   0   0   0   0   0   0   0   0 100   0   0  2.43 0.03
  237 N    -1   3   4   1  -2   0   0  -1   0  -2  -2   1  -1  -2  -1   0   0  -2  -2  -2    2  25  54   1   0   1   1   2   1   1   2   1   1   1   1   2   1   0   1   1  0.36 0.01
  238 T     0  -1   0  -1  -1   0   0  -1  -1  -1  -1   0   0  -1   0   1   4  -1  -1   0    4   2   2   3   1   2   3   3   1   2   4   3   1   2   2   3  56   1   2   3  0.18 0.00
  239 G     0  -1   0  -1  -1  -1  -1   4  -1  -2  -2  -1  -1  -2  -1   0  -1  -1  -1  -1    4   2   2   3   1   2   3  57   1   2   4   3   1   2   2   3   3   1   2   3  0.37 0.00
  240 Y    -1  -1  -2  -2  -2  -1  -1  -2   1  -1  -1  -1  -1   3  -2  -1  -1   2   6  -1    2   1   1   1   0   1   1   2   1   1   2   1   1   1   1   2   1   0  77   2  0.57 0.01
  241 G     0  -3  -1  -1  -3  -2  -2   6  -2  -4  -4  -2  -3  -3  -2   0  -2  -3  -3  -3    0   0   0   0   0   0   0 100   0   0   0   0   0   0   0   0   0   0   0   0  1.07 0.01
  242 G     1  -2   0  -1  -2  -1  -1   4  -2  -3  -3  -1  -2  -3  -2   3   0  -3  -3  -3    0   0   0   0   0   0   0  53   0   0   0   0   0   0   0  47   0   0   0   0  0.56 0.01
  243 A     3  -2  -2  -3  -1  -2  -2  -1  -2   2   0  -2   0  -1  -2   0   0  -3  -2   2   53   0   0   0   0   0   0   0   0  24   0   0   0   0   0   0   0   0   0  23  0.20 0.01
  244 E    -1  -1   1   5  -4   1   4  -2  -1  -3  -3   0  -3  -4  -1   0  -1  -4  -3  -3    0   0   0  47   0   0  53   0   0   0   0   0   0   0   0   0   0   0   0   0  0.70 0.01
  245 L     0  -1  -1  -2  -1  -1  -1  -2  -2   0   2  -1   3  -1  -2   1   2  -2  -1   0    0   0   0   0   0   0   0   0   0   0  33   0  20   0   0  24  23   0   0   0  0.17 0.01
  246 G     0   0   0  -1  -3   4   0   4  -1  -4  -3   0  -2  -3  -2   0  -1  -2  -2  -3    0   0   0   0   0  47   0  53   0   0   0   0   0   0   0   0   0   0   0   0  0.57 0.01
  247 L    -2  -3  -4  -4  -2  -2  -3  -4  -2   1   3  -3   1   3  -3  -3  -2   7   1   0    0   0   0   0   0   0   0   0   0   0  57   0   0  23   0   0   0  20   0   0  0.54 0.01
  248 S     1  -1   0  -1  -1   0  -1  -1  -1  -2  -2   0  -1  -2  -1   3   4  -3  -2  -1    0   0   0   0   0   0   0   0   0   0   0   0   0   0   0  53  47   0   0   0  0.40 0.01
  249 Y    -2  -2  -2  -3  -3  -2  -2  -3   2  -2  -1  -2  -1   3  -3  -2  -2   2   7  -1    0   0   0   0   0   0   0   0   0   0   0   0   0   0   0   0   0   0 100   0  0.93 0.02
  250 P    -1  -2  -2  -2  -3  -1  -1  -2  -2  -3  -3  -1  -3  -4   8  -1  -1  -4  -3  -3    0   0   0   0   0   0   0   0   0   0   0   0   0   0 100   0   0   0   0   0  2.08 0.02
  251 I    -2  -3  -4  -4  -1  -3  -3  -4  -3   3   3  -3   2   0  -3  -3  -1  -2  -1   2    0   0   0   0   0   0   0   0   0  53  47   0   0   0   0   0   0   0   0   0  0.38 0.01
  252 T     3  -1  -1  -2  -1  -1  -1  -1  -2  -1  -1  -1  -1  -2  -1   1   4  -3  -2   0   47   0   0   0   0   0   0   0   0   0   0   0   0   0   0   0  53   0   0   0  0.33 0.01
  253 K    -1   4   0  -1  -3   1   1  -2  -1  -3  -3   5  -2  -3  -1   0  -1  -3  -2  -3    0  23   0   0   0   0   0   0   0   0   0  77   0   0   0   0   0   0   0   0  0.54 0.01
  254 H    -2  -1  -1  -2  -2  -1  -1  -3   6   0   2  -2   1   0  -3  -2  -2  -2   1  -1    0   0   0   0   0   0   0   0  53   0  47   0   0   0   0   0   0   0   0   0  0.38 0.01
  255 V    -1  -3  -3  -3  -1  -2  -3  -4  -3   3   2  -3   1   0  -3  -2   0  -3  -1   3    0   0   0   0   0   0   0   0   0  24  23   0   0   0   0   0   0   0   0  53  0.33 0.01
  256 R    -1   4  -1  -2  -3   0  -1   4  -1  -4  -3   1  -2  -3  -2  -1  -1  -3  -2  -3    0  53   0   0   0   0   0  47   0   0   0   0   0   0   0   0   0   0   0   0  0.56 0.01
  257 L    -2  -2  -4  -4  -2  -3  -3  -4  -3   1   4  -3   2   3  -3  -3  -1  -1   0   1    0   0   0   0   0   0   0   0   0   0  80   0   0  20   0   0   0   0   0   0  0.41 0.01
  258 Y    -2  -2  -3  -4  -3  -2  -3  -3   0  -2  -1  -3  -1   2  -4  -2  -2   9   6  -2    0   0   0   0   0   0   0   0   0   0   0   0   0   0   0   0   0  47  53   0  1.31 0.02
  259 T     0  -2  -1  -2  -1  -2  -2  -2  -2   2   0  -2   0  -1  -2   0   3  -3  -2   2    0   0   0   0   0   0   0   0   0  24   0   0   0   0   0   0  53   0   0  23  0.25 0.01
  260 Q     0   0   0  -1  -3   4   1   4  -1  -3  -3   0  -1  -3  -2   0  -1  -2  -2  -3    0   0   0   0   0  53   0  47   0   0   0   0   0   0   0   0   0   0   0   0  0.54 0.01
  261 V    -1  -2  -3  -3  -2  -2  -2  -3   0   1   0  -2   0   2  -3  -2  -1   0   5   3    0   0   0   0   0   0   0   0   0   0   0   0   0   0   0   0   0   0  47  53  0.37 0.01
  262 Y    -2  -3  -3  -4  -3  -3  -3  -3   0  -1   0  -3   0   6  -4  -2  -2   1   5  -1    0   0   0   0   0   0   0   0   0   0   0   0   0  67   0   0   0   0  33   0  0.72 0.01
  263 S     0  -1   4   1  -2   0   0   0   0  -3  -3   0  -2  -3  -1   3   1  -3  -2  -2    0   0  47   0   0   0   0   0   0   0   0   0   0   0   0  53   0   0   0   0  0.46 0.01
  264 G     0  -3  -1  -1  -3  -2  -2   6  -2  -4  -4  -2  -3  -3  -2   0  -2  -3  -3  -3    0   0   0   0   0   0   0 100   0   0   0   0   0   0   0   0   0   0   0   0  1.07 0.01
  265 Y    -2  -2  -2  -3  -3  -2  -2  -3   2  -2  -1  -2  -1   3  -3  -2  -2   2   7  -1    0   0   0   0   0   0   0   0   0   0   0   0   0   0   0   0   0   0 100   0  0.93 0.02
  266 G     0  -3  -1  -1  -3  -2  -2   6  -2  -4  -4  -2  -3  -3  -2   0  -2  -3  -3  -3    0   0   0   0   0   0   0 100   0   0   0   0   0   0   0   0   0   0   0   0  1.07 0.01
  267 E    -1   0   0   2  -4   2   5  -2   0  -3  -3   1  -2  -3  -1   0  -1  -3  -2  -3    0   0   0   0   0   0 100   0   0   0   0   0   0   0   0   0   0   0   0   0  0.77 0.02
  268 S     0  -1   1   4  -2   0   1  -1  -1  -3  -3  -1  -2  -3  -1   3   0  -4  -2  -2    0   0   0  47   0   0   0   0   0   0   0   0   0   0   0  53   0   0   0   0  0.49 0.01
  269 L    -1  -2  -3  -4  -1  -2  -3  -4  -3   2   3  -2   3   0  -3  -2  -1  -2  -1   1    0   0   0   0   0   0   0   0   0  24  56   0  20   0   0   0   0   0   0   0  0.36 0.01
  270 I    -2  -3  -4  -4  -1  -3  -3  -4  -3   3   3  -3   2   0  -3  -3  -1  -2  -1   2    0   0   0   0   0   0   0   0   0  53  47   0   0   0   0   0   0   0   0   0  0.38 0.01
  271 D    -2  -2   1   6  -4   0   2  -1  -1  -3  -4  -1  -3  -4  -2   0  -1  -5  -3  -3    0   0   0 100   0   0   0   0   0   0   0   0   0   0   0   0   0   0   0   0  0.97 0.02
  272 Y    -2  -2  -2  -3  -3  -2  -2  -3   2  -2  -1  -2  -1   3  -3  -2  -2   2   7  -1    0   0   0   0   0   0   0   0   0   0   0   0   0   0   0   0   0   0 100   0  0.93 0.02
  273 N    -2  -1   6   1  -3   0   0  -1   1  -4  -4   0  -2  -3  -2   1   0  -4  -2  -3    0   0 100   0   0   0   0   0   0   0   0   0   0   0   0   0   0   0   0   0  0.78 0.02
  274 F    -2  -1   2  -1  -3   2  -1  -2   0  -1  -1  -1  -1   5  -3  -1  -1   0   2  -2    0   0  23   0   0  24   0   0   0   0   0   0   0  53   0   0   0   0   0   0  0.31 0.01
  275 N    -2   5   3   0  -3   1   0  -2   0  -3  -3   2  -2  -3  -2   0  -1  -3  -2  -3    0  67  33   0   0   0   0   0   0   0   0   0   0   0   0   0   0   0   0   0  0.57 0.01
  276 Q    -1   1   0   0  -3   6   2  -2   0  -3  -2   1  -1  -3  -1   0  -1  -2  -2  -2    0   0   0   0   0 100   0   0   0   0   0   0   0   0   0   0   0   0   0   0  0.71 0.02
  277 T     3  -1  -1  -2  -1  -1  -1  -1  -2  -1  -1  -1  -1  -2  -1   1   4  -3  -2   0   47   0   0   0   0   0   0   0   0   0   0   0   0   0   0   0  53   0   0   0  0.33 0.01
  278 R    -2   6  -1  -2  -4   1   0  -3   0  -3  -2   2  -2  -3  -2  -1  -1  -3  -2  -3    0 100   0   0   0   0   0   0   0   0   0   0   0   0   0   0   0   0   0   0  0.79 0.02
  279 V    -1  -3  -3  -3  -1  -3  -3  -4  -3   4   1  -3   1  -1  -3  -2   0  -3  -1   4    0   0   0   0   0   0   0   0   0  47   0   0   0   0   0   0   0   0   0  53  0.36 0.01
  280 G     0  -3  -1  -1  -3  -2  -2   6  -2  -4  -4  -2  -3  -3  -2   0  -2  -3  -3  -3    0   0   0   0   0   0   0 100   0   0   0   0   0   0   0   0   0   0   0   0  1.07 0.01
  281 V    -1  -2  -3  -3  -2  -2  -2  -3   0   1   0  -2   0   2  -3  -2  -1   0   5   3    0   0   0   0   0   0   0   0   0   0   0   0   0   0   0   0   0   0  47  53  0.37 0.01
  282 G     1  -2   0  -1  -2  -1  -1   4  -2  -3  -3  -1  -2  -3  -2   3   0  -3  -3  -3    0   0   0   0   0   0   0  53   0   0   0   0   0   0   0  47   0   0   0   0  0.56 0.01
  283 V    -1  -3  -3  -3  -1  -3  -3  -4  -3   4   1  -3   1   0  -3  -2  -1  -3  -1   3    0   0   0   0   0   0   0   0   0  67   0   0   0   0   0   0   0   0   0  33  0.38 0.01
  284 M    -1  -1  -2  -3  -2   0  -2  -3  -2   1   2  -1   6   0  -3  -2  -1  -2  -1   1    0   0   0   0   0   0   0   0   0   0   0   0 100   0   0   0   0   0   0   0  0.34 0.00
  285 L    -2  -2  -4  -4  -1  -2  -3  -4  -3   2   4  -3   2   0  -3  -3  -1  -2  -1   1    0   0   0   0   0   0   0   0   0   0 100   0   0   0   0   0   0   0   0   0  0.45 0.00
  286 N    -2   0   6   1  -3   0   0   0   1  -3  -4   0  -2  -3  -2   1   0  -4  -2  -3    0   0 100   0   0   0   0   0   0   0   0   0   0   0   0   0   0   0   0   0  0.72 0.00
  287 D    -2  -2   1   6  -4   0   2  -1  -1  -3  -4  -1  -3  -4  -2   0  -1  -5  -3  -3    0   0   0 100   0   0   0   0   0   0   0   0   0   0   0   0   0   0   0   0  0.93 0.00
  288 L    -1  -2  -3  -4  -1  -2  -3  -4  -3   2   3  -3   2   0  -3  -2  -1  -2  -1   2    0   0   0   0   0   0   0   0   0   0  62   0   0   0   0   0   0   0   0  38  0.34 0.00
  289 F    -2  -3  -3  -4  -2  -3  -3  -4  -2   1   2  -3   1   5  -4  -3  -2   0   2   0    0   0   0   0   0   0   0   0   0   0  38   0   0  62   0   0   0   0   0   0  0.48 0.00

                      K         Lambda
Standard Ungapped    0.1350     0.3176
Standard Gapped      0.0410     0.2670
PSI Ungapped         0.1350     0.3176
PSI Gapped           0.0410     0.2670
