
Last position-specific scoring matrix computed, weighted observed percentages rounded down, information per position, and relative weight of gapless real matches to pseudocounts
            A   R   N   D   C   Q   E   G   H   I   L   K   M   F   P   S   T   W   Y   V   A   R   N   D   C   Q   E   G   H   I   L   K   M   F   P   S   T   W   Y   V
    1 M    -1  -1  -2  -3  -1   0  -2  -3  -2   1   2  -1   5   0  -2  -1  -1  -1  -1   1    0   0   0   0   0   0   0   0   0   0   0   0   0   0   0   0   0   0   0   0  0.00     0.00
    2 E    -1   0   0   1  -4   2   5  -2   0  -3  -3   1  -2  -3  -1   0  -1  -3  -2  -2    0   0   0   0   0   0   0   0   0   0   0   0   0   0   0   0   0   0   0   0  0.00     0.00
    3 Q    -1   1   0   0  -3   5   2  -2   0  -3  -2   1   0  -3  -1   0  -1  -2  -1  -2    0   0   0   0   0   0   0   0   0   0   0   0   0   0   0   0   0   0   0   0  0.00     0.00
    4 R    -1   5   0  -2  -3   1   0  -2   0  -3  -2   2  -1  -3  -2  -1  -1  -3  -2  -2    0   0   0   0   0   0   0   0   0   0   0   0   0   0   0   0   0   0   0   0  0.00     0.00
    5 K    -1   2   0  -1  -3   1   1  -1  -1  -3  -2   4  -1  -3  -1   0  -1  -3  -2  -2    0   0   0   0   0   0   0   0   0   0   0   0   0   0   0   0   0   0   0   0  0.00     0.00
    6 R    -1   5   0  -2  -3   1   0  -2   0  -3  -2   2  -1  -3  -2  -1  -1  -3  -2  -2    0   0   0   0   0   0   0   0   0   0   0   0   0   0   0   0   0   0   0   0  0.00     0.00
    7 I    -1  -3  -3  -3  -1  -3  -3  -4  -3   4   1  -3   1   0  -3  -2  -1  -3  -1   2    0   0   0   0   0   0   0   0   0   0   0   0   0   0   0   0   0   0   0   0  0.00     0.00
    8 K    -1   2   0  -1  -3   1   1  -1  -1  -3  -2   4  -1  -3  -1   0  -1  -3  -2  -2    0   0   0   0   0   0   0   0   0   0   0   0   0   0   0   0   0   0   0   0  0.00     0.00
    9 T     0  -1   0  -1  -1  -1  -1  -2  -2  -1  -1  -1  -1  -2  -1   1   4  -2  -2   0    0   0   0   0   0   0   0   0   0   0   0   0   0   0   0   0   0   0   0   0  0.00     0.00
   10 L    -1  -2  -3  -4  -1  -2  -3  -4  -3   1   4  -2   2   0  -3  -2  -1  -2  -1   1    0   0   0   0   0   0   0   0   0   0   0   0   0   0   0   0   0   0   0   0  0.00     0.00
   11 G     0  -2   0  -1  -2  -2  -2   5  -2  -4  -4  -1  -3  -3  -2   0  -2  -2  -3  -3    0   0   0   0   0   0   0   0   0   0   0   0   0   0   0   0   0   0   0   0  0.00     0.00
   12 S     1  -1   1   0  -1   0   0   0  -1  -2  -2   0  -1  -2  -1   4   1  -3  -2  -2    0   0   0   0   0   0   0   0   0   0   0   0   0   0   0   0   0   0   0   0  0.00     0.00
   13 L    -1  -2  -3  -4  -1  -2  -3  -4  -3   1   4  -2   2   0  -3  -2  -1  -2  -1   1    0   0   0   0   0   0   0   0   0   0   0   0   0   0   0   0   0   0   0   0  0.00     0.00
   14 A     4  -1  -1  -2   0  -1  -1   0  -2  -1  -1  -1  -1  -2  -1   1   0  -2  -2   0    0   0   0   0   0   0   0   0   0   0   0   0   0   0   0   0   0   0   0   0  0.00     0.00
   15 L    -1  -2  -3  -4  -1  -2  -3  -4  -3   1   4  -2   2   0  -3  -2  -1  -2  -1   1    0   0   0   0   0   0   0   0   0   0   0   0   0   0   0   0   0   0   0   0  0.00     0.00
   16 L    -1  -2  -3  -4  -1  -2  -3  -4  -3   1   4  -2   2   0  -3  -2  -1  -2  -1   1    0   0   0   0   0   0   0   0   0   0   0   0   0   0   0   0   0   0   0   0  0.00     0.00
   17 A     4  -1  -1  -2   0  -1  -1   0  -2  -1  -1  -1  -1  -2  -1   1   0  -2  -2   0    0   0   0   0   0   0   0   0   0   0   0   0   0   0   0   0   0   0   0   0  0.00     0.00
   18 L    -1  -2  -3  -4  -1  -2  -3  -4  -3   1   4  -2   2   0  -3  -2  -1  -2  -1   1    0   0   0   0   0   0   0   0   0   0   0   0   0   0   0   0   0   0   0   0  0.00     0.00
   19 V     0  -2  -3  -3  -1  -2  -2  -3  -3   2   1  -2   1  -1  -2  -2   0  -3  -1   4    0   0   0   0   0   0   0   0   0   0   0   0   0   0   0   0   0   0   0   0  0.00     0.00
   20 G     0  -2   0  -1  -2  -2  -2   5  -2  -4  -4  -1  -3  -3  -2   0  -2  -2  -3  -3    0   0   0   0   0   0   0   0   0   0   0   0   0   0   0   0   0   0   0   0  0.00     0.00
   21 S     1  -1   1   0  -1   0   0   0  -1  -2  -2   0  -1  -2  -1   4   1  -3  -2  -2    0   0   0   0   0   0   0   0   0   0   0   0   0   0   0   0   0   0   0   0  0.00     0.00
   22 S     1  -1   1   0  -1   0   0   0  -1  -2  -2   0  -1  -2  -1   4   1  -3  -2  -2    0   0   0   0   0   0   0   0   0   0   0   0   0   0   0   0   0   0   0   0  0.00     0.00
   23 G     0  -2   0  -1  -2  -2  -2   5  -2  -4  -4  -1  -3  -3  -2   0  -2  -2  -3  -3    0   0   0   0   0   0   0   0   0   0   0   0   0   0   0   0   0   0   0   0  0.00     0.00
   24 T     0  -1   0  -1  -1  -1  -1  -2  -2  -1  -1  -1  -1  -2  -1   1   4  -2  -2   0    0   0   0   0   0   0   0   0   0   0   0   0   0   0   0   0   0   0   0   0  0.00     0.00
   25 Q    -1   1   0   0  -3   5   2  -2   0  -3  -2   1   0  -3  -1   0  -1  -2  -1  -2    0   0   0   0   0   0   0   0   0   0   0   0   0   0   0   0   0   0   0   0  0.00     0.00
   26 A     4  -1  -1  -2   0  -1  -1   0  -2  -1  -1  -1  -1  -2  -1   1   0  -2  -2   0    0   0   0   0   0   0   0   0   0   0   0   0   0   0   0   0   0   0   0   0  0.00     0.00
   27 A     4  -1  -1  -2   0  -1  -1   0  -2  -1  -1  -1  -1  -2  -1   1   0  -2  -2   0    0   0   0   0   0   0   0   0   0   0   0   0   0   0   0   0   0   0   0   0  0.00     0.00
   28 E    -1   0   0   1  -4   2   5  -2   0  -3  -3   1  -2  -3  -1   0  -1  -3  -2  -2    0   0   0   0   0   0   0   0   0   0   0   0   0   0   0   0   0   0   0   0  0.00     0.00
   29 A     4  -1  -1  -2   0  -1  -1   0  -2  -1  -1  -1  -1  -2  -1   1   0  -2  -2   0    0   0   0   0   0   0   0   0   0   0   0   0   0   0   0   0   0   0   0   0  0.00     0.00
   30 F    -2  -3  -3  -3  -2  -3  -3  -3  -1   0   0  -3   0   6  -3  -2  -2   1   3  -1    0   0   0   0   0   0   0   0   0   0   0   0   0   0   0   0   0   0   0   0  0.00     0.00
   31 S     1  -1   1   0  -1   0   0   0  -1  -2  -2   0  -1  -2  -1   4   1  -3  -2  -2    0   0   0   0   0   0   0   0   0   0   0   0   0   0   0   0   0   0   0   0  0.00     0.00
   32 S     1  -1   1   0  -1   0   0   0  -1  -2  -2   0  -1  -2  -1   4   1  -3  -2  -2    0   0   0   0   0   0   0   0   0   0   0   0   0   0   0   0   0   0   0   0  0.00     0.00
   33 E    -1   0   0   1  -4   2   5  -2   0  -3  -3   1  -2  -3  -1   0  -1  -3  -2  -2    0   0   0   0   0   0   0   0   0   0   0   0   0   0   0   0   0   0   0   0  0.00     0.00
   34 S     1  -1   1   0  -1   0   0   0  -1  -2  -2   0  -1  -2  -1   4   1  -3  -2  -2    0   0   0   0   0   0   0   0   0   0   0   0   0   0   0   0   0   0   0   0  0.00     0.00
   35 K    -1   2   0  -1  -3   1   1  -1  -1  -3  -2   4  -1  -3  -1   0  -1  -3  -2  -2    0   0   0   0   0   0   0   0   0   0   0   0   0   0   0   0   0   0   0   0  0.00     0.00
   36 W    -2  -3  -4  -4  -2  -2  -3  -2  -2  -3  -2  -3  -1   1  -4  -3  -2  10   2  -3    0   0   0   0   0   0   0   0   0   0   0   0   0   0   0   0   0   0   0   0  0.00     0.00
   37 M    -1  -1  -2  -3  -1   0  -2  -3  -2   1   2  -1   5   0  -2  -1  -1  -1  -1   1    0   0   0   0   0   0   0   0   0   0   0   0   0   0   0   0   0   0   0   0  0.00     0.00
   38 T     0  -1   0  -1  -1  -1  -1  -2  -2  -1  -1  -1  -1  -2  -1   1   4  -2  -2   0    0   0   0   0   0   0   0   0   0   0   0   0   0   0   0   0   0   0   0   0  0.00     0.00
   39 G     0  -2   0  -1  -2  -2  -2   5  -2  -4  -4  -1  -3  -3  -2   0  -2  -2  -3  -3    0   0   0   0   0   0   0   0   0   0   0   0   0   0   0   0   0   0   0   0  0.00     0.00
   40 D    -2  -2   1   6  -3   0   1  -1  -1  -3  -4  -1  -3  -3  -1   0  -1  -4  -3  -3    0   0   0   0   0   0   0   0   0   0   0   0   0   0   0   0   0   0   0   0  0.00     0.00
   41 W    -2  -3  -4  -4  -2  -2  -3  -2  -2  -3  -2  -3  -1   1  -4  -3  -2  10   2  -3    0   0   0   0   0   0   0   0   0   0   0   0   0   0   0   0   0   0   0   0  0.00     0.00
   42 G     0  -2   0  -1  -2  -2  -2   5  -2  -4  -4  -1  -3  -3  -2   0  -2  -2  -3  -3    0   0   0   0   0   0   0   0   0   0   0   0   0   0   0   0   0   0   0   0  0.00     0.00
   43 G     0  -2   0  -1  -2  -2  -2   5  -2  -4  -4  -1  -3  -3  -2   0  -2  -2  -3  -3    0   0   0   0   0   0   0   0   0   0   0   0   0   0   0   0   0   0   0   0  0.00     0.00
   44 T     0  -1   0  -1  -1  -1  -1  -2  -2  -1  -1  -1  -1  -2  -1   1   4  -2  -2   0    0   0   0   0   0   0   0   0   0   0   0   0   0   0   0   0   0   0   0   0  0.00     0.00
   45 R    -1   5   0  -2  -3   1   0  -2   0  -3  -2   2  -1  -3  -2  -1  -1  -3  -2  -2    0   0   0   0   0   0   0   0   0   0   0   0   0   0   0   0   0   0   0   0  0.00     0.00
   46 T     0  -1   0  -1  -1  -1  -1  -2  -2  -1  -1  -1  -1  -2  -1   1   4  -2  -2   0    0   0   0   0   0   0   0   0   0   0   0   0   0   0   0   0   0   0   0   0  0.00     0.00
   47 E    -1   0   0   1  -4   2   5  -2   0  -3  -3   1  -2  -3  -1   0  -1  -3  -2  -2    0   0   0   0   0   0   0   0   0   0   0   0   0   0   0   0   0   0   0   0  0.00     0.00
   48 L    -1  -2  -3  -4  -1  -2  -3  -4  -3   1   4  -2   2   0  -3  -2  -1  -2  -1   1    0   0   0   0   0   0   0   0   0   0   0   0   0   0   0   0   0   0   0   0  0.00     0.00
   49 L    -1  -2  -3  -4  -1  -2  -3  -4  -3   1   4  -2   2   0  -3  -2  -1  -2  -1   1    0   0   0   0   0   0   0   0   0   0   0   0   0   0   0   0   0   0   0   0  0.00     0.00
   50 D    -2  -2   1   6  -3   0   1  -1  -1  -3  -4  -1  -3  -3  -1   0  -1  -4  -3  -3    0   0   0   0   0   0   0   0   0   0   0   0   0   0   0   0   0   0   0   0  0.00     0.00
   51 K    -1   2   0  -1  -3   1   1  -1  -1  -3  -2   4  -1  -3  -1   0  -1  -3  -2  -2    0   0   0   0   0   0   0   0   0   0   0   0   0   0   0   0   0   0   0   0  0.00     0.00
   52 G     0  -2   0  -1  -2  -2  -2   5  -2  -4  -4  -1  -3  -3  -2   0  -2  -2  -3  -3    0   0   0   0   0   0   0   0   0   0   0   0   0   0   0   0   0   0   0   0  0.00     0.00
   53 Y    -2  -2  -2  -3  -2  -1  -2  -3   2  -1  -1  -2  -1   3  -3  -2  -2   2   6  -1    0   0   0   0   0   0   0   0   0   0   0   0   0   0   0   0   0   0   0   0  0.00     0.00
   54 D    -2  -2   1   6  -3   0   1  -1  -1  -3  -4  -1  -3  -3  -1   0  -1  -4  -3  -3    0   0   0   0   0   0   0   0   0   0   0   0   0   0   0   0   0   0   0   0  0.00     0.00
   55 F    -2  -2  -3  -3  -2  -2  -3  -3  -1   1   1  -2   4   5  -3  -2  -1   0   2   0    0   0   0   0   0   0   0   0   0   0   0   0  50  50   0   0   0   0   0   0  0.37 0.00
   56 T     0  -1   0  -1  -1  -1  -1  -2  -2  -1  -1  -1  -1  -2  -1   1   5  -3  -2   0    0   0   0   0   0   0   0   0   0   0   0   0   0   0   0   0 100   0   0   0  0.48 0.00
   57 L     2  -2  -2  -3  -1  -1  -2  -1  -2   0   2  -2   1  -1  -2   0  -1  -2  -1   0   50   0   0   0   0   0   0   0   0   0  50   0   0   0   0   0   0   0   0   0  0.20 0.00
   58 D    -1  -1   1   4  -2  -1   1  -2  -1  -2  -2  -1  -2  -3  -1   1   3  -3  -2  -1    0   0   0  50   0   0   0   0   0   0   0   0   0   0   0   0  50   0   0   0  0.46 0.00
   59 Y    -2  -2  -2  -3  -3  -2  -2  -3   2  -1  -1  -2  -1   3  -3  -2  -2   2   7  -1    0   0   0   0   0   0   0   0   0   0   0   0   0   0   0   0   0   0 100   0  0.87 0.01
   60 V     0  -2  -1  -2  -1  -1  -2  -2  -2   1   0  -1   0  -2  -2   0   3  -3  -1   3    0   0   0   0   0   0   0   0   0   0   0   0   0   0   0   0  50   0   0  50  0.25 0.00
   61 G     3  -2  -1  -2  -1  -1  -2   4  -2  -2  -2  -1  -2  -3  -1   1  -1  -3  -2  -1   50   0   0   0   0   0   0  50   0   0   0   0   0   0   0   0   0   0   0   0  0.52 0.00
   62 E    -1   0   0   2  -4   2   5  -2   0  -3  -3   1  -2  -3  -1   0  -1  -3  -2  -3    0   0   0   0   0   0 100   0   0   0   0   0   0   0   0   0   0   0   0   0  0.74 0.00
   63 V     0  -2  -1  -2  -1  -1  -2  -2  -2   1   0  -1   0  -2  -2   0   3  -3  -1   3    0   0   0   0   0   0   0   0   0   0   0   0   0   0   0   0  50   0   0  50  0.25 0.00
   64 A     2  -2  -2  -3  -1  -1  -2  -1  -2   0   2  -2   1  -1  -2   0  -1  -2  -1   0   50   0   0   0   0   0   0   0   0   0  50   0   0   0   0   0   0   0   0   0  0.20 0.00
   65 G     0  -2   0  -1  -3  -2  -2   6  -2  -4  -4  -2  -3  -3  -2   0  -2  -3  -3  -3    0   0   0   0   0   0   0 100   0   0   0   0   0   0   0   0   0   0   0   0  1.04 0.00
   66 N    -2   0   6   1  -3   0   0   0   1  -3  -4   0  -2  -3  -2   1   0  -4  -2  -3    0   0 100   0   0   0   0   0   0   0   0   0   0   0   0   0   0   0   0   0  0.73 0.01
   67 L    -1  -2  -3  -3  -2  -2  -2  -3  -3   0   2  -2   1  -1   6  -2  -1  -3  -2   0    0   0   0   0   0   0   0   0   0   0  50   0   0   0  50   0   0   0   0   0  0.80 0.00
   68 H     0  -1   1  -1  -2   0   0  -1   6  -3  -3   0  -2  -2  -2   3   0  -3   0  -2    0   0   0   0   0   0   0   0  50   0   0   0   0   0   0  50   0   0   0   0  0.44 0.00
   69 G     0  -2   0  -1  -3  -2  -2   6  -2  -4  -4  -2  -3  -3  -2   0  -2  -3  -3  -3    0   0   0   0   0   0   0 100   0   0   0   0   0   0   0   0   0   0   0   0  1.04 0.00
   70 G     0  -2   0  -1  -3  -2  -2   6  -2  -4  -4  -2  -3  -3  -2   0  -2  -3  -3  -3    0   0   0   0   0   0   0 100   0   0   0   0   0   0   0   0   0   0   0   0  1.04 0.00
   71 Y    -2  -2  -3  -3  -2  -2  -3  -4   0   3   1  -2   0   2  -3  -2  -1   1   5   1    0   0   0   0   0   0   0   0   0  50   0   0   0   0   0   0   0   0  50   0  0.38 0.00
   72 N    -1   1   4   0  -3   1   0  -1   0  -3  -3   3  -2  -3  -2   0   0  -4  -2  -3    0   0  50   0   0   0   0   0   0   0   0  50   0   0   0   0   0   0   0   0  0.45 0.00
   73 D    -2   4   1   4  -4   0   1  -2  -1  -3  -3   1  -2  -3  -2  -1  -1  -4  -2  -3    0  50   0  50   0   0   0   0   0   0   0   0   0   0   0   0   0   0   0   0  0.56 0.00
   74 D    -2   4   1   4  -4   0   1  -2  -1  -3  -3   1  -2  -3  -2  -1  -1  -4  -2  -3    0  50   0  50   0   0   0   0   0   0   0   0   0   0   0   0   0   0   0   0  0.56 0.00
   75 K     3   1  -1  -1  -2   0   0  -1  -1  -2  -2   3  -1  -3  -1   1   0  -3  -2  -1   50   0   0   0   0   0   0   0   0   0   0  50   0   0   0   0   0   0   0   0  0.29 0.00
   76 T     0  -2  -1  -2  -1  -1  -2  -2  -2   1   0  -1   0  -2  -2   0   3  -3  -1   3    0   0   0   0   0   0   0   0   0   0   0   0   0   0   0   0  50   0   0  50  0.25 0.00
   77 A     3  -2  -1  -2  -1  -1  -2   4  -2  -2  -2  -1  -2  -3  -1   1  -1  -3  -2  -1   50   0   0   0   0   0   0  50   0   0   0   0   0   0   0   0   0   0   0   0  0.52 0.00
   78 R     3   4  -1  -2  -2   0  -1  -1  -1  -2  -2   1  -1  -3  -1   0  -1  -3  -2  -1   50  50   0   0   0   0   0   0   0   0   0   0   0   0   0   0   0   0   0   0  0.35 0.00
   79 Y     2  -2  -2  -2  -1  -1  -1  -1   1  -1  -1  -1  -1   1  -2   0  -1   1   5  -1   50   0   0   0   0   0   0   0   0   0   0   0   0   0   0   0   0   0  50   0  0.36 0.00
   80 S     0  -1  -1  -2  -1  -1  -1  -2  -2   0   2  -1   1  -1  -2   2   0  -2  -1   0    0   0   0   0   0   0   0   0   0   0  50   0   0   0   0  50   0   0   0   0  0.18 0.00
   81 D    -2  -2   0   4  -2  -1   0  -2  -2   0   2  -2   0  -1  -2  -1  -1  -3  -2  -1    0   0   0  50   0   0   0   0   0   0  50   0   0   0   0   0   0   0   0   0  0.31 0.00
   82 Q    -1   1   0   0  -3   6   2  -2   0  -3  -2   1   0  -3  -1   0  -1  -2  -2  -2    0   0   0   0   0 100   0   0   0   0   0   0   0   0   0   0   0   0   0   0  0.66 0.01
   83 F    -1  -3  -2  -2  -3  -3  -3   4  -2  -2  -1  -2  -1   4  -3  -1  -2   0   1  -2    0   0   0   0   0   0   0  50   0   0   0   0   0  50   0   0   0   0   0   0  0.49 0.00
   84 A     2  -2   0   4  -2  -1   1  -1  -1  -2  -2  -1  -2  -3  -1   1  -1  -3  -2  -1   50   0   0  50   0   0   0   0   0   0   0   0   0   0   0   0   0   0   0   0  0.41 0.00
   85 L    -2  -2  -4  -4  -1  -2  -3  -4  -3   2   4  -3   2   0  -3  -3  -1  -2  -1   1    0   0   0   0   0   0   0   0   0   0 100   0   0   0   0   0   0   0   0   0  0.46 0.00
   86 G    -1  -2   1   4  -3  -1   0   4  -2  -4  -4  -1  -3  -3  -2   0  -1  -3  -3  -3    0   0   0  50   0   0   0  50   0   0   0   0   0   0   0   0   0   0   0   0  0.66 0.00
   87 A     3  -2  -2  -3  -1  -2  -2  -1  -2   1   0  -1   0  -2  -2   0   0  -3  -2   3   50   0   0   0   0   0   0   0   0   0   0   0   0   0   0   0   0   0   0  50  0.21 0.00
   88 H    -2   0   4   0  -3   0   0  -1   6  -3  -3   0  -2  -2  -2   0  -1  -3   0  -3    0   0  50   0   0   0   0   0  50   0   0   0   0   0   0   0   0   0   0   0  0.59 0.00
   89 L    -2  -2  -4  -4  -1  -2  -3  -4  -3   2   4  -3   2   0  -3  -3  -1  -2  -1   1    0   0   0   0   0   0   0   0   0   0 100   0   0   0   0   0   0   0   0   0  0.46 0.00
   90 D    -2  -2   1   6  -4   0   2  -1  -1  -3  -4  -1  -3  -4  -2   0  -1  -4  -3  -3    0   0   0 100   0   0   0   0   0   0   0   0   0   0   0   0   0   0   0   0  0.93 0.00
   91 L    -1  -1  -1  -1  -1  -1  -1  -1  -1   1   3  -1   1   0  -1  -1   0  -1  -1   0    4   3   2   3   1   2   3   4   1   3  55   3   1   2   3   4   3   1   2   3  0.09 0.00
   92 Q     0   1   0   0  -1   4   1  -1   0  -1  -1   1   0  -1   0   0   0  -1  -1  -1    4   3   2   3   1  52   3   4   1   3   5   3   1   2   3   4   3   1   2   3  0.23 0.00
   93 K    -1   2   0  -1  -3   1   1  -2  -1  -3  -3   5  -1  -3  -1   0  -1  -3  -2  -2    0   0   0   0   0   0   0   0   0   0   0 100   0   0   0   0   0   0   0   0  0.52 0.00
   94 I    -1  -3  -4  -4  -1  -3  -3  -4  -3   3   3  -3   2   0  -3  -3  -1  -2  -1   2    0   0   0   0   0   0   0   0   0  50  50   0   0   0   0   0   0   0   0   0  0.37 0.00
   95 L    -1  -2  -3  -4  -1  -2  -3  -4  -3   2   3  -3   1   0  -3  -2  -1  -2  -1   3    0   0   0   0   0   0   0   0   0   0  50   0   0   0   0   0   0   0   0  50  0.32 0.00
   96 G     0  -2   0  -1  -3  -2  -2   6  -2  -4  -4  -2  -3  -3  -2   0  -2  -3  -3  -3    0   0   0   0   0   0   0 100   0   0   0   0   0   0   0   0   0   0   0   0  1.04 0.00
   97 W    -3  -3  -4  -5  -2  -2  -3  -3  -3  -3  -2  -3  -2   1  -4  -3  -3  11   2  -3    0   0   0   0   0   0   0   0   0   0   0   0   0   0   0   0   0 100   0   0  2.33 0.01
   98 H    -1   0   0  -1  -3   4   1  -2   6  -3  -3   0  -1  -2  -2  -1  -1  -2   1  -3    0   0   0   0   0  50   0   0  50   0   0   0   0   0   0   0   0   0   0   0  0.57 0.00
   99 D    -1  -2   1   4  -3  -1   0   4  -2  -4  -4  -1  -3  -3  -2   0  -1  -3  -3  -3    0   0   0  50   0   0   0  50   0   0   0   0   0   0   0   0   0   0   0   0  0.66 0.00
  100 A     3  -2  -1  -2  -1  -1  -2   4  -2  -2  -2  -1  -2  -3  -1   1  -1  -3  -2  -1   50   0   0   0   0   0   0  50   0   0   0   0   0   0   0   0   0   0   0   0  0.52 0.00
  101 E    -1   1   0   1  -4   2   4  -2   0  -3  -3   3  -2  -3  -1   0  -1  -3  -2  -3    0   0   0   0   0   0  50   0   0   0   0  50   0   0   0   0   0   0   0   0  0.50 0.00
  102 F    -2  -3  -3  -4  -2  -3  -3  -4  -2   3   1  -3   1   5  -3  -3  -1   0   2   1    0   0   0   0   0   0   0   0   0  50   0   0   0  50   0   0   0   0   0   0  0.38 0.00
  103 K    -1   1   0  -1  -3   1   0  -2   6  -3  -3   3  -2  -2  -2  -1  -1  -3   0  -3    0   0   0   0   0   0   0   0  50   0   0  50   0   0   0   0   0   0   0   0  0.49 0.00
  104 L     2  -2  -2  -3  -1  -1  -2  -1  -2   0   2  -2   1  -1  -2   0  -1  -2  -1   0   50   0   0   0   0   0   0   0   0   0  50   0   0   0   0   0   0   0   0   0  0.20 0.00
  105 A     3  -1  -1  -1  -1  -1  -1  -1  -2  -1  -1  -1  -1  -2  -1   1   3  -3  -2   0   50   0   0   0   0   0   0   0   0   0   0   0   0   0   0   0  50   0   0   0  0.32 0.00
  106 I     3  -2  -2  -3  -1  -2  -2  -1  -2   3   0  -2   0  -1  -2   0   0  -3  -2   2   50   0   0   0   0   0   0   0   0  50   0   0   0   0   0   0   0   0   0   0  0.19 0.00
  107 T    -1  -2  -1  -2  -2  -2  -2  -2  -2   0   0  -2   0   4  -2   0   3   0   2   0    0   0   0   0   0   0   0   0   0   0   0   0   0  50   0   0  50   0   0   0  0.32 0.00
  108 E    -1   0   0   1  -3   1   4  -2   6  -3  -3   0  -2  -2  -2  -1  -1  -3   0  -3    0   0   0   0   0   0  50   0  50   0   0   0   0   0   0   0   0   0   0   0  0.58 0.00
  109 R    -1   4  -2  -2  -2   0  -1  -3  -1   2   0   1   0  -1  -3  -2  -1  -3  -2   1    0  50   0   0   0   0   0   0   0  50   0   0   0   0   0   0   0   0   0   0  0.25 0.00
  110 S     0   0   0   0  -2   4   1  -1   0  -3  -2   1  -1  -3  -1   3   1  -2  -2  -2    0   0   0   0   0  50   0   0   0   0   0   0   0   0   0  50   0   0   0   0  0.40 0.00
  111 G     0  -2   0  -1  -3  -2  -2   6  -2  -4  -4  -2  -3  -3  -2   0  -2  -3  -3  -3    0   0   0   0   0   0   0 100   0   0   0   0   0   0   0   0   0   0   0   0  1.04 0.00
  112 R    -2   6   0  -2  -4   1   0  -2   0  -3  -2   2  -1  -3  -2  -1  -1  -3  -2  -3    0 100   0   0   0   0   0   0   0   0   0   0   0   0   0   0   0   0   0   0  0.75 0.00
  113 N    -1   0   4   1  -3   4   1  -1   1  -3  -3   1  -1  -3  -2   0   0  -3  -2  -3    0   0  50   0   0  50   0   0   0   0   0   0   0   0   0   0   0   0   0   0  0.51 0.00
  114 L    -2  -2  -4  -4  -1  -2  -3  -4  -3   2   4  -3   2   0  -3  -3  -1  -2  -1   1    0   0   0   0   0   0   0   0   0   0 100   0   0   0   0   0   0   0   0   0  0.46 0.00
  115 S     1  -1   0  -1  -1   0  -1  -1  -1  -2  -2   0  -1  -2  -1   3   4  -3  -2  -1    0   0   0   0   0   0   0   0   0   0   0   0   0   0   0  50  50   0   0   0  0.39 0.00
  116 N     0  -1   4   1  -2   0   0   0   0  -3  -3   0  -2  -3  -1   3   1  -3  -2  -2    0   0  50   0   0   0   0   0   0   0   0   0   0   0   0  50   0   0   0   0  0.45 0.00
  117 D    -2  -1   5   5  -3   0   1  -1   0  -3  -4   0  -3  -3  -2   0  -1  -4  -3  -3    0   0  50  50   0   0   0   0   0   0   0   0   0   0   0   0   0   0   0   0  0.67 0.00
  118 R    -2   4  -2  -3  -3   0  -1  -3  -1  -1  -1   1  -1   4  -3  -2  -2   0   2  -2    0  50   0   0   0   0   0   0   0   0   0   0   0  50   0   0   0   0   0   0  0.40 0.00
  119 I    -1  -3  -3  -3  -1  -3  -3  -4  -3   4   2  -3   1   0  -3  -3  -1  -3  -1   3    0   0   0   0   0   0   0   0   0 100   0   0   0   0   0   0   0   0   0   0  0.39 0.00
  120 S     1   0   0   0  -1   0   0   0  -1  -1  -1   0  -1  -1   0   3   1  -1  -1  -1    4   3   2   3   1   2   3   4   1   3   5   3   1   2   3  54   3   1   2   3  0.17 0.00
  121 D    -1  -1   1   4  -2   0   1  -1  -1  -1  -2   0  -1  -2   0   0   0  -1  -1  -1    4   3   2  53   1   2   3   4   1   3   5   3   1   2   3   4   3   1   2   3  0.31 0.00
  122 P     0  -1  -1  -1  -1   0   0  -1  -1  -1  -1   0  -1  -2   6   0   0  -1  -1  -1    4   3   2   3   1   2   3   4   1   3   5   3   1   2  53   4   3   1   2   3  0.76 0.00
  123 R    -1   4   0  -1  -2   1   0  -1   0  -1  -1   1  -1  -1  -1   0   0  -1  -1  -1    4  53   2   3   1   2   3   4   1   3   5   3   1   2   3   4   3   1   2   3  0.24 0.00
  124 A     3  -1  -1  -1   0   0   0   0  -1  -1  -1   0  -1  -1   0   1   0  -1  -1   0   54   3   2   3   1   2   3   4   1   3   5   3   1   2   3   4   3   1   2   3  0.14 0.00
  125 G     0  -2   0  -1  -3  -2  -2   6  -2  -4  -4  -2  -3  -3  -2   0  -2  -3  -3  -3    0   0   0   0   0   0   0 100   0   0   0   0   0   0   0   0   0   0   0   0  1.04 0.00
  126 Q     0   0   0  -1  -3   4   1   4  -1  -3  -3   0  -1  -3  -2   0  -1  -2  -2  -3    0   0   0   0   0  50   0  50   0   0   0   0   0   0   0   0   0   0   0   0  0.54 0.00
  127 F    -2  -3  -3  -4  -2  -3  -3  -4  -2   1   3  -3   1   5  -3  -3  -2   0   2   0    0   0   0   0   0   0   0   0   0   0  50   0   0  50   0   0   0   0   0   0  0.43 0.00
  128 S     0  -2  -1  -1  -1  -1  -1  -2  -2   2   0  -1   0  -1  -2   2   1  -3  -2   1    0   0   0   0   0   0   0   0   0  50   0   0   0   0   0  50   0   0   0   0  0.16 0.00
  129 S     0  -1   0  -1  -2  -1  -1  -1  -2  -3  -3  -1  -2  -3   6   3   0  -3  -2  -2    0   0   0   0   0   0   0   0   0   0   0   0   0   0  50  50   0   0   0   0  0.91 0.00
  130 V     0  -3  -3  -3  -1  -2  -3  -3  -3   3   1  -2   1  -1  -3  -2   0  -3  -1   4    0   0   0   0   0   0   0   0   0   0   0   0   0   0   0   0   0   0   0 100  0.35 0.00
  131 Q     0   0   0   0  -2   4   1  -1   0  -3  -2   1  -1  -3  -1   3   1  -2  -2  -2    0   0   0   0   0  50   0   0   0   0   0   0   0   0   0  50   0   0   0   0  0.40 0.00
  132 E     0   0   0   1  -2   1   4  -1  -1  -3  -3   0  -2  -3  -1   3   0  -3  -2  -2    0   0   0   0   0   0  50   0   0   0   0   0   0   0   0  50   0   0   0   0  0.43 0.00
  133 V     0  -3  -3  -3  -1  -2  -3  -3  -3   3   1  -2   1  -1  -3  -2   0  -3  -1   4    0   0   0   0   0   0   0   0   0   0   0   0   0   0   0   0   0   0   0 100  0.35 0.00
  134 W    -2  -1  -2   0  -3   1   3  -2  -1  -3  -2  -1  -2  -1  -2  -1  -2   9   1  -3    0   0   0   0   0   0  50   0   0   0   0   0   0   0   0   0   0  50   0   0  1.07 0.00
  135 G     3  -2  -1  -2  -1  -1  -2   4  -2  -2  -2  -1  -2  -3  -1   1  -1  -3  -2  -1   50   0   0   0   0   0   0  50   0   0   0   0   0   0   0   0   0   0   0   0  0.52 0.00
  136 R     3   4  -1  -2  -2   0  -1  -1  -1  -2  -2   1  -1  -3  -1   0  -1  -3  -2  -1   50  50   0   0   0   0   0   0   0   0   0   0   0   0   0   0   0   0   0   0  0.35 0.00
  137 G     0  -2  -1  -1  -3  -2  -2   4  -2  -3  -3  -1  -3  -4   6  -1  -1  -3  -3  -3    0   0   0   0   0   0   0  50   0   0   0   0   0   0  50   0   0   0   0   0  1.09 0.00
  138 Q     0   0   0   0  -2   4   1  -1   0  -3  -2   1  -1  -3  -1   3   1  -2  -2  -2    0   0   0   0   0  50   0   0   0   0   0   0   0   0   0  50   0   0   0   0  0.40 0.00
  139 T     0  -1   0  -1  -1  -1  -1  -2  -2  -1  -1  -1  -1  -2  -1   1   5  -3  -2   0    0   0   0   0   0   0   0   0   0   0   0   0   0   0   0   0 100   0   0   0  0.48 0.00
  140 W    -1  -1  -1  -1  -1  -1  -1  -1  -1  -1  -1  -1  -1   0  -1  -1  -1   9   1  -1    4   3   2   3   1   2   3   4   1   3   5   3   1   2   3   4   3  51   2   3  0.84 0.00
  141 R    -2   6   0  -2  -4   1   0  -2   0  -3  -2   2  -1  -3  -2  -1  -1  -3  -2  -3    0 100   0   0   0   0   0   0   0   0   0   0   0   0   0   0   0   0   0   0  0.75 0.00
  142 L    -2  -2  -4  -4  -1  -2  -3  -4  -3   2   4  -3   2   0  -3  -3  -1  -2  -1   1    0   0   0   0   0   0   0   0   0   0 100   0   0   0   0   0   0   0   0   0  0.46 0.00
  143 T    -1  -2  -1  -2  -2  -2  -2  -2  -2   0   0  -2   0   4  -2   0   3   0   2   0    0   0   0   0   0   0   0   0   0   0   0   0   0  50   0   0  50   0   0   0  0.32 0.00
  144 Q     0   0   0   0  -2   4   1  -1   0  -3  -2   1  -1  -3  -1   3   1  -2  -2  -2    0   0   0   0   0  50   0   0   0   0   0   0   0   0   0  50   0   0   0   0  0.40 0.00
  145 M    -1  -2  -3  -4  -1  -1  -3  -3  -2   1   3  -2   4   0  -3  -2  -1  -2  -1   1    0   0   0   0   0   0   0   0   0   0  50   0  50   0   0   0   0   0   0   0  0.35 0.00
  146 W    -3  -3  -4  -5  -2  -2  -3  -3  -3  -3  -2  -3  -2   1  -4  -3  -3  11   2  -3    0   0   0   0   0   0   0   0   0   0   0   0   0   0   0   0   0 100   0   0  2.33 0.01
  147 I    -2  -3  -3  -4  -2  -3  -3  -4  -2   3   1  -3   1   5  -3  -3  -1   0   2   1    0   0   0   0   0   0   0   0   0  50   0   0   0  50   0   0   0   0   0   0  0.38 0.00
  148 K    -1   1   0   1  -4   2   4  -2   0  -3  -3   3  -2  -3  -1   0  -1  -3  -2  -3    0   0   0   0   0   0  50   0   0   0   0  50   0   0   0   0   0   0   0   0  0.50 0.00
  149 Q    -1   1   0   0  -3   6   2  -2   0  -3  -2   1   0  -3  -1   0  -1  -2  -2  -2    0   0   0   0   0 100   0   0   0   0   0   0   0   0   0   0   0   0   0   0  0.66 0.01
  150 K     0   1   0  -1  -2   1   0  -1  -1  -3  -3   3  -2  -3  -1   3   1  -3  -2  -2    0   0   0   0   0   0   0   0   0   0   0  50   0   0   0  50   0   0   0   0  0.34 0.00
  151 Y    -1  -2  -3  -3  -2  -2  -2  -3   0   1   0  -2   0   2  -3  -2  -1   1   5   2    0   0   0   0   0   0   0   0   0   0   0   0   0   0   0   0   0   0  50  50  0.37 0.00
  152 F    -2  -3  -3  -4  -2  -3  -3  -4  -2   1   3  -3   1   5  -3  -3  -2   0   2   0    0   0   0   0   0   0   0   0   0   0  50   0   0  50   0   0   0   0   0   0  0.43 0.00
  153 D    -2  -2   1   6  -4   0   2  -1  -1  -3  -4  -1  -3  -4  -2   0  -1  -4  -3  -3    0   0   0 100   0   0   0   0   0   0   0   0   0   0   0   0   0   0   0   0  0.93 0.00
  154 G    -1  -2   1   4  -3  -1   0   4  -2  -4  -4  -1  -3  -3  -2   0  -1  -3  -3  -3    0   0   0  50   0   0   0  50   0   0   0   0   0   0   0   0   0   0   0   0  0.66 0.00
  155 A     3   4  -1  -2  -2   0  -1  -1  -1  -2  -2   1  -1  -3  -1   0  -1  -3  -2  -1   50  50   0   0   0   0   0   0   0   0   0   0   0   0   0   0   0   0   0   0  0.35 0.00
  156 L     2  -2  -2  -3  -1  -1  -2  -1  -2   0   2  -2   1  -1  -2   0  -1  -2  -1   0   50   0   0   0   0   0   0   0   0   0  50   0   0   0   0   0   0   0   0   0  0.20 0.00
  157 D     0  -1   1   4  -2   0   1  -1  -1  -3  -3   0  -2  -3  -1   3   0  -4  -2  -2    0   0   0  50   0   0   0   0   0   0   0   0   0   0   0  50   0   0   0   0  0.49 0.00
  158 V    -1  -2  -3  -4  -1  -2  -3  -4  -3   2   3  -3   1   0  -3  -2  -1  -2  -1   3    0   0   0   0   0   0   0   0   0   0  50   0   0   0   0   0   0   0   0  50  0.32 0.00
  159 K    -1   5   0  -1  -3   1   0  -2  -1  -3  -2   4  -1  -3  -2  -1  -1  -3  -2  -3    0  50   0   0   0   0   0   0   0   0   0  50   0   0   0   0   0   0   0   0  0.56 0.00
  160 F    -2  -3  -3  -4  -3  -3  -3  -3  -1   0   0  -3   0   6  -4  -3  -2   1   3  -1    0   0   0   0   0   0   0   0   0   0   0   0   0 100   0   0   0   0   0   0  0.74 0.01
  161 G     0  -2   0  -1  -3  -2  -2   6  -2  -4  -4  -2  -3  -3  -2   0  -2  -3  -3  -3    0   0   0   0   0   0   0 100   0   0   0   0   0   0   0   0   0   0   0   0  1.04 0.00
  162 R    -1   4   0  -1  -3   4   1  -2   0  -3  -2   2  -1  -3  -2   0  -1  -2  -2  -3    0  50   0   0   0  50   0   0   0   0   0   0   0   0   0   0   0   0   0   0  0.57 0.00
  163 F    -2  -3  -3  -4  -2  -3  -3  -4  -2   3   1  -3   1   5  -3  -3  -1   0   2   1    0   0   0   0   0   0   0   0   0  50   0   0   0  50   0   0   0   0   0   0  0.38 0.00
  164 G     0  -2  -1  -1  -3  -2  -2   4  -2  -3  -3  -1  -3  -4   6  -1  -1  -3  -3  -3    0   0   0   0   0   0   0  50   0   0   0   0   0   0  50   0   0   0   0   0  1.09 0.00
  165 E    -1  -1  -1   0  -2   1   3  -3  -1   0   1   0   4  -1  -2  -1  -1  -2  -2  -1    0   0   0   0   0   0  50   0   0   0   0   0  50   0   0   0   0   0   0   0  0.27 0.00
  166 G     0   0   0  -1  -3   4   1   4  -1  -3  -3   0  -1  -3  -2   0  -1  -2  -2  -3    0   0   0   0   0  50   0  50   0   0   0   0   0   0   0   0   0   0   0   0  0.54 0.00
  167 E    -1   0   0   2  -4   2   5  -2   0  -3  -3   1  -2  -3  -1   0  -1  -3  -2  -3    0   0   0   0   0   0 100   0   0   0   0   0   0   0   0   0   0   0   0   0  0.74 0.00
  168 D    -1  -1   1   5  -4   1   4  -2  -1  -3  -3   0  -3  -4  -1   0  -1  -4  -3  -3    0   0   0  50   0   0  50   0   0   0   0   0   0   0   0   0   0   0   0   0  0.69 0.00
  169 F    -2  -3  -3  -4  -3  -3  -3  -3  -1   0   0  -3   0   6  -4  -3  -2   1   3  -1    0   0   0   0   0   0   0   0   0   0   0   0   0 100   0   0   0   0   0   0  0.74 0.01
  170 N     0  -1   4   1  -2   0   0   0   0  -3  -3   0  -2  -3  -1   3   1  -3  -2  -2    0   0  50   0   0   0   0   0   0   0   0   0   0   0   0  50   0   0   0   0  0.45 0.00
  171 S     1  -1   0  -1  -1   0  -1  -1  -1  -2  -2   0  -1  -2  -1   3   4  -3  -2  -1    0   0   0   0   0   0   0   0   0   0   0   0   0   0   0  50  50   0   0   0  0.39 0.00
  172 F    -2  -2  -3  -3  -3  -2  -3  -3   1  -1   0  -3   0   5  -3  -2  -2   2   6  -1    0   0   0   0   0   0   0   0   0   0   0   0   0  50   0   0   0   0  50   0  0.69 0.00
  173 P     3  -2  -2  -2  -1  -1  -1  -1  -2  -2  -2  -1  -2  -3   6   0  -1  -3  -2  -1   50   0   0   0   0   0   0   0   0   0   0   0   0   0  50   0   0   0   0   0  0.89 0.00
  174 C     3  -2  -2  -3   7  -2  -2  -1  -2  -1  -1  -2  -1  -2  -2   0   0  -3  -2  -1   50   0   0   0  50   0   0   0   0   0   0   0   0   0   0   0   0   0   0   0  0.56 0.00
  175 D    -2  -2   0   4  -3  -1   0  -2   1  -2  -2  -1  -2   1  -2  -1  -1   0   5  -2    0   0   0  50   0   0   0   0   0   0   0   0   0   0   0   0   0   0  50   0  0.52 0.00
  176 F    -2  -2  -3  -3  -2  -2  -3  -3  -1   1   1  -2   4   5  -3  -2  -1   0   2   0    0   0   0   0   0   0   0   0   0   0   0   0  50  50   0   0   0   0   0   0  0.37 0.00
  177 Q    -1   0  -1  -1  -2   4   0  -3  -1   1   0   0   0  -2  -2  -1   0  -3  -1   2    0   0   0   0   0  50   0   0   0   0   0   0   0   0   0   0   0   0   0  50  0.23 0.00
  178 N    -2   0   6   1  -3   0   0   0   1  -3  -4   0  -2  -3  -2   1   0  -4  -2  -3    0   0 100   0   0   0   0   0   0   0   0   0   0   0   0   0   0   0   0   0  0.73 0.01
  179 L     0  -1  -1  -2  -1  -1  -1  -2  -2   0   2  -1   1  -1  -2   2   0  -2  -1   0    0   0   0   0   0   0   0   0   0   0  50   0   0   0   0  50   0   0   0   0  0.18 0.00
  180 A     4  -2  -2  -2   0  -1  -1   0  -2  -1  -2  -1  -1  -2  -1   1   0  -3  -2   0  100   0   0   0   0   0   0   0   0   0   0   0   0   0   0   0   0   0   0   0  0.41 0.00
  181 F    -2  -3  -3  -4  -3  -3  -3  -3  -1   0   0  -3   0   6  -4  -3  -2   1   3  -1    0   0   0   0   0   0   0   0   0   0   0   0   0 100   0   0   0   0   0   0  0.74 0.01
  182 C    -1  -3  -3  -3   7  -2  -3  -3   0  -1  -1  -3  -1   1  -3  -1  -1   1   5  -1    0   0   0   0  50   0   0   0   0   0   0   0   0   0   0   0   0   0  50   0  0.70 0.00
  183 G     3  -2  -1  -2  -1  -1  -2   4  -2  -2  -2  -1  -2  -3  -1   1  -1  -3  -2  -1   50   0   0   0   0   0   0  50   0   0   0   0   0   0   0   0   0   0   0   0  0.52 0.00
  184 S     3  -1   0  -1  -1   0  -1   0  -1  -2  -2   0  -1  -2  -1   3   1  -3  -2  -1   50   0   0   0   0   0   0   0   0   0   0   0   0   0   0  50   0   0   0   0  0.35 0.00
  185 Q    -1   0   4   1  -3   4   1  -1   1  -3  -3   1  -1  -3  -2   0   0  -3  -2  -3    0   0  50   0   0  50   0   0   0   0   0   0   0   0   0   0   0   0   0   0  0.51 0.00
  186 V    -1  -2  -3  -3  -1  -1  -2  -3  -2   2   2  -2   4   0  -3  -2   0  -2  -1   3    0   0   0   0   0   0   0   0   0   0   0   0  50   0   0   0   0   0   0  50  0.27 0.00
  187 G     0  -2  -1  -1  -3  -2  -2   4  -2  -3  -3  -1  -3  -4   6  -1  -1  -3  -3  -3    0   0   0   0   0   0   0  50   0   0   0   0   0   0  50   0   0   0   0   0  1.09 0.00
  188 N     0  -1   4   1  -2   0   0   0   0  -3  -3   0  -2  -3  -1   3   1  -3  -2  -2    0   0  50   0   0   0   0   0   0   0   0   0   0   0   0  50   0   0   0   0  0.45 0.00
  189 W    -1  -3  -2  -3  -3  -2  -3   4  -2  -3  -3  -2  -2   0  -3  -1  -2   9   1  -3    0   0   0   0   0   0   0  50   0   0   0   0   0   0   0   0   0  50   0   0  1.20 0.00
  190 V     0  -3  -1  -2  -2  -2  -2   4  -3   1  -1  -2  -1  -2  -2  -1  -1  -3  -2   2    0   0   0   0   0   0   0  50   0   0   0   0   0   0   0   0   0   0   0  50  0.34 0.00
  191 G     0  -2   0  -1  -3  -2  -2   6  -2  -4  -4  -2  -3  -3  -2   0  -2  -3  -3  -3    0   0   0   0   0   0   0 100   0   0   0   0   0   0   0   0   0   0   0   0  1.04 0.00
  192 G     0  -2   0  -1  -3  -2  -2   6  -2  -4  -4  -2  -3  -3  -2   0  -2  -3  -3  -3    0   0   0   0   0   0   0 100   0   0   0   0   0   0   0   0   0   0   0   0  1.04 0.00
  193 I    -1  -1  -1  -1  -1  -1  -1  -1  -1   3   1  -1   1   0  -1  -1   0  -1  -1   2    4   3   2   3   1   2   3   4   1  53   5   3   1   2   3   4   3   1   2   3  0.06 0.00
  194 W    -1  -1  -1  -1  -1  -1  -1  -1  -1  -1  -1  -1  -1   0  -1  -1  -1   9   1  -1    4   3   2   3   1   2   3   4   1   3   5   3   1   2   3   4   3  51   2   3  0.84 0.00
  195 Y    -1  -1  -1  -1  -1  -1  -1  -1   1  -1  -1  -1  -1   2  -1  -1  -1   1   5  -1    4   3   2   3   1   2   3   4   1   3   5   3   1   2   3   4   3   1  52   3  0.26 0.00
  196 N    -1   0   4   1  -1   0   0   0   0  -1  -1   0  -1  -1  -1   0   0  -1  -1  -1    4   3  52   3   1   2   3   4   1   3   5   3   1   2   3   4   3   1   2   3  0.24 0.00
  197 W    -2  -2  -3  -4  -3  -2  -3  -3   0  -2  -1  -2  -1   2  -3  -2  -2   9   6  -2    0   0   0   0   0   0   0   0   0   0   0   0   0   0   0   0   0  50  50   0  1.31 0.01
  198 P    -1  -2  -2  -2  -3  -1  -1  -2  -2  -3  -3  -1  -3  -4   8  -1  -1  -4  -3  -3    0   0   0   0   0   0   0   0   0   0   0   0   0   0 100   0   0   0   0   0  2.05 0.01
  199 V    -1  -2  -3  -4  -1  -2  -3  -4  -3   2   3  -3   1   0  -3  -2  -1  -2  -1   3    0   0   0   0   0   0   0   0   0   0  50   0   0   0   0   0   0   0   0  50  0.32 0.00
  200 S     3  -1   0  -1  -1   0  -1   0  -1  -2  -2   0  -1  -2  -1   3   1  -3  -2  -1   50   0   0   0   0   0   0   0   0   0   0   0   0   0   0  50   0   0   0   0  0.35 0.00
  201 Q    -1   0   4   1  -3   4   1  -1   1  -3  -3   1  -1  -3  -2   0   0  -3  -2  -3    0   0  50   0   0  50   0   0   0   0   0   0   0   0   0   0   0   0   0   0  0.51 0.00
  202 W    -2  -2  -3  -4  -2  -1  -3  -3  -2   0   1  -2   4   1  -3  -2  -2   9   1  -1    0   0   0   0   0   0   0   0   0   0   0   0  50   0   0   0   0  50   0   0  0.98 0.01
  203 A     3  -2  -1  -2  -1  -1  -2   4  -2  -2  -2  -1  -2  -3  -1   1  -1  -3  -2  -1   50   0   0   0   0   0   0  50   0   0   0   0   0   0   0   0   0   0   0   0  0.52 0.00
  204 L    -1  -2  -1  -2  -1  -1  -2  -3  -2   1   2  -2   1  -1  -2   0   3  -2  -1   0    0   0   0   0   0   0   0   0   0   0  50   0   0   0   0   0  50   0   0   0  0.25 0.00
  205 R    -2   6   0  -2  -4   1   0  -2   0  -3  -2   2  -1  -3  -2  -1  -1  -3  -2  -3    0 100   0   0   0   0   0   0   0   0   0   0   0   0   0   0   0   0   0   0  0.75 0.00
  206 V    -1  -2  -3  -4  -1  -2  -3  -4  -3   2   3  -3   1   0  -3  -2  -1  -2  -1   3    0   0   0   0   0   0   0   0   0   0  50   0   0   0   0   0   0   0   0  50  0.32 0.00
  207 K    -1   2   0  -1  -3   1   1  -2  -1  -3  -3   5  -1  -3  -1   0  -1  -3  -2  -2    0   0   0   0   0   0   0   0   0   0   0 100   0   0   0   0   0   0   0   0  0.52 0.00
  208 Y    -1  -2  -3  -3  -2  -2  -2  -3   0   1   0  -2   0   2  -3  -2  -1   1   5   2    0   0   0   0   0   0   0   0   0   0   0   0   0   0   0   0   0   0  50  50  0.37 0.00
  209 N    -1   1   4   0  -3   1   0  -1   0  -3  -3   3  -2  -3  -2   0   0  -4  -2  -3    0   0  50   0   0   0   0   0   0   0   0  50   0   0   0   0   0   0   0   0  0.45 0.00
  210 I    -1  -3  -3  -2  -2  -2  -2  -3  -3   2   0  -2   0  -1   6  -2  -1  -3  -2   1    0   0   0   0   0   0   0   0   0  50   0   0   0   0  50   0   0   0   0   0  0.78 0.00
  211 T     0  -1   0  -1  -1  -1  -1  -2  -2  -1  -1  -1  -1  -2  -1   1   5  -3  -2   0    0   0   0   0   0   0   0   0   0   0   0   0   0   0   0   0 100   0   0   0  0.48 0.00
  212 P    -1  -1  -1   0  -3   1   3  -2  -1  -3  -3   0  -2  -4   6  -1  -1  -3  -3  -3    0   0   0   0   0   0  50   0   0   0   0   0   0   0  50   0   0   0   0   0  1.01 0.00
  213 A     3  -1  -1   0  -2   1   3  -1  -1  -2  -2   0  -2  -3  -1   1   0  -3  -2  -1   50   0   0   0   0   0  50   0   0   0   0   0   0   0   0   0   0   0   0   0  0.36 0.00
  214 F    -2  -3  -3  -4  -2  -3  -3  -4  -2   3   1  -3   1   5  -3  -3  -1   0   2   1    0   0   0   0   0   0   0   0   0  50   0   0   0  50   0   0   0   0   0   0  0.38 0.00
  215 F     0  -2  -1  -2  -2  -1  -1  -1  -1  -1  -1  -1  -1   4  -2   2   0   0   2  -1    0   0   0   0   0   0   0   0   0   0   0   0   0  50   0  50   0   0   0   0  0.28 0.00
  216 V    -1  -2  -3  -4  -1  -2  -3  -4  -3   2   3  -3   1   0  -3  -2  -1  -2  -1   3    0   0   0   0   0   0   0   0   0   0  50   0   0   0   0   0   0   0   0  50  0.32 0.00
  217 Q    -1   0  -1  -1  -2   4   1  -2   0   0   1   0   4  -1  -2  -1  -1  -2  -1   0    0   0   0   0   0  50   0   0   0   0   0   0  50   0   0   0   0   0   0   0  0.28 0.00
  218 V     3  -2  -2  -3  -1  -2  -2  -1  -2   1   0  -1   0  -2  -2   0   0  -3  -2   3   50   0   0   0   0   0   0   0   0   0   0   0   0   0   0   0   0   0   0  50  0.21 0.00
  219 G     3  -2  -1  -2  -1  -1  -2   4  -2  -2  -2  -1  -2  -3  -1   1  -1  -3  -2  -1   50   0   0   0   0   0   0  50   0   0   0   0   0   0   0   0   0   0   0   0  0.52 0.00
  220 A     3  -2  -2  -3  -1  -2  -2  -1  -2   1   0  -1   0  -2  -2   0   0  -3  -2   3   50   0   0   0   0   0   0   0   0   0   0   0   0   0   0   0   0   0   0  50  0.21 0.00
  221 F    -2  -3  -3  -4  -3  -3  -3  -3  -1   0   0  -3   0   6  -4  -3  -2   1   3  -1    0   0   0   0   0   0   0   0   0   0   0   0   0 100   0   0   0   0   0   0  0.74 0.01
  222 E     0   0   0   1  -2   1   4  -1  -1  -3  -3   0  -2  -3  -1   3   0  -3  -2  -2    0   0   0   0   0   0  50   0   0   0   0   0   0   0   0  50   0   0   0   0  0.43 0.00
  223 Q     0   0   0  -1  -3   4   1   4  -1  -3  -3   0  -1  -3  -2   0  -1  -2  -2  -3    0   0   0   0   0  50   0  50   0   0   0   0   0   0   0   0   0   0   0   0  0.54 0.00
  224 N    -2   0   6   1  -3   0   0   0   1  -3  -4   0  -2  -3  -2   1   0  -4  -2  -3    0   0 100   0   0   0   0   0   0   0   0   0   0   0   0   0   0   0   0   0  0.73 0.01
  225 P    -1  -2  -2  -2  -3  -1  -1  -2  -2  -3  -3  -1  -3  -4   8  -1  -1  -4  -3  -3    0   0   0   0   0   0   0   0   0   0   0   0   0   0 100   0   0   0   0   0  2.05 0.01
  226 S     1  -2   0  -1  -2  -1  -1   4  -1  -3  -3  -1  -2  -3  -1   3   0  -3  -2  -2    0   0   0   0   0   0   0  50   0   0   0   0   0   0   0  50   0   0   0   0  0.53 0.00
  227 N    -1  -1   4   0  -2   0  -1  -1   0  -2  -2   0  -1  -3  -2   1   3  -3  -2  -1    0   0  50   0   0   0   0   0   0   0   0   0   0   0   0   0  50   0   0   0  0.42 0.00
  228 L    -2  -1   4   0  -2  -1  -1  -2  -1   0   2  -1   1  -1  -3  -1  -1  -3  -2  -1    0   0  50   0   0   0   0   0   0   0  50   0   0   0   0   0   0   0   0   0  0.24 0.00
  229 E    -1  -1  -1   0  -2   1   3  -3  -1   1  -1   0   0  -2  -2  -1   0  -3  -2   2    0   0   0   0   0   0  50   0   0   0   0   0   0   0   0   0   0   0   0  50  0.24 0.00
  230 T     0  -2   0  -1  -2  -1  -2   4  -2  -2  -2  -1  -2  -3  -2   1   3  -3  -2  -1    0   0   0   0   0   0   0  50   0   0   0   0   0   0   0   0  50   0   0   0  0.48 0.00
  231 G    -1  -1   4   0  -3  -1  -1   4   0  -4  -4  -1  -3  -3  -2   0  -1  -3  -3  -3    0   0  50   0   0   0   0  50   0   0   0   0   0   0   0   0   0   0   0   0  0.62 0.00
  232 N    -2  -1   5   5  -3   0   1  -1   0  -3  -4   0  -3  -3  -2   0  -1  -4  -3  -3    0   0  50  50   0   0   0   0   0   0   0   0   0   0   0   0   0   0   0   0  0.67 0.00
  233 G     3  -2  -1  -2  -1  -1  -2   4  -2  -2  -2  -1  -2  -3  -1   1  -1  -3  -2  -1   50   0   0   0   0   0   0  50   0   0   0   0   0   0   0   0   0   0   0   0  0.52 0.00
  234 F    -2   0  -1  -2  -3   4   0  -3   0  -1  -1   0   0   4  -2  -1  -1   0   2  -2    0   0   0   0   0  50   0   0   0   0   0   0   0  50   0   0   0   0   0   0  0.35 0.00
  235 K    -1   2   0  -1  -3   1   1  -2  -1  -3  -3   5  -1  -3  -1   0  -1  -3  -2  -2    0   0   0   0   0   0   0   0   0   0   0 100   0   0   0   0   0   0   0   0  0.52 0.00
  236 L    -2   4  -2  -3  -2   0  -1  -3  -1   0   2   1   1  -1  -3  -2  -1  -2  -1   0    0  50   0   0   0   0   0   0   0   0  50   0   0   0   0   0   0   0   0   0  0.29 0.00
  237 S     0  -1   4   1  -2   0   0   0   0  -3  -3   0  -2  -3  -1   3   1  -3  -2  -2    0   0  50   0   0   0   0   0   0   0   0   0   0   0   0  50   0   0   0   0  0.45 0.00
  238 G    -1   4   0  -2  -3   0  -1   4  -1  -4  -3   1  -2  -3  -2  -1  -1  -3  -2  -3    0  50   0   0   0   0   0  50   0   0   0   0   0   0   0   0   0   0   0   0  0.56 0.00
  239 S     1  -1   1   0  -1   0   0   0  -1  -3  -3   0  -2  -3  -1   4   1  -3  -2  -2    0   0   0   0   0   0   0   0   0   0   0   0   0   0   0 100   0   0   0   0  0.46 0.00
  240 G     0  -2   0  -1  -3  -2  -2   6  -2  -4  -4  -2  -3  -3  -2   0  -2  -3  -3  -3    0   0   0   0   0   0   0 100   0   0   0   0   0   0   0   0   0   0   0   0  1.04 0.00
  241 T     0  -1   0  -1  -1  -1  -1  -2  -2  -1  -1  -1  -1  -2  -1   1   5  -3  -2   0    0   0   0   0   0   0   0   0   0   0   0   0   0   0   0   0 100   0   0   0  0.48 0.00
  242 K    -1   1   1   4  -3   1   1  -2  -1  -3  -3   3  -2  -3  -1   0  -1  -4  -3  -3    0   0   0  50   0   0   0   0   0   0   0  50   0   0   0   0   0   0   0   0  0.51 0.00
  243 G    -1  -3  -2  -2  -3  -3  -3   4  -2  -2  -1  -2  -1   4  -3  -1  -2   0   1  -2    0   0   0   0   0   0   0  50   0   0   0   0   0  50   0   0   0   0   0   0  0.49 0.00
  244 A     3  -1   0  -1  -1   0  -1   0  -1  -2  -2   0  -1  -2  -1   3   1  -3  -2  -1   50   0   0   0   0   0   0   0   0   0   0   0   0   0   0  50   0   0   0   0  0.35 0.00
  245 I    -2  -3  -3  -4  -2  -3  -3  -4  -2   3   1  -3   1   5  -3  -3  -1   0   2   1    0   0   0   0   0   0   0   0   0  50   0   0   0  50   0   0   0   0   0   0  0.38 0.00
  246 L    -1  -2  -3  -3  -2  -2  -2  -3  -3   0   2  -2   1  -1   6  -2  -1  -3  -2   0    0   0   0   0   0   0   0   0   0   0  50   0   0   0  50   0   0   0   0   0  0.80 0.00
  247 P    -1  -2  -2  -2  -3  -1  -1  -2  -2  -3  -3  -1  -3  -4   8  -1  -1  -4  -3  -3    0   0   0   0   0   0   0   0   0   0   0   0   0   0 100   0   0   0   0   0  2.05 0.01
  248 V     0  -3  -3  -3  -1  -2  -3  -3  -3   3   1  -2   1  -1  -3  -2   0  -3  -1   4    0   0   0   0   0   0   0   0   0   0   0   0   0   0   0   0   0   0   0 100  0.35 0.00
  249 E    -1   0   0   2  -4   2   5  -2   0  -3  -3   1  -2  -3  -1   0  -1  -3  -2  -3    0   0   0   0   0   0 100   0   0   0   0   0   0   0   0   0   0   0   0   0  0.74 0.00
  250 A     4  -2  -2  -2   0  -1  -1   0  -2  -1  -2  -1  -1  -2  -1   1   0  -3  -2   0  100   0   0   0   0   0   0   0   0   0   0   0   0   0   0   0   0   0   0   0  0.41 0.00
  251 V     3  -2  -2  -3  -1  -2  -2  -1  -2   1   0  -1   0  -2  -2   0   0  -3  -2   3   50   0   0   0   0   0   0   0   0   0   0   0   0   0   0   0   0   0   0  50  0.21 0.00
  252 W    -2  -2  -3  -4  -3  -2  -3  -3   0  -2  -1  -2  -1   2  -3  -2  -2   9   6  -2    0   0   0   0   0   0   0   0   0   0   0   0   0   0   0   0   0  50  50   0  1.31 0.01
  253 S     1  -1   1   0  -1   0   0   0  -1  -3  -3   0  -2  -3  -1   4   1  -3  -2  -2    0   0   0   0   0   0   0   0   0   0   0   0   0   0   0 100   0   0   0   0  0.46 0.00
  254 P    -1  -3  -3  -2  -2  -2  -2  -3  -3   2   0  -2   0  -1   6  -2  -1  -3  -2   1    0   0   0   0   0   0   0   0   0  50   0   0   0   0  50   0   0   0   0   0  0.78 0.00
  255 K    -1   1   4   0  -3   1   0  -1   0  -3  -3   3  -2  -3  -2   0   0  -4  -2  -3    0   0  50   0   0   0   0   0   0   0   0  50   0   0   0   0   0   0   0   0  0.45 0.00
  256 V    -1   0  -1  -1  -2   4   0  -3  -1   1   0   0   0  -2  -2  -1   0  -3  -1   2    0   0   0   0   0  50   0   0   0   0   0   0   0   0   0   0   0   0   0  50  0.23 0.00
  257 N    -2  -1   5   5  -3   0   1  -1   0  -3  -4   0  -3  -3  -2   0  -1  -4  -3  -3    0   0  50  50   0   0   0   0   0   0   0   0   0   0   0   0   0   0   0   0  0.67 0.00
  258 G     0  -2   0  -1  -3  -2  -2   6  -2  -4  -4  -2  -3  -3  -2   0  -2  -3  -3  -3    0   0   0   0   0   0   0 100   0   0   0   0   0   0   0   0   0   0   0   0  1.04 0.00
  259 L    -2  -2  -4  -4  -1  -2  -3  -4  -3   2   4  -3   2   0  -3  -3  -1  -2  -1   1    0   0   0   0   0   0   0   0   0   0 100   0   0   0   0   0   0   0   0   0  0.46 0.00
  260 P    -1  -2  -2  -2  -3  -1  -1  -2  -2  -3  -3  -1  -3  -4   8  -1  -1  -4  -3  -3    0   0   0   0   0   0   0   0   0   0   0   0   0   0 100   0   0   0   0   0  2.05 0.01
  261 G     3  -2  -1  -2  -1  -1  -2   4  -2  -2  -2  -1  -2  -3  -1   1  -1  -3  -2  -1   50   0   0   0   0   0   0  50   0   0   0   0   0   0   0   0   0   0   0   0  0.52 0.00
  262 E     0  -1   0   1  -2   1   3  -2  -1  -2  -2   0  -1  -3  -1   1   3  -3  -2  -1    0   0   0   0   0   0  50   0   0   0   0   0   0   0   0   0  50   0   0   0  0.40 0.00
  263 Y    -2  -2  -3  -3  -3  -2  -3  -3   1  -1   0  -3   0   5  -3  -2  -2   2   6  -1    0   0   0   0   0   0   0   0   0   0   0   0   0  50   0   0   0   0  50   0  0.69 0.00
  264 R    -1   5   0  -1  -3   1   0  -2  -1  -3  -2   4  -1  -3  -2  -1  -1  -3  -2  -3    0  50   0   0   0   0   0   0   0   0   0  50   0   0   0   0   0   0   0   0  0.56 0.00
  265 L    -2  -2  -4  -4  -1  -2  -3  -4  -3   2   4  -3   2   0  -3  -3  -1  -2  -1   1    0   0   0   0   0   0   0   0   0   0 100   0   0   0   0   0   0   0   0   0  0.46 0.00
  266 G     0  -2   0  -1  -3  -2  -2   6  -2  -4  -4  -2  -3  -3  -2   0  -2  -3  -3  -3    0   0   0   0   0   0   0 100   0   0   0   0   0   0   0   0   0   0   0   0  1.04 0.00
  267 Y    -2  -2  -3  -4  -3  -2  -3  -3   0  -2  -1  -2  -1   2  -3  -2  -2   9   6  -2    0   0   0   0   0   0   0   0   0   0   0   0   0   0   0   0   0  50  50   0  1.31 0.01
  268 Y    -2  -2  -2  -3  -3  -2  -2  -3   2  -1  -1  -2  -1   3  -3  -2  -2   2   7  -1    0   0   0   0   0   0   0   0   0   0   0   0   0   0   0   0   0   0 100   0  0.87 0.01
  269 Y    -2  -2  -2  -3  -3  -2  -2  -3   2  -1  -1  -2  -1   3  -3  -2  -2   2   7  -1    0   0   0   0   0   0   0   0   0   0   0   0   0   0   0   0   0   0 100   0  0.87 0.01
  270 S     0  -1   4   1  -2   0   0   0   0  -3  -3   0  -2  -3  -1   3   1  -3  -2  -2    0   0  50   0   0   0   0   0   0   0   0   0   0   0   0  50   0   0   0   0  0.45 0.00
  271 T     0  -2   0  -1  -2  -1  -2   4  -2  -2  -2  -1  -2  -3  -2   1   3  -3  -2  -1    0   0   0   0   0   0   0  50   0   0   0   0   0   0   0   0  50   0   0   0  0.48 0.00
  272 A     3   4  -1  -2  -2   0  -1  -1  -1  -2  -2   1  -1  -3  -1   0  -1  -3  -2  -1   50  50   0   0   0   0   0   0   0   0   0   0   0   0   0   0   0   0   0   0  0.35 0.00
  273 K     0   1   0  -1  -2   0   0  -2  -1  -2  -2   3  -1  -3  -1   1   3  -3  -2  -1    0   0   0   0   0   0   0   0   0   0   0  50   0   0   0   0  50   0   0   0  0.32 0.00
  274 A     4  -2  -2  -2   0  -1  -1   0  -2  -1  -2  -1  -1  -2  -1   1   0  -3  -2   0  100   0   0   0   0   0   0   0   0   0   0   0   0   0   0   0   0   0   0   0  0.41 0.00
  275 D    -2  -2   1   6  -4   0   2  -1  -1  -3  -4  -1  -3  -4  -2   0  -1  -4  -3  -3    0   0   0 100   0   0   0   0   0   0   0   0   0   0   0   0   0   0   0   0  0.93 0.00
  276 D    -1   0   1   4  -3   4   2  -2   0  -3  -3   0  -2  -4  -1   0  -1  -3  -2  -3    0   0   0  50   0  50   0   0   0   0   0   0   0   0   0   0   0   0   0   0  0.58 0.00
  277 V    -1  -1  -1  -2  -2  -1  -1  -3   6   1  -1  -1   0  -1  -2  -1  -1  -3   1   2    0   0   0   0   0   0   0   0  50   0   0   0   0   0   0   0   0   0   0  50  0.31 0.00
  278 Y    -2  -2  -3  -3  -3  -2  -3  -3   1  -1   0  -3   0   5  -3  -2  -2   2   6  -1    0   0   0   0   0   0   0   0   0   0   0   0   0  50   0   0   0   0  50   0  0.69 0.00
  279 D    -2  -2   1   6  -4   0   2  -1  -1  -3  -4  -1  -3  -4  -2   0  -1  -4  -3  -3    0   0   0 100   0   0   0   0   0   0   0   0   0   0   0   0   0   0   0   0  0.93 0.00
  280 D    -2  -1   5   5  -3   0   1  -1   0  -3  -4   0  -3  -3  -2   0  -1  -4  -3  -3    0   0  50  50   0   0   0   0   0   0   0   0   0   0   0   0   0   0   0   0  0.67 0.00
  281 V     0  -1  -1  -1  -1  -1  -1  -1  -1   2   0  -1   0  -1  -1  -1   0  -1  -1   3    4   3   2   3   1   2   3   4   1   3   5   3   1   2   3   4   3   1   2  53  0.07 0.00
  282 N    -1   0   4   1  -1   0   0   0   0  -1  -1   0  -1  -1  -1   0   0  -1  -1  -1    4   3  52   3   1   2   3   4   1   3   5   3   1   2   3   4   3   1   2   3  0.24 0.00
  283 G     0  -1   0  -1  -1  -1  -1   4  -1  -2  -2  -1  -1  -1  -1   0  -1  -1  -1  -1    4   3   2   3   1   2   3  54   1   3   5   3   1   2   3   4   3   1   2   3  0.33 0.00
  284 N    -1   0   4   1  -1   0   0   0   0  -1  -1   0  -1  -1  -1   0   0  -1  -1  -1    4   3  52   3   1   2   3   4   1   3   5   3   1   2   3   4   3   1   2   3  0.24 0.00
  285 P     0  -1  -1  -1  -1   0   0  -1  -1  -1  -1   0  -1  -2   6   0   0  -1  -1  -1    4   3   2   3   1   2   3   4   1   3   5   3   1   2  53   4   3   1   2   3  0.76 0.00
  286 Q     0   1   0   0  -1   4   1  -1   0  -1  -1   1   0  -1   0   0   0  -1  -1  -1    4   3   2   3   1  52   3   4   1   3   5   3   1   2   3   4   3   1   2   3  0.23 0.00
  287 A     3  -1  -1  -1   0   0   0   0  -1  -1  -1   0  -1  -1   0   1   0  -1  -1   0   54   3   2   3   1   2   3   4   1   3   5   3   1   2   3   4   3   1   2   3  0.14 0.00
  288 L    -1  -1  -1  -1  -1  -1  -1  -1  -1   1   3  -1   1   0  -1  -1   0  -1  -1   0    4   3   2   3   1   2   3   4   1   3  55   3   1   2   3   4   3   1   2   3  0.09 0.00
  289 T     0  -1   0  -1  -1  -1  -1  -2  -2  -1  -1  -1  -1  -2  -1   1   5  -3  -2   0    0   0   0   0   0   0   0   0   0   0   0   0   0   0   0   0 100   0   0   0  0.48 0.00
  290 G     0  -2   0  -1  -3  -2  -2   6  -2  -4  -4  -2  -3  -3  -2   0  -2  -3  -3  -3    0   0   0   0   0   0   0 100   0   0   0   0   0   0   0   0   0   0   0   0  1.04 0.00
  291 E    -1   4   0   0  -4   2   4  -2   0  -3  -3   2  -2  -3  -2   0  -1  -3  -2  -3    0  50   0   0   0   0  50   0   0   0   0   0   0   0   0   0   0   0   0   0  0.55 0.00
  292 A     3  -1   0  -1  -1   0  -1   0  -1  -2  -2   0  -1  -2  -1   3   1  -3  -2  -1   50   0   0   0   0   0   0   0   0   0   0   0   0   0   0  50   0   0   0   0  0.35 0.00
  293 F    -2  -3  -3  -4  -2  -3  -3  -4  -2   1   3  -3   1   5  -3  -3  -2   0   2   0    0   0   0   0   0   0   0   0   0   0  50   0   0  50   0   0   0   0   0   0  0.43 0.00
  294 K     0   1   0  -1  -3   0   0   4  -1  -3  -3   3  -2  -3  -2   0  -1  -3  -3  -3    0   0   0   0   0   0   0  50   0   0   0  50   0   0   0   0   0   0   0   0  0.49 0.00
  295 S     1  -1   1   0  -1   0   0   0  -1  -3  -3   0  -2  -3  -1   4   1  -3  -2  -2    0   0   0   0   0   0   0   0   0   0   0   0   0   0   0 100   0   0   0   0  0.46 0.00
  296 H    -1  -1   0  -1  -3  -1  -1   4   6  -4  -3  -1  -2  -2  -2  -1  -2  -3   0  -3    0   0   0   0   0   0   0  50  50   0   0   0   0   0   0   0   0   0   0   0  0.62 0.00
  297 S     3  -1   0  -1  -1   0  -1   0  -1  -2  -2   0  -1  -2  -1   3   1  -3  -2  -1   50   0   0   0   0   0   0   0   0   0   0   0   0   0   0  50   0   0   0   0  0.35 0.00
  298 S     1  -1   1   0  -1   0   0   0  -1  -3  -3   0  -2  -3  -1   4   1  -3  -2  -2    0   0   0   0   0   0   0   0   0   0   0   0   0   0   0 100   0   0   0   0  0.46 0.00
  299 K     0   1   0  -1  -2   1   0  -1  -1  -3  -3   3  -2  -3  -1   3   1  -3  -2  -2    0   0   0   0   0   0   0   0   0   0   0  50   0   0   0  50   0   0   0   0  0.34 0.00
  300 H    -2   0   1  -1  -3   0   0  -2   8  -3  -3  -1  -2  -1  -2  -1  -2  -3   2  -3    0   0   0   0   0   0   0   0 100   0   0   0   0   0   0   0   0   0   0   0  0.87 0.01
  301 G     0  -2   0  -1  -3  -2  -2   6  -2  -4  -4  -2  -3  -3  -2   0  -2  -3  -3  -3    0   0   0   0   0   0   0 100   0   0   0   0   0   0   0   0   0   0   0   0  1.04 0.00
  302 W    -2  -1   4   0  -3  -1  -1  -1  -1  -3  -3  -1  -2   0  -3  -1  -1   9   1  -3    0   0  50   0   0   0   0   0   0   0   0   0   0   0   0   0   0  50   0   0  1.06 0.01
  303 W    -3  -3  -4  -5  -2  -2  -3  -3  -3  -3  -2  -3  -2   1  -4  -3  -3  11   2  -3    0   0   0   0   0   0   0   0   0   0   0   0   0   0   0   0   0 100   0   0  2.33 0.01
  304 V     2  -2  -2  -3  -1  -1  -2  -1  -2   1   1  -1   3  -1  -2   0   0  -2  -1   2   43   0   0   0   0   0   0   0   0   0   0   0  29   0   0   0   0   0   0  28  0.17 0.00
  305 V     0  -3  -3  -3  -1  -2  -3  -3  -3   3   1  -2   1  -1  -3  -2   0  -3  -1   4    0   0   0   0   0   0   0   0   0   0   0   0   0   0   0   0   0   0   0 100  0.36 0.01
  306 A     3  -2  -2  -2  -1  -1  -2  -1  -2   1   0  -1   0  -2  -1   0   0  -3  -2   2   57   0   0   0   0   0   0   0   0   0   0   0   0   0   0   0   0   0   0  43  0.23 0.00
  307 Q    -1   0   1   4  -3   4   2  -2   0  -3  -3   1  -1  -4  -1   0  -1  -3  -2  -3    0   0   0  43   0  57   0   0   0   0   0   0   0   0   0   0   0   0   0   0  0.57 0.01
  308 Q    -1   1   0  -1  -3   4   1  -2   6  -3  -3   1  -1  -2  -2   0  -1  -2   0  -3    0   0   0   0   0  57   0   0  43   0   0   0   0   0   0   0   0   0   0   0  0.57 0.01
  309 Q    -1   0  -1  -1  -2   4   1  -2   0  -1   0   0   4  -2  -2  -1  -1  -2  -1  -1    0   0   0   0   0  57   0   0   0   0   0   0  43   0   0   0   0   0   0   0  0.32 0.01
  310 V    -1  -3  -3  -4  -1  -2  -3  -4  -3   2   3  -2   1   0  -3  -2  -1  -2  -1   3    0   0   0   0   0   0   0   0   0   0  43   0   0   0   0   0   0   0   0  57  0.32 0.00
  311 T    -1  -2  -1  -2  -2  -1  -2  -2  -2  -1  -1  -2  -1   0  -2   0   3   9   1  -1    0   0   0   0   0   0   0   0   0   0   0   0   0   0   0   0  57  43   0   0  0.86 0.01
  312 A     2   1   0  -1  -2   0   0  -1  -1  -2  -2   3  -1  -3  -1   2   0  -3  -2  -1   28   0   0   0   0   0   0   0   0   0   0  43   0   0   0  29   0   0   0   0  0.28 0.00
  313 H    -2   4   0  -1  -3   1   0  -2   6  -3  -3   1  -2  -2  -2  -1  -2  -3   1  -3    0  43   0   0   0   0   0   0  57   0   0   0   0   0   0   0   0   0   0   0  0.61 0.01
  314 G    -1  -1   3   1  -3   1   3   3   0  -4  -3   0  -2  -3  -2   0  -1  -3  -2  -3    0   0  29   0   0   0  43  28   0   0   0   0   0   0   0   0   0   0   0   0  0.45 0.00
  315 G     0  -2   0  -1  -3  -2  -2   6  -2  -4  -4  -2  -3  -3  -2   0  -2  -3  -3  -3    0   0   0   0   0   0   0 100   0   0   0   0   0   0   0   0   0   0   0   0  1.05 0.01
  316 D    -1  -1   1   5  -2  -1   1  -2  -1  -2  -2  -1  -2  -3  -1   1   3  -4  -3  -2    0   0   0  57   0   0   0   0   0   0   0   0   0   0   0   0  43   0   0   0  0.50 0.01
  317 V     2  -2  -3  -3  -1  -2  -2  -2  -3   2   0  -2   0  -1  -2  -1   0  -3  -1   3   29   0   0   0   0   0   0   0   0   0   0   0   0   0   0   0   0   0   0  71  0.23 0.00
  318 N    -1  -1   3   4  -2   0   1  -1  -1  -3  -3   0  -2  -3  -1   2   0  -4  -2  -3    0   0  28  43   0   0   0   0   0   0   0   0   0   0   0  29   0   0   0   0  0.50 0.00
  319 R     0   4   0  -1  -2   1   0  -1  -1  -3  -2   1  -2  -3  -2   2   0  -3  -2  -2    0  57   0   0   0   0   0   0   0   0   0   0   0   0   0  43   0   0   0   0  0.43 0.01
  320 G     0  -2   0  -1  -3  -2  -2   6  -2  -4  -4  -2  -3  -3  -2   0  -2  -3  -3  -3    0   0   0   0   0   0   0 100   0   0   0   0   0   0   0   0   0   0   0   0  1.05 0.01
  321 L    -1  -2  -3  -4  -1  -2  -3  -4  -3   2   3  -3   2   0  -3  -2  -1  -2  -1   3    0   0   0   0   0   0   0   0   0   0  57   0   0   0   0   0   0   0   0  43  0.33 0.00
  322 S     1  -1   0  -1  -2  -1  -1   4  -1  -3  -3  -1  -2  -3  -1   3   0  -3  -2  -2    0   0   0   0   0   0   0  43   0   0   0   0   0   0   0  57   0   0   0   0  0.49 0.00
  323 L     2  -2  -3  -3  -1  -2  -2  -2  -2   1   3  -2   1   0  -2   0  -1  -2  -1   0   43   0   0   0   0   0   0   0   0   0  57   0   0   0   0   0   0   0   0   0  0.22 0.00
  324 F    -2  -3  -3  -4  -3  -3  -3  -3  -1   0   0  -3   0   6  -4  -3  -2   1   3  -1    0   0   0   0   0   0   0   0   0   0   0   0   0 100   0   0   0   0   0   0  0.76 0.01
  325 A     3  -2  -2  -3  -1  -2  -2  -1  -2  -1  -1  -2  -1   4  -2   0  -1  -1   1  -1   57   0   0   0   0   0   0   0   0   0   0   0   0  43   0   0   0   0   0   0  0.27 0.00
  326 N    -2   4   5   0  -3   0   0  -1   0  -3  -3   1  -2  -3  -2   0  -1  -3  -2  -3    0  43  57   0   0   0   0   0   0   0   0   0   0   0   0   0   0   0   0   0  0.53 0.01
  327 F    -1  -2  -2  -2  -1  -2  -2  -3  -2   0   2  -2   1   3  -2   0   3  -1   1   0    0   0   0   0   0   0   0   0   0   0  29   0   0  28   0   0  43   0   0   0  0.22 0.00
  328 T     0  -1   0  -1  -1  -1  -1  -2  -2  -1  -1  -1  -1  -2  -1   1   5  -3  -2   0    0   0   0   0   0   0   0   0   0   0   0   0   0   0   0   0 100   0   0   0  0.49 0.01
  329 V    -1  -2  -3  -3  -1  -2  -2  -3   0   2   0  -2   0   1  -3  -2  -1   0   5   3    0   0   0   0   0   0   0   0   0   0   0   0   0   0   0   0   0   0  43  57  0.33 0.01
  330 H    -1  -1   0  -2  -2   0  -1  -2   6  -1   0  -1   4  -1  -2  -1  -1  -2   1  -1    0   0   0   0   0   0   0   0  57   0   0   0  43   0   0   0   0   0   0   0  0.41 0.01
  331 D    -1  -2   0   5  -3  -1   1  -2  -2  -3  -3  -1  -3  -4   5  -1  -1  -4  -3  -3    0   0   0  57   0   0   0   0   0   0   0   0   0   0  43   0   0   0   0   0  0.99 0.01
  332 K    -1   1   1   4  -3   1   1  -2  -1  -3  -3   3  -2  -3  -1   0  -1  -4  -2  -3    0   0   0  43   0   0   0   0   0   0   0  57   0   0   0   0   0   0   0   0  0.48 0.00
  333 A     3  -2   0   4  -1  -1   0   0  -2  -2  -2  -1  -2  -3  -1   1   0  -3  -2  -1   57   0   0  43   0   0   0   0   0   0   0   0   0   0   0   0   0   0   0   0  0.37 0.00
  334 T    -1   4   0  -1  -2   0  -1  -2  -1  -2  -2   1  -1  -3  -2   1   3  -3  -2  -1    0  43   0   0   0   0   0   0   0   0   0   0   0   0   0   0  57   0   0   0  0.38 0.01
  335 N    -2  -1   6   1  -3   0   0   0   1  -3  -4   0  -2  -3  -2   1   0  -4  -2  -3    0   0 100   0   0   0   0   0   0   0   0   0   0   0   0   0   0   0   0   0  0.74 0.01
  336 V     0  -1  -1  -2  -2   3   0  -3  -1   1   0   0   0  -2  -2  -1   0  -3  -1   3    0   0   0   0   0  43   0   0   0   0   0   0   0   0   0   0   0   0   0  57  0.21 0.01
  337 V    -1  -2  -3  -3  -1  -1  -2  -3  -3   2   1  -2   4  -1  -3  -2   0  -2  -1   3    0   0   0   0   0   0   0   0   0   0   0   0  43   0   0   0   0   0   0  57  0.28 0.01
  338 D     0  -1   1   5  -2   0   1  -1  -1  -3  -3  -1  -2  -3  -1   2   0  -4  -3  -3    0   0   0  57   0   0   0   0   0   0   0   0   0   0   0  43   0   0   0   0  0.54 0.00
  339 N    -2  -1   5   0  -3  -1  -1  -1   1  -2  -2  -1  -2   1  -3   0  -1   0   5  -2    0   0  57   0   0   0   0   0   0   0   0   0   0   0   0   0   0   0  43   0  0.47 0.01
  340 Y    -2  -2  -3  -4  -3  -2  -3  -3   1  -2  -1  -2  -1   2  -3  -2  -2   9   6  -2    0   0   0   0   0   0   0   0   0   0   0   0   0   0   0   0   0  43  57   0  1.21 0.01
  341 Q    -1   0  -1  -1  -2   4   1  -3  -1   0   2   0   1  -1  -2  -1  -1  -2  -1  -1    0   0   0   0   0  57   0   0   0   0  43   0   0   0   0   0   0   0   0   0  0.28 0.01
  342 Q    -1   0   1   4  -3   4   2  -2   0  -3  -3   1  -1  -4  -1   0  -1  -3  -2  -3    0   0   0  43   0  57   0   0   0   0   0   0   0   0   0   0   0   0   0   0  0.57 0.01
  343 V     0  -2  -2  -2  -1  -2  -2  -3  -2   1   2  -2   1  -1  -2   0   3  -2  -1   2    0   0   0   0   0   0   0   0   0   0  29   0   0   0   0   0  43   0   0  28  0.21 0.00
  344 G     0  -2   0  -1  -3  -2  -2   6  -2  -4  -4  -2  -3  -3  -2   0  -2  -3  -3  -3    0   0   0   0   0   0   0 100   0   0   0   0   0   0   0   0   0   0   0   0  1.05 0.01
  345 L    -1  -2  -3  -4  -1  -2  -3  -4  -3   2   3  -3   2   0  -3  -2  -1  -2  -1   2    0   0   0   0   0   0   0   0   0   0  71   0   0   0   0   0   0   0   0  29  0.36 0.00
  346 V     0  -2  -1  -2  -1  -2  -2  -3  -3   2   0  -2   0  -1  -2   0   3  -3  -1   3    0   0   0   0   0   0   0   0   0   0   0   0   0   0   0   0  43   0   0  57  0.25 0.00
  347 Y    -2  -2  -3  -4  -2  -2  -3  -3   1   0   2  -2   1   2  -3  -2  -2   1   6   0    0   0   0   0   0   0   0   0   0   0  43   0   0   0   0   0   0   0  57   0  0.47 0.01
  348 K    -1   2   0  -1  -3   1   1  -2  -1  -3  -3   5  -1  -3  -1   0  -1  -3  -2  -2    0   0   0   0   0   0   0   0   0   0   0 100   0   0   0   0   0   0   0   0  0.53 0.01
  349 G     0  -2   0  -1  -3  -2  -2   6  -2  -4  -4  -2  -3  -3  -2   0  -2  -3  -3  -3    0   0   0   0   0   0   0 100   0   0   0   0   0   0   0   0   0   0   0   0  1.05 0.01
  350 A     2  -2  -1  -1  -1  -1  -1  -1  -2  -1  -2  -1  -1  -3   4   1   3  -3  -2  -1   28   0   0   0   0   0   0   0   0   0   0   0   0   0  29   0  43   0   0   0  0.52 0.00
  351 F    -2  -3  -3  -4  -3  -3  -3  -3  -1   0   0  -3   0   6  -4  -3  -2   1   3  -1    0   0   0   0   0   0   0   0   0   0   0   0   0 100   0   0   0   0   0   0  0.76 0.01
  352 D    -1  -1   1   5  -4   1   4  -2  -1  -3  -3   0  -3  -4  -1   0  -1  -4  -3  -3    0   0   0  57   0   0  43   0   0   0   0   0   0   0   0   0   0   0   0   0  0.71 0.01
  353 A     3  -2  -1  -2  -1  -1  -1   4  -2  -2  -2  -1  -2  -3  -1   1  -1  -3  -2  -1   57   0   0   0   0   0   0  43   0   0   0   0   0   0   0   0   0   0   0   0  0.47 0.00
  354 R    -2   6  -1  -2  -4   1   0  -2   0  -3  -2   2  -1  -3  -2  -1  -1  -3  -2  -3    0 100   0   0   0   0   0   0   0   0   0   0   0   0   0   0   0   0   0   0  0.76 0.01
  355 P    -1  -2   0   4  -3  -1   0  -2  -2  -3  -3  -1  -3  -4   6  -1  -1  -4  -3  -3    0   0   0  43   0   0   0   0   0   0   0   0   0   0  57   0   0   0   0   0  1.17 0.01
  356 K    -1   1   1   4  -3   1   1  -2  -1  -3  -3   3  -2  -3  -1   0  -1  -4  -2  -3    0   0   0  43   0   0   0   0   0   0   0  57   0   0   0   0   0   0   0   0  0.48 0.00
  357 D    -2  -2   1   6  -4   0   2  -1  -1  -3  -4  -1  -3  -4  -2   0  -1  -5  -3  -3    0   0   0 100   0   0   0   0   0   0   0   0   0   0   0   0   0   0   0   0  0.94 0.01
  358 D    -2  -2   0   5  -2  -1   0  -2  -2   2   0  -1  -1  -2  -2  -1  -1  -4  -2   1    0   0   0  57   0   0   0   0   0  43   0   0   0   0   0   0   0   0   0   0  0.35 0.00
  359 I    -1  -2  -2  -2  -1  -2  -2  -3  -3   3   1  -2   1  -1  -2   0   3  -3  -2   2    0   0   0   0   0   0   0   0   0  57   0   0   0   0   0   0  43   0   0   0  0.24 0.00
  360 G     0  -2   0  -1  -3  -2  -2   6  -2  -4  -4  -2  -3  -3  -2   0  -2  -3  -3  -3    0   0   0   0   0   0   0 100   0   0   0   0   0   0   0   0   0   0   0   0  1.05 0.01
  361 F    -2  -3  -3  -4  -2  -3  -3  -4  -3   3   2  -3   1   3  -3  -3  -1  -1   1   1    0   0   0   0   0   0   0   0   0  43  29   0   0  28   0   0   0   0   0   0  0.33 0.00
  362 G     1  -2   0  -1  -2  -1  -1   5  -2  -3  -3  -1  -2  -3  -2   2   0  -3  -3  -3    0   0   0   0   0   0   0  57   0   0   0   0   0   0   0  43   0   0   0   0  0.58 0.00
  363 V    -1  -3  -3  -3  -2  -3  -3  -3  -2   3   1  -3   1   4  -3  -2  -1  -1   1   2    0   0   0   0   0   0   0   0   0  29   0   0   0  43   0   0   0   0   0  28  0.33 0.00
  364 A     4  -2  -2  -2   0  -1  -1   0  -2  -1  -2  -1  -1  -2  -1   1   0  -3  -2   0  100   0   0   0   0   0   0   0   0   0   0   0   0   0   0   0   0   0   0   0  0.41 0.01
  365 R    -2   4  -1  -2  -3   0  -1  -3   1  -2  -2   1  -1   1  -3  -1  -1   0   5  -2    0  57   0   0   0   0   0   0   0   0   0   0   0   0   0   0   0   0  43   0  0.50 0.01
  366 I    -1  -3  -2  -2  -2  -2  -3   3  -3   3   0  -2   0  -1  -3  -1  -1  -3  -2   1    0   0   0   0   0   0   0  43   0  57   0   0   0   0   0   0   0   0   0   0  0.29 0.00
  367 H    -1   1   0  -1  -3   1   0  -2   6  -3  -3   3  -2  -2  -2  -1  -1  -3   1  -3    0   0   0   0   0   0   0   0  57   0   0  43   0   0   0   0   0   0   0   0  0.53 0.01
  368 V    -1  -2  -3  -3  -1  -1  -2  -3  -3   2   1  -2   4  -1  -3  -2   0  -2  -1   3    0   0   0   0   0   0   0   0   0   0   0   0  43   0   0   0   0   0   0  57  0.28 0.01
  369 N     0  -1   5   1  -2   0   0   0   0  -3  -3   0  -2  -3  -2   3   1  -3  -2  -2    0   0  57   0   0   0   0   0   0   0   0   0   0   0   0  43   0   0   0   0  0.48 0.01
  370 D    -2  -2   1   6  -4   0   2  -1  -1  -3  -4  -1  -3  -4  -2   0  -1  -5  -3  -3    0   0   0 100   0   0   0   0   0   0   0   0   0   0   0   0   0   0   0   0  0.94 0.01
  371 D    -1  -1   1   5  -4   1   4  -2  -1  -3  -3   0  -3  -4  -1   0  -1  -4  -3  -3    0   0   0  57   0   0  43   0   0   0   0   0   0   0   0   0   0   0   0   0  0.71 0.01
  372 V    -1  -3  -3  -4  -1  -2  -3  -4  -3   2   3  -2   1   0  -3  -2  -1  -2  -1   3    0   0   0   0   0   0   0   0   0   0  43   0   0   0   0   0   0   0   0  57  0.32 0.00
  373 K     2   1  -1  -1  -2   1   0  -1  -1  -2  -2   3  -1  -3  -1   0   0  -3  -2  -1   43   0   0   0   0   0   0   0   0   0   0  57   0   0   0   0   0   0   0   0  0.30 0.00
  374 K     0   1   0  -1  -2   1   0  -1  -1  -3  -3   4  -2  -3  -1   2   0  -3  -2  -2    0   0   0   0   0   0   0   0   0   0   0  57   0   0   0  43   0   0   0   0  0.36 0.00
  375 R    -2   6  -1  -2  -4   1   0  -2   0  -3  -2   2  -1  -3  -2  -1  -1  -3  -2  -3    0 100   0   0   0   0   0   0   0   0   0   0   0   0   0   0   0   0   0   0  0.76 0.01
  376 A     2   0   0   0  -1   3   1   0   0  -1  -1   0   0  -1   0   0   0  -1  -1  -1   32   2   2   2   1  31   3   3   1   2   4   2   1   2   2   3   2   1   1   3  0.15 0.00
  377 E    -1   3   0   0  -2   1   3  -1   0  -2  -1   1  -1  -2  -1   0   0  -1  -1  -1    3  31   2   2   1   2  31   3   1   2   4   2   1   2   2   3   2   1   1   3  0.22 0.00
  378 L    -1  -1  -1  -2  -1  -1  -1  -2  -1   1   3  -1   1   0  -1  -1  -1  -1  -1   0    3   2   2   2   1   2   3   3   1   2  61   2   1   2   2   3   2   1   1   3  0.13 0.00
  379 L     0  -1  -1  -1  -1  -1  -1  -2  -1   1   2  -1   1   0  -1  -1   0  -1  -1   2    3   2   2   2   1   2   3   3   1   2  32   2   1   2   2   3   2   1   1  32  0.08 0.00
  380 N    -1   0   5   1  -2   0   0   0   0  -2  -2   0  -1  -2  -1   0   0  -2  -1  -2    3   2  59   2   1   2   3   3   1   2   4   2   1   2   2   3   2   1   1   3  0.30 0.00
  381 A     2   0   0   0  -1   3   1   0   0  -1  -1   0   0  -1   0   0   0  -1  -1  -1   32   2   2   2   1  31   3   3   1   2   4   2   1   2   2   3   2   1   1   3  0.15 0.00
  382 Q     0   0  -1  -1  -1   3   0  -1  -1   1   0   0   0  -1  -1   0   0  -1  -1   1    3   2   2   2   1  30   3   3   1   2   4   2   1   2   2   3   2   1   1  32  0.09 0.00
  383 S     0   0   3   0  -1   0   0   0   0  -2  -2   0  -1  -1   0   2   1  -1  -1  -1    3   2  31   2   1   2   3   3   1   2   4   2   1   2   2  32   2   1   1   3  0.19 0.00
  384 G     0  -1   0  -1  -1  -1  -1   5  -1  -2  -2  -1  -1  -2  -1   0  -1  -1  -2  -2    3   2   2   2   1   2   3  61   1   2   4   2   1   2   2   3   2   1   1   3  0.42 0.00
  385 I    -1  -1  -1  -1  -1  -1  -1  -2  -2   3   1  -1   1   0  -1  -1   0  -1  -1   2    3   2   2   2   1   2   3   3   1  60   4   2   1   2   2   3   2   1   1   3  0.10 0.00
  386 N    -1  -1   3   3  -2   0   1   0   0  -2  -2   0  -1  -2  -1   0   0  -2  -1  -2    3   2  30  31   1   2   3   3   1   2   4   2   1   2   2   3   2   1   1   3  0.27 0.00
  387 D    -2  -2   1   6  -4   0   2  -1  -1  -3  -4  -1  -3  -4  -2   0  -1  -5  -3  -3    0   0   0 100   0   0   0   0   0   0   0   0   0   0   0   0   0   0   0   0  0.94 0.01
  388 Y     2  -2  -2  -3  -1  -1  -2  -1   1  -1  -1  -1  -1   2  -2   0  -1   1   5  -1   43   0   0   0   0   0   0   0   0   0   0   0   0   0   0   0   0   0  57   0  0.41 0.01
  389 D    -2  -2   1   6  -4   0   2  -1  -1  -3  -4  -1  -3  -4  -2   0  -1  -5  -3  -3    0   0   0 100   0   0   0   0   0   0   0   0   0   0   0   0   0   0   0   0  0.94 0.01
  390 N     2  -1   5   0  -2   0  -1   0   0  -2  -3   0  -2  -3  -2   1   0  -3  -2  -2   43   0  57   0   0   0   0   0   0   0   0   0   0   0   0   0   0   0   0   0  0.38 0.01
  391 P    -1   4  -1  -2  -3   0  -1  -2  -1  -3  -3   1  -2  -3   6  -1  -1  -3  -3  -3    0  43   0   0   0   0   0   0   0   0   0   0   0   0  57   0   0   0   0   0  1.10 0.01
  392 G    -1   3  -1  -2  -3   0  -1   2  -1  -1   1   0   0  -2  -2  -1  -1  -2  -2  -1    0  43   0   0   0   0   0  28   0   0  29   0   0   0   0   0   0   0   0   0  0.25 0.00
  393 F    -2  -3  -3  -4  -3  -3  -3  -3   0  -1   0  -3   0   6  -4  -2  -2   1   5  -1    0   0   0   0   0   0   0   0   0   0   0   0   0  71   0   0   0   0  29   0  0.69 0.01
  394 V     2  -1  -1  -2  -1   3   0  -1  -1   0  -1   0   0  -2  -1   0   0  -3  -2   1   43   0   0   0   0  29   0   0   0   0   0   0   0   0   0   0   0   0   0  28  0.18 0.00
  395 P    -1  -2  -2  -2  -3  -1  -1  -2  -2  -3  -3  -1  -3  -4   8  -1  -1  -4  -3  -3    0   0   0   0   0   0   0   0   0   0   0   0   0   0 100   0   0   0   0   0  2.05 0.01
  396 L    -2  -2  -1   4  -2  -1   0  -3  -2   0   3  -2   1  -1  -2  -1  -1  -3  -2   0    0   0   0  43   0   0   0   0   0   0  57   0   0   0   0   0   0   0   0   0  0.28 0.00
  397 Q    -1   1   0  -1  -3   4   1  -2   6  -3  -3   1  -1  -2  -2   0  -1  -2   0  -3    0   0   0   0   0  57   0   0  43   0   0   0   0   0   0   0   0   0   0   0  0.57 0.01
  398 R    -2   3   1   5  -4   0   1  -2  -1  -3  -3   0  -3  -3  -2   0  -1  -4  -3  -3    0  28   0  72   0   0   0   0   0   0   0   0   0   0   0   0   0   0   0   0  0.66 0.01
  399 T    -1  -2  -1  -2  -2  -2  -2  -2  -2  -1   0  -2   0   4  -2   0   3  -1   1   0    0   0   0   0   0   0   0   0   0   0   0   0   0  43   0   0  57   0   0   0  0.31 0.01
  400 E    -1   0   0   2  -4   2   5  -2   0  -3  -3   1  -2  -3  -1   0  -1  -3  -2  -3    0   0   0   0   0   0 100   0   0   0   0   0   0   0   0   0   0   0   0   0  0.75 0.01
  401 Y     0  -1  -1  -2  -2  -1  -1  -2   1  -2  -2  -1  -1   2  -2   2   0   1   5  -1    0   0   0   0   0   0   0   0   0   0   0   0   0   0   0  43   0   0  57   0  0.42 0.01
  402 N    -1  -1   4   0  -2  -1  -1  -1  -1   1  -1  -1  -1  -2  -2   0   0  -4  -2   2    0   0  57   0   0   0   0   0   0   0   0   0   0   0   0   0   0   0   0  43  0.27 0.01
  403 A     3  -2  -2  -2  -1  -1  -2  -1  -2   1   0  -1   0  -2  -1   0   0  -3  -2   2   57   0   0   0   0   0   0   0   0   0   0   0   0   0   0   0   0   0   0  43  0.23 0.00
  404 E    -1   0   0   2  -4   2   5  -2   0  -3  -3   1  -2  -3  -1   0  -1  -3  -2  -3    0   0   0   0   0   0 100   0   0   0   0   0   0   0   0   0   0   0   0   0  0.75 0.01
  405 L    -2  -3  -4  -4  -1  -3  -3  -4  -3   3   3  -3   2   0  -3  -3  -1  -2  -1   2    0   0   0   0   0   0   0   0   0  43  57   0   0   0   0   0   0   0   0   0  0.38 0.00
  406 Y    -2  -2  -2  -3  -2  -1  -2  -3   1   0   1  -2   4   2  -3  -2  -1   1   6   0    0   0   0   0   0   0   0   0   0   0   0   0  43   0   0   0   0   0  57   0  0.45 0.01
  407 Y    -2  -2  -2  -3  -3  -2  -2  -3   2  -1  -1  -2  -1   3  -3  -2  -2   2   7  -1    0   0   0   0   0   0   0   0   0   0   0   0   0   0   0   0   0   0 100   0  0.89 0.01
  408 G     1  -2   0  -1  -2  -1  -1   5  -2  -3  -3  -1  -2  -3  -2   2   0  -3  -3  -3    0   0   0   0   0   0   0  57   0   0   0   0   0   0   0  43   0   0   0   0  0.58 0.00
  409 F    -1  -2  -3  -3  -2  -2  -3  -3   0   1   0  -2   0   4  -3  -2  -1   1   5   1    0   0   0   0   0   0   0   0   0   0   0   0   0  28   0   0   0   0  43  29  0.44 0.00
  410 H     2  -1   0  -1  -2   0   0  -1   6  -2  -2  -1  -1  -2  -2   0  -1  -3   1  -2   43   0   0   0   0   0   0   0  57   0   0   0   0   0   0   0   0   0   0   0  0.44 0.01
  411 V     0  -3  -3  -3  -1  -2  -3  -3  -3   3   1  -2   1  -1  -3  -2   0  -3  -1   4    0   0   0   0   0   0   0   0   0   0   0   0   0   0   0   0   0   0   0 100  0.36 0.01
  412 T     0  -1   0  -1  -1  -1  -1  -2  -2  -1  -1  -1  -1  -2  -1   1   5  -3  -2   0    0   0   0   0   0   0   0   0   0   0   0   0   0   0   0   0 100   0   0   0  0.49 0.01
  413 N    -1  -2   3   3  -3  -1   0  -1  -1  -3  -3  -1  -3  -4   5   0  -1  -4  -3  -3    0   0  28  29   0   0   0   0   0   0   0   0   0   0  43   0   0   0   0   0  0.86 0.00
  414 W    -3  -3  -4  -5  -3  -2  -3  -3  -3  -3  -2  -3  -2   1  -4  -3  -3  11   2  -3    0   0   0   0   0   0   0   0   0   0   0   0   0   0   0   0   0 100   0   0  2.36 0.02
  415 L    -2  -3  -4  -4  -2  -2  -3  -3  -3   0   3  -3   1   1  -3  -3  -2   9   1   0    0   0   0   0   0   0   0   0   0   0  57   0   0   0   0   0   0  43   0   0  0.88 0.01
  416 T     1  -1   0  -1  -1   0  -1  -1  -1  -1  -2  -1  -1  -2  -1   3   4  -3  -2  -1    0   0   0   0   0   0   0   0   0   0   0   0   0   0   0  43  57   0   0   0  0.39 0.01
  417 V     0  -3  -3  -3  -1  -2  -3  -3  -3   3   1  -2   1  -1  -3  -2   0  -3  -1   4    0   0   0   0   0   0   0   0   0   0   0   0   0   0   0   0   0   0   0 100  0.36 0.01
  418 R    -1   4   0  -1  -2   0   0  -2  -1  -2  -2   1  -1  -3  -2   0   3  -3  -2  -1    0  57   0   0   0   0   0   0   0   0   0   0   0   0   0   0  43   0   0   0  0.42 0.01
  419 P     0  -2  -1  -2  -3  -2  -2   4  -2  -3  -3  -1  -3  -4   6  -1  -1  -3  -3  -3    0   0   0   0   0   0   0  43   0   0   0   0   0   0  57   0   0   0   0   0  1.18 0.01
  420 N    -2  -1   4   0  -3  -1  -1  -1   0  -2  -1  -1  -1   4  -3   0  -1  -1   1  -2    0   0  57   0   0   0   0   0   0   0   0   0   0  43   0   0   0   0   0   0  0.38 0.01
  421 L    -1  -2  -2  -3  -2  -2  -3   3  -3   0   3  -2   1  -1  -3  -1  -1  -2  -2   0    0   0   0   0   0   0   0  43   0   0  57   0   0   0   0   0   0   0   0   0  0.32 0.00
  422 Q    -1   1   0   0  -3   6   2  -2   0  -3  -2   1   0  -3  -1   0  -1  -2  -2  -2    0   0   0   0   0 100   0   0   0   0   0   0   0   0   0   0   0   0   0   0  0.67 0.01
  423 Y    -2  -2  -2  -3  -3  -2  -2  -3   2  -1  -1  -2  -1   3  -3  -2  -2   2   7  -1    0   0   0   0   0   0   0   0   0   0   0   0   0   0   0   0   0   0 100   0  0.89 0.01
  424 I    -1  -3  -3  -4  -1  -3  -3  -4  -3   3   3  -3   2   0  -3  -3  -1  -2  -1   2    0   0   0   0   0   0   0   0   0  57  43   0   0   0   0   0   0   0   0   0  0.37 0.00
  425 K    -1   1  -1  -2  -3   0   0  -2  -1  -1  -1   3  -1   4  -2  -1  -1  -1   1  -2    0   0   0   0   0   0   0   0   0   0   0  57   0  43   0   0   0   0   0   0  0.29 0.01
  426 S     0   0   0  -1  -2   3   1  -1   6  -3  -3   0  -1  -2  -2   2   0  -2   0  -3    0   0   0   0   0  29   0   0  43   0   0   0   0   0   0  28   0   0   0   0  0.42 0.01
  427 P    -1  -2  -2  -2  -3  -1  -1  -2  -2  -3  -3  -1  -3  -4   8  -1  -1  -4  -3  -3    0   0   0   0   0   0   0   0   0   0   0   0   0   0 100   0   0   0   0   0  2.05 0.01
  428 G     0  -2   0  -1  -3  -2  -2   6  -2  -4  -4  -2  -3  -3  -2   0  -2  -3  -3  -3    0   0   0   0   0   0   0 100   0   0   0   0   0   0   0   0   0   0   0   0  1.05 0.01
  429 G     0  -2   0  -1  -3  -2  -2   6  -2  -4  -4  -2  -3  -3  -2   0  -2  -3  -3  -3    0   0   0   0   0   0   0 100   0   0   0   0   0   0   0   0   0   0   0   0  1.05 0.01
  430 V     0  -2  -1  -2  -1  -2  -2  -3  -3   2   0  -2   0  -1  -2   0   3  -3  -1   3    0   0   0   0   0   0   0   0   0   0   0   0   0   0   0   0  43   0   0  57  0.25 0.00
  431 D    -1   1   1   5  -3   0   1  -2  -1  -3  -3   3  -2  -4  -1   0  -1  -4  -3  -3    0   0   0  57   0   0   0   0   0   0   0  43   0   0   0   0   0   0   0   0  0.55 0.00
  432 E    -1  -1   0   1  -2   1   4  -2  -1  -2  -2   0  -1  -3  -1   1   3  -3  -2  -1    0   0   0   0   0   0  57   0   0   0   0   0   0   0   0   0  43   0   0   0  0.43 0.01
  433 V    -1  -3  -3  -3  -1  -3  -3  -4  -3   3   1  -3   1  -1  -3  -2   0  -3  -1   4    0   0   0   0   0   0   0   0   0  43   0   0   0   0   0   0   0   0   0  57  0.35 0.00
  434 D    -1  -2   0   5  -3  -1   1  -2  -2  -3  -3  -1  -3  -4   5  -1  -1  -4  -3  -3    0   0   0  57   0   0   0   0   0   0   0   0   0   0  43   0   0   0   0   0  0.99 0.01
  435 N    -2  -1   5   4  -3   0   1  -1   0  -3  -4   0  -3  -3  -2   0   0  -4  -3  -3    0   0  57  43   0   0   0   0   0   0   0   0   0   0   0   0   0   0   0   0  0.66 0.01
  436 A     4  -2  -2  -2   0  -1  -1   0  -2  -1  -2  -1  -1  -2  -1   1   0  -3  -2   0  100   0   0   0   0   0   0   0   0   0   0   0   0   0   0   0   0   0   0   0  0.41 0.01
  437 L     0  -2  -1  -2  -1  -1  -1  -2  -2   0   3  -1   1  -1  -2   2   0  -2  -1   0    0   0   0   0   0   0   0   0   0   0  57   0   0   0   0  43   0   0   0   0  0.19 0.00
  438 V     0  -3  -3  -3  -1  -2  -3  -3  -3   3   1  -2   1  -1  -3  -2   0  -3  -1   4    0   0   0   0   0   0   0   0   0   0   0   0   0   0   0   0   0   0   0 100  0.36 0.01
  439 A     3  -2  -2  -3  -1  -1  -2  -1  -2   0   2  -1   1  -1  -2   0  -1  -2  -2   0   57   0   0   0   0   0   0   0   0   0  43   0   0   0   0   0   0   0   0   0  0.21 0.00
  440 G     0  -2   0  -1  -3  -2  -2   6  -2  -4  -4  -2  -3  -3  -2   0  -2  -3  -3  -3    0   0   0   0   0   0   0 100   0   0   0   0   0   0   0   0   0   0   0   0  1.05 0.01
  441 L    -2  -3  -4  -4  -1  -2  -3  -4  -3   3   4  -3   2   0  -3  -3  -1  -2  -1   1    0   0   0   0   0   0   0   0   0  29  71   0   0   0   0   0   0   0   0   0  0.39 0.00
  442 K    -1   4   0  -1  -3   1   0  -2  -1  -3  -2   4  -1  -3  -2   0  -1  -3  -2  -3    0  43   0   0   0   0   0   0   0   0   0  57   0   0   0   0   0   0   0   0  0.55 0.00
  443 I    -1  -3  -3  -3  -1  -3  -3  -4  -3   4   2  -3   1   0  -3  -2  -1  -3  -1   3    0   0   0   0   0   0   0   0   0 100   0   0   0   0   0   0   0   0   0   0  0.38 0.00
  444 Q    -1   1   0   0  -3   6   2  -2   0  -3  -2   1   0  -3  -1   0  -1  -2  -2  -2    0   0   0   0   0 100   0   0   0   0   0   0   0   0   0   0   0   0   0   0  0.65 0.00
  445 S     1  -1   0  -1  -1   0  -1  -1  -1  -2  -2   0  -1  -2  -1   3   4  -3  -2  -1    0   0   0   0   0   0   0   0   0   0   0   0   0   0   0  50  50   0   0   0  0.38 0.01
  446 S     1  -2  -1  -1  -1  -1  -1  -1  -2   1   0  -1   0  -2  -2   2   1  -3  -2   2    0   0   0   0   0   0   0   0   0   0   0   0   0   0   0  50   0   0   0  50  0.18 0.01
  447 F    -2  -3  -3  -4  -3  -3  -3  -3  -1   0   0  -3   0   6  -4  -3  -2   1   3  -1    0   0   0   0   0   0   0   0   0   0   0   0   0 100   0   0   0   0   0   0  0.73 0.00

                      K         Lambda
Standard Ungapped    0.1358     0.3172
Standard Gapped      0.0410     0.2670
PSI Ungapped         0.1358     0.3172
PSI Gapped           0.0410     0.2670
