
Last position-specific scoring matrix computed, weighted observed percentages rounded down, information per position, and relative weight of gapless real matches to pseudocounts
            A   R   N   D   C   Q   E   G   H   I   L   K   M   F   P   S   T   W   Y   V   A   R   N   D   C   Q   E   G   H   I   L   K   M   F   P   S   T   W   Y   V
    1 M    -1  -1  -2  -3  -1   0  -2  -3  -1   1   2  -1   5   0  -2  -1  -1  -1  -1   1    0   0   0   0   0   0   0   0   0   0   0   0   0   0   0   0   0   0   0   0  0.00     0.00
    2 K    -1   2   0  -1  -3   1   1  -1  -1  -3  -2   4  -1  -3  -1   0  -1  -3  -2  -2    0   0   0   0   0   0   0   0   0   0   0   0   0   0   0   0   0   0   0   0  0.00     0.00
    3 A     4  -1  -1  -2   0  -1  -1   0  -2  -1  -1  -1  -1  -2  -1   1   0  -2  -2   0    0   0   0   0   0   0   0   0   0   0   0   0   0   0   0   0   0   0   0   0  0.00     0.00
    4 I    -1  -3  -3  -3  -1  -3  -3  -4  -3   4   1  -3   1   0  -3  -2  -1  -2  -1   2    0   0   0   0   0   0   0   0   0   0   0   0   0   0   0   0   0   0   0   0  0.00     0.00
    5 F    -2  -3  -3  -3  -2  -3  -3  -3  -1   0   0  -3   0   6  -3  -2  -2   1   3  -1    0   0   0   0   0   0   0   0   0   0   0   0   0   0   0   0   0   0   0   0  0.00     0.00
    6 V     0  -3  -3  -3  -1  -2  -3  -3  -3   3   1  -2   1  -1  -2  -2   0  -3  -1   4    0   0   0   0   0   0   0   0   0   0   0   0   0   0   0   0   0   0   0 100  0.34 0.00
    7 L     3  -2  -2  -2  -1  -1  -1  -1  -2   0   1  -1   0  -1  -1   0   0  -2  -2   0   68   0   0   0   0   0   0   0   0   0  32   0   0   0   0   0   0   0   0   0  0.22 0.00
    8 N    -1   1   3   0  -3   5   1  -1   1  -3  -3   1  -1  -3  -2   0   0  -2  -2  -2    0   0  32   0   0  68   0   0   0   0   0   0   0   0   0   0   0   0   0   0  0.51 0.00
    9 A     4  -1  -2  -2   0  -1  -1   0  -2  -1  -2  -1  -1  -2  -1   1   0  -3  -2   0  100   0   0   0   0   0   0   0   0   0   0   0   0   0   0   0   0   0   0   0  0.40 0.00
   10 A     4  -1  -2  -2   0  -1  -1   0  -2  -1  -2  -1  -1  -2  -1   1   0  -3  -2   0  100   0   0   0   0   0   0   0   0   0   0   0   0   0   0   0   0   0   0   0  0.40 0.00
   11 P    -1  -2  -2  -2  -3  -1  -1  -2  -2  -3  -3  -1  -3  -4   8  -1  -1  -4  -3  -2    0   0   0   0   0   0   0   0   0   0   0   0   0   0 100   0   0   0   0   0  2.04 0.00
   12 K    -1   2   0  -1  -3   1   1  -2  -1  -3  -3   5  -1  -3  -1   0  -1  -3  -2  -2    0   0   0   0   0   0   0   0   0   0   0 100   0   0   0   0   0   0   0   0  0.52 0.00
   13 D    -2  -2   1   6  -4   0   2  -1  -1  -3  -4  -1  -3  -4  -2   0  -1  -4  -3  -3    0   0   0 100   0   0   0   0   0   0   0   0   0   0   0   0   0   0   0   0  0.93 0.00
   14 N    -2   0   6   1  -3   0   0   0   1  -3  -4   0  -2  -3  -2   1   0  -4  -2  -3    0   0 100   0   0   0   0   0   0   0   0   0   0   0   0   0   0   0   0   0  0.72 0.00
   15 T     0  -1   0  -1  -1  -1  -1  -2  -2  -1  -1  -1  -1  -2  -1   1   5  -3  -2   0    0   0   0   0   0   0   0   0   0   0   0   0   0   0   0   0 100   0   0   0  0.47 0.00
   16 W    -3  -3  -4  -4  -2  -2  -3  -3  -2  -3  -2  -3  -1   1  -4  -3  -3  11   2  -3    0   0   0   0   0   0   0   0   0   0   0   0   0   0   0   0   0 100   0   0  2.31 0.00
   17 Y    -2  -2  -2  -3  -3  -2  -2  -3   2  -1  -1  -2  -1   3  -3  -2  -2   2   7  -1    0   0   0   0   0   0   0   0   0   0   0   0   0   0   0   0   0   0 100   0  0.90 0.01
   18 A     1  -2  -1  -2  -1  -1  -1  -2  -2   1   0  -1   0  -2  -1   1   3  -3  -2   2   20   0   0   0   0   0   0   0   0   0   0   0   0   0   0   0  44   0   0  36  0.22 0.00
   19 G     0  -2   0  -1  -3  -2  -2   6  -2  -4  -4  -2  -3  -3  -2   0  -2  -3  -3  -3    0   0   0   0   0   0   0 100   0   0   0   0   0   0   0   0   0   0   0   0  1.06 0.01
   20 G     2  -2  -1  -1  -2  -2  -2   5  -2  -3  -3  -1  -2  -3  -2   0  -1  -3  -3  -2   21   0   0   0   0   0   0  79   0   0   0   0   0   0   0   0   0   0   0   0  0.79 0.01
   21 K    -1   2   0  -1  -3   1   1  -2  -1  -3  -3   5  -1  -3  -1   0  -1  -3  -2  -2    0   0   0   0   0   0   0   0   0   0   0 100   0   0   0   0   0   0   0   0  0.54 0.01
   22 L    -1  -2  -3  -4  -1  -2  -3  -4  -3   2   3  -2   2   0  -3  -2  -1  -2  -1   2    0   0   0   0   0   0   0   0   0   0  64   0   0   0   0   0   0   0   0  36  0.35 0.00
   23 G     0  -2   0  -1  -3  -2  -2   6  -2  -4  -4  -2  -3  -3  -2   0  -2  -3  -3  -3    0   0   0   0   0   0   0 100   0   0   0   0   0   0   0   0   0   0   0   0  1.06 0.01
   24 W    -2   0  -2  -3  -3   0  -1  -2  -2  -3  -2   2  -2   0  -3  -2  -2  10   1  -3    0   0   0   0   0   0   0   0   0   0   0  36   0   0   0   0   0  64   0   0  1.30 0.01
   25 S     1  -1   1   0  -1   0   0   0  -1  -2  -3   0  -2  -3  -1   4   1  -3  -2  -2    0   0   0   0   0   0   0   0   0   0   0   0   0   0   0 100   0   0   0   0  0.47 0.01
   26 Q    -1   0  -1  -1  -3   4   1  -2   0  -3  -2   0  -1  -1  -2  -1  -1   8   0  -3    0   0   0   0   0  64   0   0   0   0   0   0   0   0   0   0   0  36   0   0  0.86 0.01
   27 Y    -2  -2  -3  -3  -2  -2  -2  -3   1   0   2  -2   0   2  -3  -2  -2   1   6   0    0   0   0   0   0   0   0   0   0   0  36   0   0   0   0   0   0   0  64   0  0.51 0.01
   28 H    -2   0   1   3  -3   2   1  -2   5  -3  -3   0  -2  -2  -2  -1  -1  -3   0  -3    0   0   0  36   0  23   0   0  41   0   0   0   0   0   0   0   0   0   0   0  0.52 0.01
   29 D    -2  -2   1   6  -4   0   2  -1  -1  -3  -4  -1  -3  -4  -2   0  -1  -4  -3  -3    0   0   0 100   0   0   0   0   0   0   0   0   0   0   0   0   0   0   0   0  0.95 0.01
   30 T     2  -1  -1  -1  -1  -1  -1  -1  -2  -1  -1  -1  -1  -2  -1   1   4  -3  -2   0   36   0   0   0   0   0   0   0   0   0   0   0   0   0   0   0  64   0   0   0  0.34 0.01
   31 G     0  -3  -1  -2   6  -2  -3   5  -2  -3  -3  -2  -2  -3  -2  -1  -1  -3  -3  -2    0   0   0   0  36   0   0  64   0   0   0   0   0   0   0   0   0   0   0   0  0.76 0.01
   32 F    -1  -2  -2  -2  -1  -2  -2  -2  -1   1   2  -2   1   4  -2  -2  -1   0   1   0    2   1   1   1   0   1   1   2   0   1  38   1   1  42   1   2   1   0   1   1  0.25 0.00
   33 Y     2  -1  -1  -2  -1  -1  -1  -1   0   1   0  -1   0   0  -1   0   0   0   3   1   38   1   1   1   0   1   1   2   0  22   2   1   1   1   1   2   1   0  21   1  0.11 0.00
   34 G     0  -1   0  -1  -1  -1  -1   4  -1  -2  -2  -1  -1  -2  -1   0  -1  -1  -1  -2    3   2   2   2   1   2   3  60   1   2   4   3   1   2   2   3   3   1   1   3  0.41 0.00
   35 N    -1   0   2   0  -2   3   1  -1   0  -2  -1   1  -1  -2   0   0   0  -1  -1  -1    3   2  22   2   1  38   3   3   1   2   4   3   1   2   2   3   3   1   1   3  0.21 0.00
   36 G     1  -1   0  -1  -1  -1  -1   4  -1  -2  -2  -1  -2  -2  -1   2   0  -2  -2  -2    1   1   1   1   0   1   1  44   0   1   1   1   0   1   1  43   1   0   0   1  0.42 0.01
   37 F    -1  -2  -2  -3   5  -2  -3  -2  -2   1   0  -2   0   4  -2  -2  -1   0   1   0    1   1   1   1  26   1   1   1   0  17   1   1   0  43   1   1   1   0   0   1  0.34 0.01
   38 Q     0   0   0   0  -2   2   2  -1  -1   0  -1   0  -1  -2  -1   2   0  -2  -1   0    1   1   1   1   0  15  27   1   0  17   1   1   0   1   1  30   1   0   0   1  0.18 0.01
   39 N    -2   3   4   3  -3   0   0  -1   0  -3  -3   1  -2  -3  -2   0  -1  -4  -2  -3    0  28  46  26   0   0   0   0   0   0   0   0   0   0   0   0   0   0   0   0  0.52 0.02
   40 N    -2  -1   4   3  -2  -1   0  -1  -1   1  -1  -1  -1  -2  -2   0  -1  -4  -2   0    0   0  46  26   0   0   0   0   0  28   0   0   0   0   0   0   0   0   0   0  0.32 0.02
   41 N    -1  -1   3   4  -2   0   1  -1   0  -2  -2   0  -2  -2  -1   0   0  -2  -2  -2    2   1  31  46   1   1   2   2   1   1   2   1   1   1   1   2   2   0   1   2  0.44 0.01
   42 G     0  -1   0  -1  -1  -1  -1   4  -1  -2  -2  -1  -2  -2  -1   2   0  -2  -2  -2    2   1   1   1   1   1   2  47   1   1   2   1   1   1   1  30   2   0   1   2  0.38 0.01
   43 P    -1  -1  -1  -1  -2  -1  -1  -2  -2  -2  -2  -1  -2  -2   7  -1  -1  -2  -2  -2    2   1   1   1   1   1   2   2   1   1   2   1   1   1  75   2   2   0   1   2  1.35 0.02
   44 T     0  -1   0  -1  -1   0   0  -1  -1  -1  -1   0  -1  -2  -1   2   3  -2  -1  -1    2   1   1   1   1   1   2   2   1   1   2   1   1   1   1  30  47   0   1   2  0.26 0.01
   45 R     0   2   0  -1  -2   0   0  -1   5  -2  -2   0  -1  -1  -1   2   0  -2   0  -2    2  16   1   1   1   1   2   2  32   1   2   1   1   1   1  30   2   0   1   2  0.25 0.01
   46 N     0   0   2   0  -2   1   2  -1   0  -2  -2   1  -1  -2  -1   2   0  -2  -1  -2    2   1  15   1   1   1  17   2   1   1   2  18   1   1   1  30   2   0   1   2  0.21 0.01
   47 D    -2  -2   3   6  -4   0   1  -1  -1  -3  -4  -1  -3  -4  -2   0  -1  -4  -3  -3    0   0  15  85   0   0   0   0   0   0   0   0   0   0   0   0   0   0   0   0  0.87 0.03
   48 Q    -1   1   0   0  -3   5   3  -2   0  -3  -3   1  -1  -3  -1   0  -1  -2  -2  -2    0   0   0   0   0  72  28   0   0   0   0   0   0   0   0   0   0   0   0   0  0.66 0.03
   49 L     2  -2  -3  -3  -1  -2  -2  -2  -3   1   2  -2   1  -1  -2  -1  -1  -2  -1   2   28   0   0   0   0   0   0   0   0   0  46   0   0   0   0   0   0   0   0  26  0.21 0.01
   50 G     0  -2  -1  -1  -2  -1  -2   4  -2  -2  -2  -1  -2  -1  -2  -1  -1   7   0  -2    2   1   1   1   1   1   2  47   1   1   2   1   1   1   1   2   2  29   1   2  0.67 0.01
   51 A     3  -2  -2  -3  -1  -2  -2  -1  -3   1   0  -2   0  -2  -2   0   0  -3  -2   3   46   0   0   0   0   0   0   0   0   0   0   0   0   0   0   0   0   0   0  54  0.24 0.02
   52 G     0  -2   0  -1  -2  -2  -2   5  -2  -3  -3  -1  -2  -3  -2   0   2  -3  -3  -2    0   0   0   0   0   0   0  72   0   0   0   0   0   0   0   0  28   0   0   0  0.69 0.02
   53 A     3  -1  -1  -1  -1   3   0   0  -1  -2  -2   0  -1  -3  -1   1   0  -3  -2  -1   72   0   0   0   0  28   0   0   0   0   0   0   0   0   0   0   0   0   0   0  0.35 0.02
   54 F    -2  -3  -3  -4  -3  -3  -3  -3  -1   0   0  -3   0   7  -4  -3  -2   1   3  -1    0   0   0   0   0   0   0   0   0   0   0   0   0 100   0   0   0   0   0   0  0.85 0.04
   55 G    -1  -2  -1  -2  -2  -2  -3   4  -2  -1   1  -2   0   2  -3  -1  -2  -2  -1  -1    0   0   0   0   0   0   0  58   0   0  26   0   0  16   0   0   0   0   0   0  0.42 0.02
   56 G     0  -2   3   0  -3  -1  -2   5  -1  -4  -4  -1  -3  -3  -2   0  -1  -3  -3  -3    0   0  28   0   0   0   0  72   0   0   0   0   0   0   0   0   0   0   0   0  0.77 0.02
   57 Y    -2  -2  -2  -3  -3  -2  -2  -3   2  -2  -1  -2  -1   3  -3  -2  -2   2   7  -1    0   0   0   0   0   0   0   0   0   0   0   0   0   0   0   0   0   0 100   0  0.99 0.04
   58 Q    -1   1   0   0  -3   6   2  -2   0  -3  -2   1  -1  -3  -2   0  -1  -2  -2  -2    0   0   0   0   0 100   0   0   0   0   0   0   0   0   0   0   0   0   0   0  0.76 0.04
   59 V     2  -2  -2  -3  -1  -2  -2  -1  -2   1   0  -2   0   3  -2   0  -1  -1   1   2   42   0   0   0   0   0   0   0   0   0   0   0   0  28   0   0   0   0   0  29  0.19 0.01
   60 N    -1  -1   5   1  -2   0   0  -1   0  -3  -3   0  -2  -3  -2   2   0  -4  -2  -3    0   0  72   0   0   0   0   0   0   0   0   0   0   0   0  28   0   0   0   0  0.59 0.03
   61 P    -1   0  -1  -1  -3   2   0  -2  -1  -3  -3   2  -2  -4   6  -1  -1  -3  -3  -2    0   0   0   0   0  16   0   0   0   0   0  26   0   0  58   0   0   0   0   0  1.07 0.02
   62 Y    -2  -2  -3  -4  -3  -2  -3  -3   0  -1  -1  -3  -1   4  -4  -2  -2   7   5  -2    0   0   0   0   0   0   0   0   0   0   0   0   0  28   0   0   0  26  46   0  0.95 0.03
   63 L    -1  -3  -3  -4  -1  -2  -3  -4  -3   3   3  -3   2   0  -3  -2  -1  -2  -1   2    0   0   0   0   0   0   0   0   0  28  56   0   0   0   0   0   0   0   0  15  0.37 0.01
   64 G     0  -2   0  -1  -2  -1  -2   5  -2  -4  -3  -1  -2  -3  -2   2  -1  -3  -3  -3    0   0   0   0   0   0   0  74   0   0   0   0   0   0   0  26   0   0   0   0  0.76 0.02
   65 F    -2  -3  -3  -4  -2  -3  -3  -4  -2   1   3  -3   1   5  -3  -3  -2   0   1   0    0   0   0   0   0   0   0   0   0   0  54   0   0  46   0   0   0   0   0   0  0.45 0.02
   66 E    -1  -1   0   4  -4   1   5  -2   0  -3  -3   0  -2  -3  -1   0  -1  -3  -2  -3    0   0   0  28   0   0  72   0   0   0   0   0   0   0   0   0   0   0   0   0  0.71 0.02
   67 M     1  -2  -2  -3  -1  -1  -2  -2  -2   1   2  -2   4   0  -2  -1  -1  -2  -1   0   26   0   0   0   0   0   0   0   0   0  28   0  46   0   0   0   0   0   0   0  0.24 0.02
   68 G     0  -3  -1  -1  -3  -2  -2   6  -2  -4  -4  -2  -3  -3  -2   0  -2  -3  -3  -3    0   0   0   0   0   0   0 100   0   0   0   0   0   0   0   0   0   0   0   0  1.10 0.03
   69 Y    -2  -2  -2  -3  -3  -2  -2  -3   2  -2  -1  -2  -1   3  -3  -2  -2   2   7  -1    0   0   0   0   0   0   0   0   0   0   0   0   0   0   0   0   0   0 100   0  0.99 0.04
   70 D    -1  -1   1   5  -2   0   1  -1  -1  -2  -2  -1  -2  -2  -1   0  -1  -2  -2  -2    2   1   1  73   1   1   2   2   1   1   3   2   1   1   1   2   2   0   1   2  0.57 0.02
   71 W    -1  -2  -2  -2  -2  -1  -2  -2   0  -2  -1  -2  -1   1  -2  -1  -1   9   4  -2    2   1   1   2   1   1   2   2   1   1   3   2   1   1   1   2   2  46  27   2  0.95 0.02
   72 L    -1  -1  -2  -2  -1  -1  -2  -2  -2   1   3  -2   2   0  -2  -2  -1  -1  -1   1    2   1   1   2   1   1   2   2   1   1  74   2   1   1   1   2   2   0   1   2  0.23 0.01
   73 G     0  -2   0  -1  -2  -1  -1   5  -1  -2  -2  -1  -2  -2  -1   0  -1  -2  -2  -2    2   1   1   2   1   1   2  74   1   1   3   2   1   1   1   2   2   0   1   2  0.62 0.01
   74 R    -1   4   0  -1  -2   1   0  -1   0  -2  -2   3  -1  -2  -1   0  -1  -2  -1  -2    2  47   1   2   1   1   2   2   1   1   3  28   1   1   1   2   2   0   1   2  0.35 0.01
   75 M    -1  -1  -2  -2  -1  -1  -1  -2  -1   0   1  -1   4   3  -2  -1  -1   0   1   0    2   1   1   2   1   1   2   2   1   1   3   2  46  27   1   2   2   0   1   2  0.18 0.01
   76 A     1  -1  -1  -1  -1  -1  -1  -1  -1  -1  -1  -1  -1  -2   5   0   2  -2  -1  -1   16   1   1   2   1   1   2   2   1   1   3   2   1   1  33   2  28   0   1   2  0.46 0.01
   77 Y     1  -1  -1  -2  -1  -1  -1  -1   1  -1  -1  -1  -1   1  -1   0  -1   1   5  -1   28   1   1   2   1   1   2   2   1   1   3   2   1   1   1   2   2   0  46   2  0.27 0.01
   78 K     2   1   0  -1  -2   0   0  -1  -1  -2  -2   3  -1  -3  -1   2   0  -3  -2  -2   26   0   0   0   0   0   0   0   0   0   0  46   0   0   0  28   0   0   0   0  0.30 0.02
   79 G     0  -3  -1  -1  -3  -2  -2   6  -2  -4  -4  -2  -3  -3  -2   0  -2  -3  -3  -3    0   0   0   0   0   0   0 100   0   0   0   0   0   0   0   0   0   0   0   0  1.10 0.03
   80 S     0  -2  -1   2  -2  -1  -1  -2  -2   0   2  -1   3  -1  -2   1   0  -2  -2   0    0   0   0  16   0   0   0   0   0   0  26   0  28   0   0  29   0   0   0   0  0.14 0.02
   81 V    -1  -2   2  -1  -2  -2  -2  -2  -2   3   1  -2   0  -1  -3  -1   0  -3  -2   3    0   0  26   0   0   0   0   0   0  44   0   0   0   0   0   0   0   0   0  29  0.21 0.02
   82 D    -1  -1   2   4  -3   0   2   3  -1  -3  -4  -1  -3  -3  -2   0  -1  -4  -3  -3    0   0  16  40   0   0  15  28   0   0   0   0   0   0   0   0   0   0   0   0  0.52 0.01
   83 N    -2   0   5   1  -3   1   2  -1   0  -3  -3   0  -2  -3  -2   0   0  -4  -2  -3    0   0  74   0   0   0  26   0   0   0   0   0   0   0   0   0   0   0   0   0  0.63 0.03
   84 G     0  -2   0  -1  -2  -1  -1   5  -1  -2  -2  -1  -2  -2  -1   0  -1  -2  -2  -2    2   1   1   1   1   1   2  76   1   1   2   1   1   1   1   2   2   0   1   2  0.65 0.01
   85 A     4  -1  -1  -1   0  -1  -1   0  -1  -1  -1  -1  -1  -2   0   1   0  -2  -1   0   76   1   1   1   1   1   2   2   1   1   2   1   1   1   1   2   2   0   1   2  0.27 0.01
   86 F    -1  -2  -2  -2  -1  -2  -2  -2  -1   1   0  -2   0   4  -2  -1  -1   0   3   2    2   1   1   1   1   1   2   2   1   1   2   1   1  31   1   2   2   0  16  30  0.19 0.01
   87 K    -1   2   0  -1  -3   1   1  -2  -1  -3  -3   5  -2  -3  -1   0  -1  -3  -2  -2    0   0   0   0   0   0   0   0   0   0   0 100   0   0   0   0   0   0   0   0  0.59 0.03
   88 A     3  -2  -2  -3  -1  -2  -2  -1  -3   1   0  -2   0  -2  -2   0   0  -3  -2   3   46   0   0   0   0   0   0   0   0   0   0   0   0   0   0   0   0   0   0  54  0.24 0.02
   89 Q    -1   1   0   0  -3   5   3  -2   0  -3  -3   1  -1  -3  -1   0  -1  -2  -2  -2    0   0   0   0   0  72  28   0   0   0   0   0   0   0   0   0   0   0   0   0  0.66 0.03
   90 G     2  -2  -1  -2  -2  -2  -2   5  -2  -3  -3  -1  -2  -3  -2   0  -1  -3  -3  -2   26   0   0   0   0   0   0  74   0   0   0   0   0   0   0   0   0   0   0   0  0.75 0.02
   91 V    -1  -3  -3  -3  -1  -3  -3  -3  -3   2   1  -3   0   3  -3  -2  -1  -1   1   3    0   0   0   0   0   0   0   0   0   0   0   0   0  28   0   0   0   0   0  72  0.32 0.02
   92 Q    -1   0  -1  -1  -2   4   0  -2   0  -2  -2   0  -1   0  -2   0   2   0   4  -1    0   0   0   0   0  46   0   0   0   0   0   0   0   0   0   0  26   0  28   0  0.34 0.02
   93 L    -2  -2  -3  -4  -2  -3  -3  -4  -2   1   3  -3   2   4  -3  -3  -2  -1   1   0    0   0   0   0   0   0   0   0   0   0  72   0   0  28   0   0   0   0   0   0  0.43 0.02
   94 T     2  -2  -1  -2  -1  -1  -1   3  -2  -2  -2  -1  -1  -3  -1   1   2  -3  -2  -1   42   0   0   0   0   0   0  28   0   0   0   0   0   0   0   0  29   0   0   0  0.34 0.01
   95 A     4  -2  -2  -2  -1  -1  -1   0  -2  -2  -2  -1  -1  -3   4   1   0  -3  -2  -1   74   0   0   0   0   0   0   0   0   0   0   0   0   0  26   0   0   0   0   0  0.57 0.02
   96 K    -1   1  -1  -1  -3   0   0  -2  -1  -2  -1   4  -1   3  -2  -1  -1  -1   0  -2    0   0   0   0   0   0   0   0   0   0   0  72   0  28   0   0   0   0   0   0  0.34 0.02
   97 L    -2  -2  -3  -4  -2  -3  -3  -4  -2   1   3  -3   2   4  -3  -3  -2  -1   1   0    0   0   0   0   0   0   0   0   0   0  72   0   0  28   0   0   0   0   0   0  0.43 0.02
   98 G     0  -1   0   0  -2   0   2   3  -1  -3  -3   0  -2  -3  -1   2   0  -3  -2  -2    0   0   0   0   0   0  28  29   0   0   0   0   0   0   0  42   0   0   0   0  0.39 0.02
   99 Y    -1  -1  -2  -2  -2   2  -1  -3   1   1   0  -1   0   1  -2  -1  -1   0   5   0    0   0   0   0   0  28   0   0   0  26   0   0   0   0   0   0   0   0  46   0  0.33 0.02
  100 P    -1  -2  -2  -2  -3  -1  -1  -2  -2  -3  -3  -1  -3  -4   8  -1  -1  -4  -3  -3    0   0   0   0   0   0   0   0   0   0   0   0   0   0 100   0   0   0   0   0  2.11 0.04
  101 I    -1  -3  -3  -3  -1  -3  -3  -4  -3   4   2  -3   1   0  -3  -2  -1  -2  -1   3    0   0   0   0   0   0   0   0   0  58  26   0   0   0   0   0   0   0   0  16  0.37 0.02
  102 T     1  -1   3   0  -1  -1  -1  -1  -1  -1  -2  -1  -1  -3  -1   1   4  -3  -2  -1   16   0  28   0   0   0   0   0   0   0   0   0   0   0   0   0  56   0   0   0  0.35 0.02
  103 D    -1   0   3   4  -3   2   3  -1   0  -3  -3   0  -2  -3  -2   0  -1  -3  -2  -3    0   0  28  29   0  16  26   0   0   0   0   0   0   0   0   0   0   0   0   0  0.53 0.02
  104 D    -1  -2   0   4  -3  -1   0   2  -2  -1   1  -1  -1  -2  -2  -1  -1  -3  -2  -2    0   0   0  46   0   0   0  26   0   0  28   0   0   0   0   0   0   0   0   0  0.32 0.01
  105 L    -1  -2  -2  -3  -1  -2  -2  -3  -3   2   3  -2   1   0  -2  -1   2  -2  -1   1    0   0   0   0   0   0   0   0   0  26  46   0   0   0   0   0  28   0   0   0  0.25 0.01
  106 D     1  -2   0   4  -2  -1   0  -1  -2   1  -1  -1  -1  -2  -2   0  -1  -3  -2   0   26   0   0  46   0   0   0   0   0  28   0   0   0   0   0   0   0   0   0   0  0.26 0.02
  107 I    -1  -3  -3  -4  -1  -2  -3  -4  -3   3   3  -3   2   0  -3  -2  -1  -2  -1   2    0   0   0   0   0   0   0   0   0  29  54   0   0   0   0   0   0   0   0  16  0.37 0.01
  108 Y    -2  -2  -2  -3  -3  -2  -2  -3   2  -2  -1  -2  -1   3  -3  -2  -2   2   7  -1    0   0   0   0   0   0   0   0   0   0   0   0   0   0   0   0   0   0 100   0  0.99 0.04
  109 T     2  -2  -1  -1  -1  -1  -1   3  -2  -2  -2  -1  -1  -3  -1   1   3  -3  -2  -1   28   0   0   0   0   0   0  26   0   0   0   0   0   0   0   0  46   0   0   0  0.34 0.02
  110 R    -1   5   0  -1  -4   1   0  -2   0  -3  -2   3  -2  -3  -2  -1  -1  -3  -2  -3    0  74   0   0   0   0   0   0   0   0   0  26   0   0   0   0   0   0   0   0  0.68 0.03
  111 L    -1  -1  -2  -2  -1  -1  -2  -2  -2   1   3  -2   1   0  -1  -1   0  -1  -1   2    2   1   1   2   1   1   2   2   1   1  48   2   1   1   1   2   2   0   1  28  0.16 0.01
  112 G     0  -2   0  -1  -2  -1  -1   5  -1  -2  -2  -1  -2  -2  -1   0  -1  -2  -2  -2    2   1   1   2   1   1   2  74   1   1   3   2   1   1   1   2   2   0   1   2  0.62 0.01
  113 G     0  -3  -1  -1  -3  -2  -2   6  -2  -4  -4  -2  -3  -3  -2   0  -2  -3  -3  -3    0   0   0   0   0   0   0 100   0   0   0   0   0   0   0   0   0   0   0   0  1.10 0.03
  114 M     2  -2  -2  -2  -1  -1  -2   3  -2   0   1  -1   3  -1  -2   0  -1  -2  -2   0   26   0   0   0   0   0   0  28   0   0  16   0  29   0   0   0   0   0   0   0  0.21 0.01
  115 V    -1  -2  -3  -3  -1  -2  -3  -3  -1   2   2  -2   1   1  -3  -2  -1   0   3   3    0   0   0   0   0   0   0   0   0   0  28   0   0   0   0   0   0   0  26  46  0.28 0.02
  116 W    -1  -2  -2  -2  -2  -2  -2  -2  -2   0  -1  -2  -1   0  -2   1   0   9   1   1    0   0   0   0   0   0   0   0   0   0   0   0   0   0   0  28   0  46   0  26  0.82 0.03
  117 R    -1   4   0   3  -3   3   1  -2   0  -3  -3   1  -2  -3  -2  -1  -1  -3  -2  -3    0  46   0  26   0  28   0   0   0   0   0   0   0   0   0   0   0   0   0   0  0.51 0.02
  118 A     2  -2  -2  -3  -1  -2  -2  -1   0  -1  -1  -2  -1   4  -2   0  -1   0   4  -1   46   0   0   0   0   0   0   0   0   0   0   0   0  28   0   0   0   0  26   0  0.32 0.02
  119 D    -1   0   0   4  -3   0   1   2  -1  -3  -3   2  -3  -3  -2   0  -1  -4  -3  -3    0   0   0  46   0   0   0  26   0   0   0  28   0   0   0   0   0   0   0   0  0.47 0.02
  120 S     1  -1  -1  -1  -1  -1  -1  -1  -2   0  -1  -1  -1  -2  -1   2   2  -3  -2   1   16   0   0   0   0   0   0   0   0   0   0   0   0   0   0  40  15   0   0  28  0.21 0.01
  121 K    -1   2   0  -1  -3   1   1  -2  -1  -3  -3   5  -2  -3  -1   0  -1  -3  -2  -2    0   0   0   0   0   0   0   0   0   0   0 100   0   0   0   0   0   0   0   0  0.59 0.03
  122 G     0  -1   0   3  -3   0   3   3  -1  -3  -3   0  -2  -3  -2   1  -1  -3  -3  -3    0   0   0  26   0   0  28  30   0   0   0   0   0   0   0  15   0   0   0   0  0.44 0.01
  123 N    -1   3   3   3  -3   0   0  -1   0  -3  -3   1  -2  -3  -2   1   0  -4  -2  -3    0  28  29  26   0   0   0   0   0   0   0   0   0   0   0  16   0   0   0   0  0.42 0.01
  124 Y    -2  -2  -2  -3  -2  -1  -2  -2   1  -1  -1  -2  -1   4  -2  -2  -1   2   6  -1    1   1   1   1   0   1   1   1   0   1   1   1   0  17   1   1   1   0  69   1  0.63 0.02
  125 A     1  -1   0   2  -2   1   3  -1  -1  -2  -2   0  -2  -2  -1   2   0  -2  -2  -2   15   1   1  17   0   1  29   1   0   1   1   1   0   1   1  27   1   0   0   1  0.28 0.01
  126 S    -1  -1  -1  -2  -2  -1  -2   1   0   0   1  -1   0   1  -2   0  -1   0   3  -1    1   1   1   1   0   1   1  17   0   1  30   1   0   1   1  15   1   0  27   1  0.13 0.01
  127 T     0  -2  -1  -1  -2  -1  -2   4  -2  -1   1  -1   0  -1  -2   0   1  -2  -2  -1    1   1   1   1   0   1   1  46   0   1  27   1   0   1   1   1  15   0   0   1  0.27 0.01
  128 G     2  -2  -1  -1  -1  -1  -1   4  -2  -1   0  -1  -1  -2  -1   0  -1  -2  -2  -1   30   1   1   1   0   1   1  41   0   1  17   1   0   1   1   1   1   0   0   1  0.28 0.01
  129 V    -1  -2  -1   2  -1  -1  -1  -2  -2   2   0  -1   0  -1  -1  -1   0  -2  -1   2    2   1   1  17   1   1   2   2   1  30   2   1   1   1   1   2   2   0   1  31  0.10 0.01
  130 S     0   2   0  -1  -2   0  -1   3   0  -2  -2   0  -1   0  -1   1   0  -1   2  -2    2  17   1   1   1   1   2  30   1   1   2   1   1   1   1  16   2   0  16   2  0.19 0.01
  131 R     1   1   0   3  -2   0   0   2  -1  -2  -2   0  -1  -2  -1   0  -1  -2  -2  -2   18  16   1  30   1   1   2  17   1   1   2   1   1   1   1   2   2   0   1   2  0.21 0.01
  132 S     0   0   3   0  -1   0   0   0   0  -2  -2   1  -1  -2  -1   2   0  -2  -1  -2    2   1  30   1   1   1   2   2   1   1   2  17   1   1   1  32   2   0   1   2  0.23 0.01
  133 E    -1   3   2   0  -2   0   1   2   0  -2  -2   1  -1  -2  -1   0  -1  -2  -1  -2    2  30  16   1   1   1  16  18   1   1   2   1   1   1   1   2   2   0   1   2  0.23 0.01
  134 H    -1   0   0  -1  -2   3   1  -1   6  -2  -2   0  -1  -1  -1   0  -1  -2   1  -2    2   1   1   1   1  30   2   2  46   1   2   1   1   1   1   2   2   0   1   2  0.40 0.02
  135 D    -1  -1   0   4  -2  -1   0  -1  -1  -1  -1  -1  -1   3  -1  -1  -1  -1   0  -2    2   1   1  47   1   1   2   2   1   1   2   1   1  29   1   2   2   0   1   2  0.29 0.01
  136 T     0  -1   0  -1  -1   0   0  -1  -1  -1  -1   0  -1  -2  -1   2   3  -2  -1  -1    2   1   1   1   1   1   2   2   1   1   2   1   1   1   1  30  47   0   1   2  0.26 0.01
  137 G     0  -2   0  -1  -2  -1  -1   5  -1  -2  -2  -1  -2  -2  -1   0  -1  -2  -2  -2    2   1   1   1   1   1   2  76   1   1   2   1   1   1   1   2   2   0   1   2  0.65 0.01
  138 V     0  -1  -1  -1  -1  -1  -1  -2  -2   1   0  -1   0  -1  -1   0   2  -2  -1   2    2   1   1   1   1   1   2   2   1   1   2   1   1   1   1   2  30   0   1  47  0.14 0.01
  139 S     0   0   3   0  -1   0   0   0   0  -2  -2   0  -1  -2  -1   3   1  -2  -1  -2    2   1  30   1   1   1   2   2   1   1   2   1   1   1   1  47   2   0   1   2  0.28 0.01
  140 P    -1  -1  -1  -1  -2  -1  -1  -2  -2  -2  -2  -1  -2  -2   7  -1  -1  -2  -2  -2    2   1   1   1   1   1   2   2   1   1   2   1   1   1  75   2   2   0   1   2  1.35 0.02
  141 V    -1  -1  -2  -2  -1  -1  -2  -2   0   1   1  -1   0   1  -2  -1  -1   0   4   2    2   1   1   1   1   1   2   2   1   1  18   1   1   1   1   2   2   0  29  31  0.15 0.01
  142 F    -1  -2  -2  -2  -1  -2  -2  -2  -2   2   1  -2   0   3  -2  -1  -1  -1   1   2    2   1   1   1   1   1   2   2   1  30   2   1   1  30   1   2   2   0   1  18  0.16 0.01
  143 A     4  -2  -1  -2  -1  -1  -1   3  -2  -2  -2  -1  -1  -3  -1   1  -1  -3  -2  -1   72   0   0   0   0   0   0  28   0   0   0   0   0   0   0   0   0   0   0   0  0.44 0.02
  144 G     1  -2  -2  -2  -1  -2  -2   3  -2   2   1  -2   0  -1  -2  -1  -1  -2  -2   1   26   0   0   0   0   0   0  29   0  28  16   0   0   0   0   0   0   0   0   0  0.19 0.01
  145 G     0  -3  -1  -1  -3  -2  -2   6  -2  -4  -4  -2  -3  -3  -2   0  -2  -3  -3  -3    0   0   0   0   0   0   0 100   0   0   0   0   0   0   0   0   0   0   0   0  1.10 0.03
  146 V     1  -2  -3  -3  -1  -2  -2  -3  -3   2   2  -2   1  -1  -2  -1   0  -3  -1   3   16   0   0   0   0   0   0   0   0   0  26   0   0   0   0   0   0   0   0  58  0.25 0.01
  147 E    -1   0   0   1  -4   4   5  -2   0  -3  -3   1  -2  -3  -1   0  -1  -3  -2  -3    0   0   0   0   0  28  72   0   0   0   0   0   0   0   0   0   0   0   0   0  0.68 0.03
  148 W    -1  -2  -1  -2  -2  -1  -2  -2   0  -1  -1  -2  -1   4  -3   1  -1   6   4  -2    0   0   0   0   0   0   0   0   0   0   0   0   0  26   0  28   0  14  31   0  0.49 0.02
  149 A     3  -1   3   0  -1   0  -1   0  -1  -2  -2  -1  -1  -3  -1   2   0  -3  -2  -1   46   0  26   0   0   0   0   0   0   0   0   0   0   0   0  28   0   0   0   0  0.32 0.02
  150 V    -1  -2  -2  -3  -1  -2  -2  -3  -3   3   0  -2   0  -1  -2  -1   2   6  -1   2    0   0   0   0   0   0   0   0   0  44   0   0   0   0   0   0  26  16   0  14  0.34 0.02
  151 T    -1  -1   3   3  -2   0   0  -1  -1  -2  -2  -1  -2  -3  -2   1   3  -3  -2  -1    0   0  26  28   0   0   0   0   0   0   0   0   0   0   0   0  46   0   0   0  0.41 0.02
  152 R    -1   2   0  -1  -3   1   0  -2   4  -3  -3   3  -2  -3   3  -1  -1  -3  -1  -3    0  14   0   0   0   0   0   0  26   0   0  44   0   0  15   0   0   0   0   0  0.47 0.02
  153 D    -1  -1   4   2  -2   0   2  -1   0  -3  -3   0  -2  -3  -2   2   0  -4  -2  -3    0   0  42  14   0   0  15   0   0   0   0   0   0   0   0  28   0   0   0   0  0.45 0.02
  154 I    -1  -3  -3  -4  -1  -2  -3  -3  -3   3   2  -3   1   0  -3  -2  -1   6   0   2    0   0   0   0   0   0   0   0   0  29  28   0   0   0   0   0   0  16   0  26  0.41 0.01
  155 A     4  -1  -1  -2  -1  -1  -1   0  -2  -1  -2  -1  -1  -2  -1   1   2  -3  -2   0   74   0   0   0   0   0   0   0   0   0   0   0   0   0   0   0  26   0   0   0  0.36 0.02
  156 T    -1  -2  -1  -2  -1  -1  -2  -2  -2   1   2  -1   3  -1  -2   0   3  -2  -1   0    0   0   0   0   0   0   0   0   0   0  28   0  26   0   0   0  46   0   0   0  0.25 0.02
  157 R    -1   5   0  -2  -3   1   0  -2  -1  -2  -2   2  -1  -3  -2   0   2  -3  -2  -2    0  72   0   0   0   0   0   0   0   0   0   0   0   0   0   0  28   0   0   0  0.53 0.03
  158 L    -1  -2  -3  -4  -1  -1  -3  -3  -2   1   3  -2   5   0  -3  -2  -1  -2  -1   1    0   0   0   0   0   0   0   0   0   0  56   0  44   0   0   0   0   0   0   0  0.40 0.02
  159 E    -1   0   0   1  -4   2   5  -2   0  -3  -3   1  -2  -3  -1   0  -1  -3  -2  -3    0   0   0   0   0   0 100   0   0   0   0   0   0   0   0   0   0   0   0   0  0.80 0.03
  160 Y    -2  -2  -3  -3  -2  -2  -2  -3   1   0   1  -2   0   2  -3  -2  -2   1   6  -1    0   0   0   0   0   0   0   0   0   0  28   0   0   0   0   0   0   0  72   0  0.62 0.03
  161 Q     0   0   0   0  -2   5   1  -1   0  -3  -2   1  -1  -3  -1   2   0  -2  -2  -2    0   0   0   0   0  72   0   0   0   0   0   0   0   0   0  28   0   0   0   0  0.53 0.03
  162 W    -2  -2   2  -2  -3  -1  -2  -2   0  -3  -2  -2  -2   1  -3  -1  -2   9   4  -2    0   0  26   0   0   0   0   0   0   0   0   0   0   0   0   0   0  46  28   0  1.06 0.03
  163 V    -1  -2  -2  -3  -1  -2  -2  -3  -1   1   2  -2   1   1  -3  -1   1   0   4   2    0   0   0   0   0   0   0   0   0   0  26   0   0   0   0   0  15   0  28  30  0.23 0.01
  164 N    -1  -1   4   0  -2   0  -1  -1  -1  -2  -2  -1  -1  -3  -2   1   4  -3  -2  -1    0   0  46   0   0   0   0   0   0   0   0   0   0   0   0   0  54   0   0   0  0.45 0.02
  165 N    -2  -1   4   3  -3  -1   0  -1  -1  -1   1  -1   0  -2  -2   0  -1  -3  -2  -1    0   0  46  26   0   0   0   0   0   0  28   0   0   0   0   0   0   0   0   0  0.33 0.02
  166 I    -1  -2  -2  -1  -2  -1   2  -3  -2   4   1  -1   0  -1  -2  -2  -1  -3  -2   2    0   0   0   0   0   0  28   0   0  72   0   0   0   0   0   0   0   0   0   0  0.24 0.02
  167 G    -1  -1   3   0  -3   3   0   4   0  -3  -3   0  -2  -3  -2   0  -1  -3  -2  -3    0   0  26   0   0  28   0  46   0   0   0   0   0   0   0   0   0   0   0   0  0.51 0.02
  168 D    -2  -1   3   5  -3   0   1  -1  -1  -3  -4  -1  -3  -4  -2   0  -1  -4  -3  -3    0   0  26  74   0   0   0   0   0   0   0   0   0   0   0   0   0   0   0   0  0.80 0.03
  169 A     2   2  -1  -1  -1   0  -1  -1   0  -1  -1   0  -1   1  -1   0  -1   0   4  -1   32  17   1   1   1   1   2   2   1   1   2   1   1   1   1   2   2   0  29   2  0.17 0.01
  170 G     0  -1   1   3  -2   0   2   1   3  -3  -3   0  -2  -3  -1   2   0  -3  -1  -3    0   0   0  26   0   0  16  14  15   0   0   0   0   0   0  28   0   0   0   0  0.34 0.01
  171 T     0  -2   0  -1  -1  -1  -1  -2  -2   1  -1  -1   0  -2  -1   2   3  -3  -2   1    0   0   0   0   0   0   0   0   0  26   0   0   0   0   0  28  46   0   0   0  0.25 0.02
  172 V    -1  -3  -3  -3  -1  -2  -3  -4  -3   3   2  -3   1   0  -3  -2  -1  -3  -1   3    0   0   0   0   0   0   0   0   0  15  28   0   0   0   0   0   0   0   0  56  0.34 0.01
  173 G     0   2   0  -1  -2   0  -1   4  -1  -3  -3   0  -2  -3  -2   2   0  -3  -2  -3    0  26   0   0   0   0   0  46   0   0   0   0   0   0   0  28   0   0   0   0  0.45 0.02
  174 T     2  -1  -1  -1  -1   0  -1   0  -1  -1  -1  -1  -1  -2   0   1   2  -2  -1   0   44   1   1   2   1   1   2   2   1   1   3   2   1   1   1   2  31   0   1   2  0.19 0.01
  175 R    -1   5   0  -1  -2   1   0  -2   0  -2  -2   2  -1  -2  -1  -1  -1  -2  -1  -2    2  73   1   2   1   1   2   2   1   1   3   2   1   1   1   2   2   0   1   2  0.46 0.02
  176 P     2  -1  -1  -1  -1  -1  -1  -1  -1  -2  -2  -1  -1  -2   6   0   0  -2  -2  -1   28   1   1   2   1   1   2   2   1   1   3   2   1   1  47   2   2   0   1   2  0.71 0.01
  177 D    -1  -1   1   4  -2   1   3  -1  -1  -2  -2   0  -2  -2  -1   0  -1  -2  -2  -2    2   1   1  47   1   1  28   2   1   1   3   2   1   1   1   2   2   0   1   2  0.43 0.01
  178 N    -1  -1   4   0  -1   0   0  -1   0  -2  -2   0  -1  -2  -1   1   2  -2  -1  -1    2   1  47   2   1   1   2   2   1   1   3   2   1   1   1   2  28   0   1   2  0.29 0.01
  179 G     2  -1  -1  -1  -1  -1  -1   4  -1  -2  -2  -1  -1  -2  -1   0  -1  -2  -2  -1   28   1   1   2   1   1   2  48   1   1   3   2   1   1   1   2   2   0   1   2  0.36 0.01
  180 M     0  -1  -1  -1  -1   0  -1  -1  -1   1   2  -1   3   0  -1  -1   0  -1  -1   0    4   3   2   3   1   2   3   4   1   3  21   3  31   2   3   4   3   1   2   4  0.06 0.00
  181 L    -1  -2  -2  -2  -1  -2  -2  -2  -2   1   3  -2   1   3  -2  -2  -1   0   1   0    2   1   1   1   1   1   2   2   1   1  48   1   1  29   1   2   2   0   1   2  0.21 0.01
  182 S     0  -1   0  -1  -1  -1  -1  -1  -1  -1  -2  -1  -1  -2  -1   3   4  -3  -2  -1    0   0   0   0   0   0   0   0   0   0   0   0   0   0   0  46  54   0   0   0  0.42 0.02
  183 L    -1  -2  -3  -4  -1  -2  -3  -4  -3   2   3  -3   1   0  -3  -2  -1  -2  -1   3    0   0   0   0   0   0   0   0   0   0  56   0   0   0   0   0   0   0   0  44  0.35 0.02
  184 G     0  -3  -1  -2  -3  -2  -2   6  -2  -4  -4  -2  -3  -3  -2   0  -2  -3  -3  -3    0   0   0   0   0   0   0 100   0   0   0   0   0   0   0   0   0   0   0   0  1.13 0.03
  185 V    -1  -2  -2  -3  -1  -2  -3   1  -3   2   1  -2   4  -1  -3  -2  -1  -2  -2   2    0   0   0   0   0   0   0  16   0  20   0   0  33   0   0   0   0   0   0  31  0.21 0.02
  186 S     2  -1   0  -1  -2   2   0   3  -1  -3  -3   0  -2  -3  -1   2   0  -3  -2  -2   20   0   0   0   0  16   0  33   0   0   0   0   0   0   0  31   0   0   0   0  0.37 0.01
  187 Y     2  -2  -2  -3  -2  -1  -2  -1   1  -1  -1  -1  -1   2  -2   0  -1   1   6  -1   42   0   0   0   0   0   0   0   0   0   0   0   0   0   0   0   0   0  58   0  0.45 0.02
  188 R    -1   3  -1  -2  -3   0  -1   3  -1  -3  -3   1  -2  -1  -2  -1  -1  -1   2  -3    0  31   0   0   0   0   0  42   0   0   0  14   0   0   0   0   0   0  14   0  0.39 0.01
  189 F    -1  -2  -2  -2  -2  -2  -2  -3  -2   0   0  -2   0   5  -2   0   3   0   2  -1    0   0   0   0   0   0   0   0   0   0   0   0   0  58   0   0  42   0   0   0  0.39 0.02
  190 G     0  -2   0   2  -3  -2  -1   5  -2  -4  -4  -2  -3  -3  -2   0  -2  -3  -3  -3    0   0   0  21   0   0   0  79   0   0   0   0   0   0   0   0   0   0   0   0  0.85 0.03
  191 Q     0   0   0  -1  -2   4   1  -2   0  -2  -2   1  -1  -3  -1   2   2  -2  -2  -2    0   0   0   0   0  58   0   0   0   0   0   0   0   0   0  19  23   0   0   0  0.44 0.03
  192 E    -1   0   0   1  -4   3   4   1   0  -3  -3   1  -2  -3  -1   0  -1  -3  -2  -3    0   0   0   0   0  21  67  12   0   0   0   0   0   0   0   0   0   0   0   0  0.58 0.03
  193 D    -1  -1   2   4  -4   2   3  -2   0  -3  -3   0  -2  -4  -2   0  -1  -4  -3  -3    0   0  16  34   0  13  37   0   0   0   0   0   0   0   0   0   0   0   0   0  0.60 0.04
  194 A     3  -2  -1  -2  -2  -1  -1   3  -2  -3  -3  -1  -2  -3   4   0  -1  -3  -3  -2   44   0   0   0   0   0   0  30   0   0   0   0   0   0  26   0   0   0   0   0  0.61 0.04
  195 A     3  -2  -1  -1   4  -1   1   1  -2  -2  -2  -1  -2  -3  -1   1   0  -3  -2  -1   42   0   0   0  14   0  15  13   0   0   0   0   0   0   0  16   0   0   0   0  0.30 0.03
  196 P    -1  -1   2  -1  -3   1  -1  -2  -1  -2   0  -1  -1  -3   6  -1  -1  -3  -3  -2    0   0  16   0   0  13   0   0   0   0  15   0   0   0  56   0   0   0   0   0  0.94 0.05
  197 V     1   1  -2  -3  -1  -1  -2  -2  -2   2   1  -1   0  -1  -2  -1   1  -3  -2   2   14  15   0   0   0   0   0   0   0  11  16   0   0   0   0   0  13   0   0  31  0.14 0.02
  198 V     0  -1  -2  -2  -1  -1  -2  -3  -2   2   0   1   0  -1  -2   1   0  -3  -2   3    0   0   0   0   0   0   0   0   0  13   0  15   0   0   0  16   0   0   0  56  0.19 0.04
  199 A     4  -2  -1  -1  -1  -1   1   1  -2  -2  -2  -1  -2  -3  -1   2   0  -3  -2  -1   64   0   0   0   0   0  12  11   0   0   0   0   0   0   0  14   0   0   0   0  0.37 0.05
  200 P    -1  -1  -1   0  -3   2   3  -3  -1  -2   0   0  -1  -3   5  -1  -1  -3  -2  -2    0   0   0   0   0  12  39   0   0   0  12   0   0   0  37   0   0   0   0   0  0.71 0.05
  201 A     2  -2  -1   3  -2  -1   1  -1  -2  -1   0  -1  -1  -2  -2   0   1  -3  -2   0   28   0   0  25   0   0  14   0   0   0  12   0   0   0   0   0  10   0   0  11  0.17 0.03
  202 P     0  -1  -1   2  -2   2   2   1  -1  -3  -2   0  -2  -3   4   0  -1  -3  -2  -2   12   1   1  13   0  14  14  12   0   1   1   1   0   0  27   1   1   0   0   1  0.45 0.03
  203 A     3  -2  -1  -2   3  -1  -1  -1  -2  -2  -2  -1  -1  -2   2   1   0  -2  -2  -1   54   1   1   1  11   0   1   1   0   1   1   1   0   0  12  13   1   0   0   1  0.35 0.04
  204 P     0  -1  -1  -1  -2  -1  -1   1  -2  -1  -2   1  -1  -2   5  -1  -1  -2  -2   0    2   1   1   1   0   1   2  14   1   1   2  15   1   1  39   2   1   0   1  13  0.52 0.03
  205 A     3  -1  -1  -1  -1  -1   1  -1  -2   0  -1  -1  -1  -2  -1   0   0  -2  -1   1   54   1   1   1   0   1  10   1   0   1   2   1   0   1   1   1   1   0   1  20  0.20 0.04
  206 P    -1   0  -1  -1  -3   3   0  -2  -1  -2  -2   2  -1  -3   5  -1  -1  -2  -2  -2    1   1   1   1   0  29   1   1   0   1   2  17   0   1  40   1   1   0   1   1  0.73 0.06
  207 E    -1   1  -1   0  -2   3   3  -2  -1   0  -1   0  -1  -2  -1  -1  -1  -2  -2   1    1   9   1   1   0  19  34   1   0   9   1   1   0   1   1   1   1   0   1  18  0.23 0.04
  208 V     0  -2  -2  -2  -1  -2  -2  -2  -2   1   2  -2   1  -1  -2  -1   1  -2  -1   3    9   1   1   1   0   1   1   1   0   1  29   1   0   1   1   1   9   0   1  41  0.18 0.04
  209 A     1   1   0   2  -2   2   1  -1  -1  -1  -2   1  -1  -2  -1   1   0  -2  -2  -1   16   8   1  19   0  14   7   2   0   1   2   9   0   1   1   8   1   0   1   7  0.17 0.02
  210 T    -1   0   2   1  -2   0   1  -1  -1  -1  -1   0   1  -2  -1   0   3  -2  -2   0    2   7  19   7   0   1   8   1   0   1   2   1   7   1   1   1  32   0   1   7  0.18 0.05
  211 K    -1   0  -1  -2  -2   2  -1   1  -1   2   0   2   1  -2  -2  -1  -1  -2  -2   1    1   1   1   1   0  14   1  13   0  25   1  23   8   1   1   1   1   0   0   7  0.12 0.05
  212 H     1   2  -1  -1  -2   0   2  -2   2  -1  -2   1  -1  -2  -2   0   2  -3  -1  -1   14  19   0   0   0   0  18   0  10   4   0   5   0   0   0   6  18   0   0   5  0.19 0.06
  213 F    -2  -3  -3  -3  -2  -2  -1  -4  -3   2   3  -3   2   4  -3  -3  -2  -2   0   1    0   0   0   0   0   0   6   0   0  20  32   0   5  26   0   0   0   0   0  11  0.39 0.10
  214 T     0   3   1   0  -2   1  -1   0  -1   0  -1   0  -1  -2  -2   1   1  -3  -2   0    6  28   7   5   0   5   0   5   0   4   5   0   0   0   0   9  16   0   0  10  0.16 0.06
  215 L    -2  -2  -3  -3  -2  -2  -1  -4  -3   2   3  -1   3   2  -3  -2   0  -2  -1   1    0   0   0   0   0   0   5   0   0  13  43   5  16   9   0   0   5   0   0   5  0.32 0.09
  216 K    -1   1   2  -1  -3   3   1  -2  -1  -3  -3   2  -2  -1   3  -1  -1  -3  -2  -3    5   6  16   0   0  20   8   0   0   0   0  22   0   4  19   0   0   0   0   0  0.47 0.11
  217 S     1  -2   3  -1  -2   0   0   2   1  -2  -1  -1  -2  -3  -2   1  -1  -3  -2  -2   19   0  28   0   0   4   6  16   3   0  11   0   0   0   0  13   0   0   0   0  0.27 0.10
  218 D    -1  -1   2   3  -3   1   2   0   2  -2  -3   1  -2  -3  -2   1   0  -3  -2  -2    0   0  14  26   0   6  11   4   6   4   0   9   0   0   0  11   7   0   0   0  0.33 0.09
  219 V     0  -3  -3  -4  -2  -3  -3  -1  -4   3   0  -3   0  -2  -3  -1  -1  -4  -2   4   10   0   0   0   0   0   0   5   0  25   0   0   0   0   0   3   0   0   0  57  0.55 0.18
  220 L    -1  -2   1  -2  -2  -2  -2  -1  -1  -1   2  -1   1   0  -3   1   1  -1   4  -1    4   0   7   0   0   0   0   4   0   0  31   3   5   0   0  13  11   0  22   0  0.23 0.13
  221 F    -4  -5  -5  -5  -4  -5  -5  -5  -3  -2  -1  -5  -2   8  -5  -4  -4  -1   1  -3    0   0   0   0   0   0   0   0   0   0   0   0   0 100   0   0   0   0   0   0  2.06 0.40
  222 N     2  -2   1   4  -3  -1   0   1  -2  -3  -4  -2  -3  -4   4  -1  -1  -4  -3  -3   23   0   5  33   0   0   3  12   0   0   0   0   0   0  20   0   3   0   0   0  0.59 0.16
  223 F    -2  -2   1   1  -3  -1   0  -2  -1  -2  -1   0  -2   4  -3   1   1  -1   2  -2    0   0   9   7   0   0   5   0   0   0   3   6   0  32   0  18  12   0   8   0  0.31 0.14
  224 N    -1  -2   3   6  -4  -2   0   1  -2  -4  -5  -2  -4  -4  -3   1  -2  -5  -4  -4    3   0  14  56   0   0   0  13   0   0   0   0   0   0   0  14   0   0   0   0  0.87 0.22
  225 K    -1   1   0  -1  -3  -1   0   0  -2  -3  -3   3  -2  -4  -2   4   0  -4  -3  -1    0   5   3   0   0   0   5   7   0   0   0  27   0   0   0  49   0   0   0   4  0.49 0.20
  226 A     4  -2   0  -2  -2  -2  -2  -1  -2  -3  -3   0  -2   0  -2   2  -1  -2   3  -2   52   0   4   0   0   0   0   0   0   0   0   4   0   4   0  21   0   0  15   0  0.49 0.20
  227 T    -1  -1   2   3  -2   0   0  -2  -2  -1  -2   0  -2   0  -2   1   2  -3  -2   0    0   0  13  21   0   3   3   0   0   0   0   7   0   5   0  13  22   0   0  13  0.27 0.12
  228 L    -2  -3  -4  -4  -2  -3  -4  -5  -4   3   4  -3   2   1  -4  -3  -2  -3  -1   1    0   0   0   0   0   0   0   0   0  21  59   0   5   7   0   0   0   0   0   8  0.65 0.18
  229 K     0   1   2   0  -3   2   1  -1  -1  -2  -3   3  -2  -3  -2   0   1  -4  -3  -2    6   7  17   3   0  12   5   3   0   3   0  31   0   0   0   4   8   0   0   0  0.34 0.12
  230 P    -2  -3   0  -2  -4  -2   0  -1  -3  -4  -2  -2  -3  -4   7   1   0  -5  -4  -3    0   0   6   0   0   0   5   3   0   0   5   0   0   0  64  14   4   0   0   0  1.36 0.26
  231 E     1  -1   1   3  -3   1   3  -1  -1  -1  -3   0  -2  -3  -2   0  -1  -3   0  -2   17   0   8  18   0   5  28   4   0   4   1   6   0   0   0   3   0   0   4   0  0.30 0.10
  232 G     2  -2  -2  -1  -2  -2  -2   3  -2  -1  -1  -2   0   3  -2   0  -1  -1   1  -1   25   0   0   4   0   0   0  26   0   4   1   0   4  21   0   4   3   0   6   0  0.28 0.11
  233 Q     0   1  -1  -2  -2   3   0  -2   1  -1   0   1   2  -1  -2  -1  -1  -2   2   1    9  10   0   0   0  20   4   1   4   0   6  10  11   0   0   1   0   0  10  14  0.17 0.10
  234 Q     2   1   1  -1  -3   4   0  -1  -1  -3  -3   1  -2  -3   2   0   0  -3  -2  -2   22   7  10   0   0  28   4   4   0   0   1   8   0   0  10   1   6   0   0   0  0.33 0.12
  235 A     1   0   1   0  -2   1   0  -2  -1   0   0   0   1  -2   0   0   1  -3  -2   1   12   5   7   4   0  10   4   1   0   7   6   3   6   0   3   6  13   0   0  12  0.08 0.05
  236 L    -2  -3  -3  -3  -2  -2  -3  -3  -3   2   4  -3   3  -1  -3  -2  -1  -2  -2   2    1   1   1   1   0   0   1   1   0  12  56   1   8   0   1   1   1   0   0  14  0.49 0.14
  237 D     1   3   1   3  -3   1   0  -2  -1  -3  -3   1  -2  -4  -2   1   1  -4  -3  -2   11  20   6  23   0   7   0   0   0   0   0  11   0   0   0   9  12   0   0   0  0.36 0.12
  238 Q     0   1   1   0  -3   3   0   0  -1  -3  -3   2  -2  -4   1  -1   0  -3  -3  -2    9   8   6   4   0  26   3   9   0   0   0  21   0   0   7   0   4   0   0   3  0.32 0.12
  239 L    -1  -2  -1  -3  -2  -2   0  -3   3   3   2  -2   2   0  -3  -2  -2  -3  -1   1    3   0   4   0   0   0   7   0  13  22  30   0   5   4   0   0   0   0   0  12  0.26 0.11
  240 Y     4   0  -2  -3  -2  -2  -2   1  -2  -2  -1  -2   1  -2  -2   0   0  -3   1  -1   64   4   0   0   0   0   0   9   0   0   6   0   4   0   0   0   3   0   8   3  0.47 0.19
  241 T     1   1   2   1  -3   1   2  -1  -1  -2  -1   0   0  -3  -2   1   0  -3  -2  -2   12  11  12   7   0   5  21   3   0   0   7   3   5   0   0   8   6   0   0   0  0.20 0.08
  242 Q     0   0  -2  -1  -2   1   1  -3  -1   2   0   0  -1   2  -2  -1  -1  -2   2   0   12   5   0   3   0   8  13   0   0  19   5   3   0  14   0   3   0   0   9   5  0.11 0.08
  243 L    -2  -3  -4  -4  -2  -3  -3  -4  -3   0   4  -3   2   2  -3  -3   0  -2   1   1    0   0   0   0   0   0   0   0   0   0  71   0   3   7   0   0   5   0   6   5  0.62 0.18
  244 S    -1   2   1  -1  -2   1   0  -2  -1  -1   0   2  -1   0  -2   1   1  -2  -1  -1    1  11   6   1   0   9   1   1   0   1  12  24   0   6   1  12  10   0   0   4  0.16 0.08
  245 N     1   0   2   3  -3   2   2  -1  -1  -3  -3  -1  -2  -3  -2   0   0  -3   0  -2   14   3  13  24   0  12  13   4   0   0   0   0   0   0   0   6   5   0   5   0  0.32 0.11
  246 M     0   0  -2   0   1   0  -2  -3  -1   1   0  -2   0   0  -2  -1   0  -1   4   1    6   5   0   7   3   4   0   0   0  13  11   0   2   0   0   4   8   0  26   8  0.16 0.09
  247 D     1  -1   0   2  -1   0   0   1   1   0  -1   0  -1  -2   1   0  -1  -2  -1  -1   14   2   5  17   1   2   7  14   6   8   3   5   1   1   6   3   2   1   1   2  0.11 0.03
  248 P     0   1   1  -1  -1   0   0  -1  -1   0   0   1   0  -1   2   0   0  -2  -1   0    8   9  11   2   1   5   2   3   1   6   9  13   1   2  10   3   2   1   1  11  0.07 0.02
  249 K    -1  -1   2  -1  -3   1   1  -2  -1  -2  -2   1  -2  -3   5   0  -1  -3  -2  -1    1   1  12   1   0   6  11   1   0   1   2  13   0   1  37   6   1   0   1   6  0.60 0.12
  250 D     1  -1   0   3  -2   1   1   0  -1  -1  -1   0  -1  -2   1   1   0  -3  -2  -1   11   1   1  24   0   9   9   5   0   4   5   3   0   1   6  12   6   0   0   1  0.20 0.07
  251 G     1  -1   0  -1  -2  -1  -1   2   1  -1  -1  -1  -1  -2   2   0   2  -3  -2   0   17   3   3   3   0   0   0  22   4   0   7   0   0   0  10   1  18   0   0  10  0.19 0.08
  252 S     1   2  -1  -2  -2   0  -1  -2   2   0  -2   2  -2  -3  -2   3   1  -3  -2  -2    9  14   0   0   0   3   0   0   7   7   0  19   0   0   0  30  11   0   0   0  0.30 0.14
  253 A    -1  -3  -4  -4  -2  -3  -2  -4  -4   4   1  -3   1  -2  -3  -3   0  -4  -2   4    2   0   0   0   0   0   4   0   0  39   3   0   4   0   0   0   3   0   0  44  0.61 0.19
  254 V    -1   1   0  -2  -2  -1   1  -3  -2   2   0  -1   1  -1  -3   0   2  -2   1   2    0   9   5   0   0   0  14   0   0  13   3   0   4   0   0   4  15   0   7  25  0.15 0.10
  255 V    -2  -3  -4  -4  -2  -3  -3  -4  -4   4   1  -3   0  -1  -3  -3  -1  -3  -2   5    0   0   0   0   0   0   0   0   0  30   9   0   0   0   0   0   0   0   0  57  0.71 0.20
  256 L    -1  -1   0   1  -3   1   4  -2  -1  -1  -1  -1  -1  -3  -2   0   1  -3  -2   0    4   0   4   8   0   5  42   0   0   3   8   0   0   0   0   7   8   0   0  10  0.32 0.12
  257 G    -1  -4  -2  -3  -4  -3  -4   7  -4  -5  -5  -3  -4  -5  -4  -2  -3  -4  -5  -5    0   0   0   0   0   0   0 100   0   0   0   0   0   0   0   0   0   0   0   0  1.84 0.34
  258 Y    -3   1   1  -3  -4  -2  -2  -4   8  -4  -3  -2  -3   1  -4  -2  -3  -1   6  -4    0   7   7   0   0   0   0   0  50   0   0   0   0   3   0   0   0   0  33   0  1.30 0.30
  259 T     1  -3  -2  -3   2  -2  -2  -3  -3  -2  -3  -2  -2  -4  -3   0   6  -4  -3  -2   14   0   0   0   4   0   0   0   0   0   0   0   0   0   0   0  82   0   0   0  1.08 0.32
  260 D    -3  -3   0   7  -5  -2   0  -3  -3  -5  -5  -2  -4  -5  -3   1  -2  -6  -4  -5    0   0   0  88   0   0   0   0   0   0   0   0   0   0   0  12   0   0   0   0  1.57 0.34
  261 R     0   2   2  -1  -3   0   2  -2  -1  -3  -3   1  -2  -4  -2   3   1  -4  -3  -3    4  12  12   0   0   0  17   0   0   0   0   5   0   0   0  43   7   0   0   0  0.46 0.17
  262 I    -1   1  -2   0  -2   1  -1  -3  -2   1   0  -1  -1  -2  -3  -1   3   2  -2   1    0  13   0   6   0  10   0   0   0   8  12   0   0   0   0   0  36   4   0  12  0.26 0.14
  263 G    -1   0  -2   0  -4  -3  -3   6  -3  -5  -5  -2  -4  -5  -4  -2  -3  -4  -4  -5    0   7   0   5   0   0   0  88   0   0   0   0   0   0   0   0   0   0   0   0  1.44 0.29
  264 S     0   0  -1  -2  -2   0  -1  -1  -2  -3  -3   0  -2  -4   3   4   2  -4  -3  -2    3   4   0   0   0   3   0   3   0   0   0   4   0   0  13  53  17   0   0   0  0.58 0.20
  265 E     0   1  -1   3  -3  -1   2  -1   0  -3  -3  -1   0  -2   2   0  -1  -2   2  -2   11   9   0  22   0   0  17   4   3   0   0   0   5   0  12   7   0   0  10   0  0.31 0.12
  266 A     3   0   0   1  -2   0   3  -1  -2  -1  -1  -1  -2  -3  -2   0   0  -3  -3  -1   40   4   3   7   0   3  26   3   0   6   5   0   0   0   0   0   3   0   0   0  0.29 0.14
  267 Y     0  -3  -2  -4  -3  -2  -3  -4   4  -1  -2  -3  -2   1  -1  -1   0   0   7  -2    7   0   0   0   0   0   0   0  15   3   3   0   0   0   3   4   8   0  57   0  0.92 0.26
  268 N    -3  -2   8   2  -4  -2  -2  -2  -1  -5  -5  -2  -4  -5  -4  -1  -2  -6  -4  -5    0   0  93   7   0   0   0   0   0   0   0   0   0   0   0   0   0   0   0   0  1.72 0.38
  269 Q    -2   0  -2   0  -3   3   1  -3  -2   1   1   0   2  -2  -3  -2  -2   6  -1  -1    0   5   0   5   0  25   7   0   0  15  18   3   9   0   0   0   0  13   0   0  0.38 0.16
  270 Q     2   1   0   2  -2   2   0   0  -2  -2  -3   1  -2  -3   0   0  -1  -3  -3  -1   32  10   4  14   0  11   4   7   0   0   0   9   0   0   3   0   0   0   0   6  0.24 0.11
  271 L    -3  -4  -5  -5  -3  -4  -4  -5  -4   0   6  -4   1  -1  -4  -4  -3  -3  -2  -1    0   0   0   0   0   0   0   0   0   0 100   0   0   0   0   0   0   0   0   0  1.21 0.30
  272 S     1  -2  -1  -2  -2  -2  -2   3  -2  -4  -4  -2  -3  -4  -2   5   0  -4  -3  -3    7   0   0   0   0   0   0  21   0   0   0   0   0   0   0  72   0   0   0   0  0.87 0.27
  273 E     0  -1  -1  -1  -3   4   3  -3  -1  -2   0   1  -1  -2  -2   0  -1  -3   0  -2    8   0   0   0   0  29  30   0   0   0  16   5   0   0   0   8   0   0   4   0  0.41 0.17
  274 K     1   5  -1  -2  -4   4   1  -3  -1  -4  -3   2  -2  -4  -2   0  -2  -4  -3  -3   12  40   0   0   0  23   5   0   0   0   0  16   0   0   0   4   0   0   0   0  0.66 0.19
  275 R    -3   7  -2  -3  -5  -1  -2  -4  -2  -5  -4   0  -3  -5  -4  -2  -3  -4  -3  -4    0 100   0   0   0   0   0   0   0   0   0   0   0   0   0   0   0   0   0   0  1.84 0.39
  276 A     6  -3  -3  -3  -2  -2  -2  -1  -3  -3  -3  -2  -2  -4  -2   1  -1  -4  -3  -2   95   0   0   0   0   0   0   0   0   0   0   0   0   0   0   5   0   0   0   0  1.14 0.32
  277 Q    -1   0   0   2  -3   2   2  -2  -1  -1   0   2  -1  -2  -2   0   0  -3   1  -1    4   0   3  14   0  13  13   0   0   0  16  19   0   0   0   3   4   0   6   5  0.18 0.09
  278 S     3  -2   0  -2  -2  -1   0  -1  -2  -1  -2  -1  -2   0  -2   3   1  -3  -2  -1   36   0   3   0   0   0   6   0   0   3   0   0   0   5   0  40   5   0   0   3  0.41 0.17
  279 V     0  -4  -4  -4  -2  -3  -4  -1  -4   1  -1  -4  -1  -2  -4  -3  -1  -4  -3   6    7   0   0   0   0   0   0   5   0   0   0   0   0   0   0   0   0   0   0  88  0.96 0.29
  280 V     2   3  -2  -2  -2   0  -1   0  -2  -1  -2   2   1  -2  -2  -1   0  -3   0   1   26  22   0   0   0   3   0   5   0   0   0  18   6   0   0   0   4   0   3  12  0.24 0.12
  281 D    -1   0   1   4  -3   3   1   0   1  -3  -3   1   1  -3  -2   1  -1  -4  -2  -3    0   3   6  28   0  17   4   6   4   0   0   9   6   0   0  16   0   0   0   0  0.38 0.13
  282 Y     1  -3  -3  -3  -3   0   1  -3   0  -2  -2  -2  -2   3  -3  -2  -1   0   6  -1   15   0   0   0   0   5  10   0   0   0   0   0   0  13   0   0   4   0  50   3  0.75 0.23
  283 L    -3  -3  -5  -5  -3  -3  -4  -5  -4   1   5  -4   2  -1  -4  -4  -2  -3  -2   0    0   0   0   0   0   0   0   0   0   6  89   0   5   0   0   0   0   0   0   0  1.02 0.26
  284 V     0   0  -2  -2  -2   1   1  -3  -2   2   1  -1   0  -1  -3  -1   0  -2   1   2    7   7   0   0   0   7  11   0   0  20  16   0   0   0   0   0   6   0   6  19  0.15 0.09
  285 A     2   1   1   0  -2   0  -1   0  -2  -2  -2   0  -2  -3  -2   2   1  -3  -2  -1   30  10   8   4   0   3   0   6   0   0   3   5   0   0   0  15  13   0   0   3  0.22 0.10
  286 K    -1   2   1  -1  -3   3   1  -1  -1  -2  -2   3  -2   0  -2  -1  -1  -2   1  -1    5  13   8   0   0  21   4   4   0   0   3  26   0   6   0   0   0   0   5   4  0.29 0.12
  287 G    -1  -3  -2   0  -4  -3  -3   6  -3  -5  -4  -3  -4  -4  -3  -2  -3  -4  -4  -4    0   0   0   5   0   0   0  89   0   0   1   0   0   0   0   0   0   0   0   0  1.46 0.27
  288 I    -2  -4  -4  -4  -2  -3  -4  -4  -3   3   1  -3   0   1  -4  -3  -1  -3   1   4    0   0   0   0   0   0   0   0   0  25   8   0   0   5   0   0   0   0   6  56  0.65 0.20
  289 P     1   0   0   3  -3   0   0  -2  -2  -3  -3   1  -3  -4   4   2  -1  -4  -3  -3   19   4   4  19   0   3   3   0   0   0   0  10   0   0  20  17   0   0   0   0  0.45 0.13
  290 A     4  -2  -2   0  -2  -2  -2   1   1  -3  -3   0  -2  -4   3   1  -1  -4  -3  -2   48   0   0   4   0   0   0  11   5   0   0   4   0   0  19   9   0   0   0   0  0.53 0.17
  291 G     0  -2   1   4  -3  -1   1   1  -2  -2   0  -1  -2  -3  -2   1   0  -4  -3  -2    8   0   6  31   0   0  12  12   0   0  12   0   0   0   0  16   3   0   0   0  0.33 0.12
  292 K    -2   5   0  -2  -4   3  -1  -3   1  -4  -3   4  -2  -4  -3   0  -2  -4  -3  -4    0  46   4   0   0  13   0   0   3   0   0  28   0   0   0   5   0   0   0   0  0.81 0.22
  293 I    -1  -3  -4  -4  -2  -3  -4  -4  -4   4   3  -3   2   0  -4  -3  -2  -3  -2   2    3   0   0   0   0   0   0   0   0  45  27   0   4   4   0   0   0   0   0  16  0.57 0.17
  294 S     1   0   1   1  -2   1   0   0   1  -1  -1   0   2  -2  -2   1   0  -3  -2   0   11   5   5   7   0  11   3   6   5   3   0   5  12   0   0  16   3   0   0   8  0.11 0.07
  295 A     3  -3  -2  -3  -2  -2  -2  -2  -3   2   0  -2  -1  -2   0   0   2  -3  -2   2   32   0   0   0   0   0   0   0   0  11   3   0   0   0   3   3  22   0   0  25  0.32 0.15
  296 R    -1   4   1  -2  -3   0   0  -3  -2   0  -2   1  -1  -2  -3   0  -1  -3  -1   3    4  30   7   0   0   3   5   0   0   0   0   7   0   0   0   6   0   0   3  36  0.31 0.15
  297 G    -1  -3  -1  -2  -3  -3  -3   6  -3  -4  -4  -3  -3   1  -3   2   0  -3  -3  -4    0   0   0   0   0   0   0  72   0   0   0   0   0   7   0  17   5   0   0   0  1.05 0.24
  298 M     0   2  -1  -3  -3  -1  -1  -3  -1  -1   1   0   2   2  -3  -2  -2  -1   5  -1   10  15   3   0   0   0   3   0   0   0  18   5   7   8   0   0   0   0  31   0  0.36 0.15
  299 G     1  -3  -2  -2  -3  -3  -3   6  -3  -5  -5  -3  -4  -4  -3   1  -2  -4  -4  -4   10   0   0   0   0   0   0  78   0   0   0   0   0   0   0  13   0   0   0   0  1.23 0.26
  300 E     1  -1  -1   2  -3   1   4  -2  -1  -3  -3   2  -2   0   1   0  -1  -3  -2  -3   12   0   0  15   0   3  36   0   0   0   0  14   0   6   8   7   0   0   0   0  0.43 0.14
  301 S     1   1  -1   0  -2  -1   2  -2  -2  -2  -1  -1  -2  -2  -2   2   2  -3   0  -1   17   8   0   6   0   0  16   0   0   0   4   0   0   0   0  23  20   0   4   3  0.24 0.12
  302 N    -2   2   3   3  -4   2   1  -2   1  -3  -3   1  -2  -1  -2   0  -1  -3   0  -1    0  11  25  22   0  12   4   0   3   0   0   9   0   3   0   3   0   0   3   5  0.38 0.13
  303 P    -3  -4  -4  -3  -4  -3  -3  -4  -4  -4  -2  -3  -3   1   8  -3  -3  -5  -3  -4    0   0   0   0   0   0   0   0   0   0   5   0   0   7  88   0   0   0   0   0  2.23 0.37
  304 V     0  -3  -4  -3  -2  -3  -1  -4  -4   3   2  -3   0   0  -3  -2  -1  -3  -2   4    6   0   0   0   0   0   5   0   0  23  17   0   0   4   0   0   0   0   0  45  0.45 0.16
  305 T     3  -3  -2  -1   3  -2  -2   0  -3  -1  -2  -2  -1   0  -2   0   1  -3  -2   2   47   0   0   3   8   0   0   5   0   0   0   0   0   6   0   0  12   0   0  19  0.35 0.16
  306 G    -1  -2  -1   2  -2  -1   1   0  -2  -1   0  -1  -1   0   1   2   2  -3  -2   0    0   0   0  15   0   0   9   8   0   0   9   0   0   5   5  25  16   0   0   6  0.17 0.09
  307 N    -2  -2   7   0  -4  -1   0   3  -1  -4  -4  -2  -3  -4  -3  -1  -2  -4  -3  -4    0   0  70   0   0   0   5  22   0   0   0   0   0   0   0   0   0   0   0   0  1.11 0.27
  308 T     1   0   1   2  -2   1   0   1   2  -3  -3   1  -2  -3  -2   1   1  -3  -2  -2   13   4   3  18   0   8   0   9   9   0   0   7   0   0   0  15  13   0   0   0  0.26 0.10
  309 C    -1  -2  -1   2   4  -2  -2  -2  -3  -2  -3  -2  -2  -3  -2   1   5  -3  -3  -2    0   0   0  15  12   0   0   0   0   0   1   0   0   0   0   7  61   0   0   0  0.74 0.23
  310 D     2  -1  -1   3  -2   0   3  -2  -2  -2  -3   0  -2  -3   2   1  -1  -3  -3  -1   26   0   0  18   0   0  26   0   0   0   1   5   0   0  11   8   0   0   0   5  0.37 0.12
  311 N     2  -1   1   1  -3   2   4  -2  -1  -3  -3   0  -2  -3  -2   0  -1  -3  -2  -1   22   0   8   3   0   9  42   0   0   0   1   4   0   0   0   3   0   0   0   6  0.43 0.15
  312 V     1  -2  -1  -2  -2   0  -2   5  -2  -2  -2  -1  -2  -3  -2   1  -1  -3  -2   0   14   1   1   1   0   6   1  52   0   1   1   1   0   1   1  10   1   0   0   9  0.54 0.13
  313 K    -2   6  -1  -2  -3   0  -1  -3   2  -3  -3   2  -2   0  -2  -2  -2  -2   1  -3    1  60   1   1   0   1   1   1   5   1   1  14   0   3   1   1   1   0   7   1  0.75 0.19
  314 A     4  -1  -1  -1  -1   0   1  -1  -1  -2  -2  -1  -1  -2   0   1   0  -2  -2  -1   54   1   1   2   1   3   9   2   1   1   3   2   1   1   4   5   6   0   1   2  0.31 0.10
  315 R     0   3   0   0  -1   0   0  -1   0  -1  -1   2   0  -1   0   0   0  -1  -1  -1    5  21   3   3   1   3   4   5   1   3   6  22   4   2   3   4   4   1   2   4  0.13 0.02
  316 A     1   0   0   0   0   0   0   0   0   0   0   0   0  -1   0   0   0   0   0   0   21   4   4   5   2   4   5   6   2   4   8   5   2   3   4   6   5   1   3   5  0.03 0.00
  317 A     1   0   0   0   0   0   0   0   0   0   0   0   0  -1   0   0   0   0   0   0   21   4   4   5   2   4   5   6   2   4   8   5   2   3   4   6   5   1   3   5  0.03 0.00
  318 L     0   0   0   0   0   0   0   0   0   0   1   0   0   0   0   0   0   0   0   0    7   4   4   5   2   4   5   6   2   4  22   5   2   3   4   6   5   1   3   5  0.01 0.00
  319 I     0   0   0   0   0   0   0   0  -1   1   0   0   0   0   0   0   0   0   0   1    6   4   4   4   2   3   5   6   2  19   7   5   2   3   4   6   5   1   3  12  0.00 0.00
  320 D     0   0   0   1  -1   0   1   0   0  -1  -1   0   0  -1   0   0   0   0   0  -1   11   4   4  10   2   3  15   6   2   4   7   5   2   3   4   6   5   1   3   5  0.06 0.00
  321 C     0  -1   0   1   5   0   0   0  -1  -1  -1   0  -1  -1   0   0   0  -1  -1   0    6   4   3  11  21   3   5   5   2   4   7   4   2   3   4   5   4   1   2   5  0.12 0.01
  322 L     0   0   0   0  -1   0   0  -1  -1   0   1   1   0   0   0   0   0   2   0   0    5   4   3   8   1   3   4   5   2   4  21  11   2   3   4   5   4   5   2   5  0.02 0.01
  323 A     2   1   0   1  -1   1   0   0  -1  -1  -1   0   0  -1   0   0   0  -1  -1  -1   27  10   2  10   1   6   4   4   1   3   5   3   5   2   3   4   3   1   2   4  0.07 0.02
  324 P    -1   0  -1  -1   1   4   2  -2  -1  -2  -2   1  -1  -2   3   0   0  -2  -2  -1    2   1   1   1   4  29  13   2   1   1   2   8   1   1  16   6   6   0   1   5  0.34 0.09
  325 D    -3  -2   7   2  -4  -1  -1  -2  -1  -5  -5  -2  -4  -5  -3   1  -1  -5  -4  -4    0   0  84   9   0   0   0   0   0   0   0   0   0   0   0   7   0   0   0   0  1.42 0.30
  326 R    -3   7  -2  -3  -5   2  -1  -4  -2  -5  -4   1  -3  -4  -4  -2  -3  -4  -3  -4    0  93   0   0   0   7   0   0   0   0   0   0   0   0   0   0   0   0   0   0  1.60 0.32
  327 R    -3   7  -2  -3  -5  -1  -2  -4  -2  -5  -4   1  -3  -5  -4  -2  -3  -4  -3  -4    0 100   0   0   0   0   0   0   0   0   0   0   0   0   0   0   0   0   0   0  1.79 0.35
  328 V     1  -3  -4  -4  -2  -3  -3  -3  -4   2   0  -3  -1  -2  -3  -2   0  -4  -2   5   15   0   0   0   0   0   0   0   0  11   0   0   0   0   0   0   3   0   0  71  0.70 0.21
  329 E    -1  -2  -1   2  -4   0   6  -3  -2  -3  -4  -1  -3  -4  -2  -1   0  -4  -3  -1    4   0   0  11   0   0  74   0   0   0   0   0   0   0   0   0   6   0   0   5  0.94 0.23
  330 I     0  -3  -4  -4  -2  -3  -4  -4  -4   5   2  -3   0   1  -3  -3  -1  -3  -2   2    9   0   0   0   0   0   0   0   0  55  15   0   0   5   0   0   0   0   0  16  0.56 0.16
  331 E    -1   1   1  -1  -3   1   2  -2  -1   0  -2   2  -1  -3  -2   0   2  -3  -2   1    0   4   7   0   0   7  17   0   0   4   0  20   0   0   0   5  19   0   0  16  0.23 0.10
  332 V     0  -3  -4  -4  -2  -3  -3  -4  -4   4   2  -3   0  -1  -3  -2  -1  -3  -2   4    6   0   0   0   0   0   0   0   0  32  20   0   0   0   0   0   0   0   0  42  0.52 0.13
  333 K     0   2  -1  -1  -2   1   1  -2  -1   0   0   2  -1  -2   1  -1   0  -3  -2   1    9  16   0   0   0   7   7   0   0   0   7  17   0   0   6   0   8   0   0  22  0.14 0.04
  334 G     0  -2  -1   0  -3   0   2   4  -2  -4  -4  -1  -3  -4   2  -1  -2  -3  -3  -3    0   0   0   0   0   0  28  58   0   0   0   0   0   0  14   0   0   0   0   0  0.67 0.04
  335 Y    -2  -2  -3  -3  -2  -2  -3  -3   0   1   1  -2   0   4  -3  -2  -2   1   5   0    0   0   0   0   0   0   0   0   0  12  19   0   0  19   0   0   0   0  49   0  0.50 0.02
  336 K    -1   2   0  -1  -3   3   1  -2  -1  -3  -3   5  -1  -3  -1   0  -1  -3  -2  -2    0   0   0   0   0  19   0   0   0   0   0  81   0   0   0   0   0   0   0   0  0.55 0.03
  337 E    -1  -1   0   2  -3   1   4  -2   0  -3  -3   0  -2   0  -2  -1  -1  -1   3  -2    0   0   0  15   0   0  59   0   0   0   0   0   0   0   0   0   0   0  26   0  0.48 0.02
  338 V     0  -1  -2  -2  -1   2  -1  -3  -2   2   0  -1   0  -1  -2  -1   0  -3  -1   3    0   0   0   0   0  26   0   0   0   0   0   0   0   0   0   0   0   0   0  74  0.24 0.02
  339 V     0  -3  -3  -3  -1  -2  -3  -3  -3   3   1  -2   1  -1  -3  -2   0  -3  -1   4    0   0   0   0   0   0   0   0   0   0   0   0   0   0   0   0   0   0   0 100  0.40 0.02
  340 T     0   0   0  -1  -1   0   0  -2  -2  -1  -2   2  -1  -3  -1   1   4  -3  -2  -1    0   0   0   0   0   0   0   0   0   0   0  28   0   0   0   0  72   0   0   0  0.37 0.02
  341 Q    -1   0   0   1  -3   4   4  -2   0  -3  -3   1  -1  -3  -1   0  -1  -3  -2  -3    0   0   0   0   0  46  54   0   0   0   0   0   0   0   0   0   0   0   0   0  0.64 0.02
  342 P    -1  -2  -2  -2  -3  -1  -1  -2  -2  -3  -3  -1  -3  -4   8  -1  -1  -4  -3  -2    0   0   0   0   0   0   0   0   0   0   0   0   0   0 100   0   0   0   0   0  2.04 0.00
  343 Q    -1   1   0   0  -3   6   2  -2   0  -3  -2   1   0  -3  -1   0  -1  -2  -1  -2    0   0   0   0   0 100   0   0   0   0   0   0   0   0   0   0   0   0   0   0  0.65 0.00
  344 A     4  -1  -2  -2   0  -1  -1   0  -2  -1  -2  -1  -1  -2  -1   1   0  -3  -2   0  100   0   0   0   0   0   0   0   0   0   0   0   0   0   0   0   0   0   0   0  0.40 0.00

                      K         Lambda
Standard Ungapped    0.1339     0.3148
Standard Gapped      0.0376     0.2670
PSI Ungapped         0.1259     0.3076
PSI Gapped           0.0376     0.2670
