-1.3083596
-1.0732028
-0.99697838
-0.76196016
-0.962765
-0.71486533
-0.61596742
-1.8366601
-1.8719929
0.20383235
-1.6891556
-0.90731191
-1.0098211
-1.2051825
-1.7506243
-1.3708411
-1.67457
-1.7097245
-1.4074401
-1.6101271
-1.6507868
-1.346772
-1.5109561
-1.5038102
-1.3169429
-1.1767478
-0.87909509
-1.1165942
-0.98250609
-0.68186259
0.19988571
-1.0395517
-1.2489578
0.28111514
-0.65727201
-1.0116588
-1.0990929
0.78211881
-0.78701706
-1.0476571
-1.1571884
1.3448027
-1.076689
-1.0898652
-1.1940038
-1.2224685
-1.2832675
-1.0446194
-0.64536515
-1.1963168
0.082559397
0.49977373
-1.1067705
1.1181192
0.12035485
-0.81865575
0.94762947
-0.5757848
-1.3189151
-1.1643776
-0.85347925
-0.62014424
1.0021097
-1.1024351
-0.91086824
-1.0895035
-1.0555023
-1.0665919
-1.1127511
-1.0662116
-0.44960572
-0.99983183
-1.271333
-1.3061095
-1.1085768
0.89049789
-0.77107144
1.4988822
-0.74531037
2.0497791
-0.61651585
-1.0526019
-0.42801005
-0.71755044
-1.3617981
-1.1042036
-1.1230146
-0.98811621
-0.90106193
-1.1094366
-0.4215182
-1.1826432
0.43865595
-0.62112289
-0.36718376
1.6289804
-1.1511159
-0.51547139
-0.97776816
-0.54107336
-1.0022787
-1.2086254
-0.99811477
-1.0756212
-0.99365789
-0.54078956
-0.58091529
-1.0615868
-0.30025812
1.0948841
-0.1066272
1.1626992
-0.13235546
0.68844824
-0.89085811
-0.81594203
-0.82961524
0.51105569
-1.1390819
-1.3386664
-1.4197485
-1.0010869
-1.0965462
-1.1551231
-0.97092382
1.5798751
-1.0423324
1.9402677
-0.33348579
-1.0077624
-0.52204532
1.2202493
-1.0930782
-0.2012184
-0.3443283
-0.25578379
-1.1585653
-0.59558682
-0.62557336
-1.2762769
-0.98801482
-0.39356338
-1.2088917
-0.59319331
-1.2679011
-1.0568167
-0.68135556
-1.0380046
1.1289592
-0.77198603
1.0376725
-1.1152407
-0.57886601
0.40515943
0.090336396
0.66475702
0.024652264
0.10790943
-1.1551311
-1.0719818
0.70605335
-1.1988845
0.24314107
-0.5742374
0.9127306
-1.0223807
-0.11665846
-1.3813944
-1.013967
-0.61308251
-1.5053539
-1.0641622
-1.5153942
-1.2778212
-0.077622506
-1.2601013
-1.4810114
1.6039951
0.36669166
0.74884095
-0.0070989162
0.7226769
-0.52849692
0.7891253
-0.70636496
-1.1847497
-0.95244826
-0.83279644
-1.0964654
-1.7804083
-0.60818834
-0.34327409
-0.73137604
-1.0817415
-1.9691165
-1.6686924
-1.221513
-1.9876345
-1.6107607
-1.9569737
-1.6710812
-1.2600509
-1.5648926
-1.2561373
-1.8173466
-0.46180495
-1.324802
-1.1246255
-1.2287103
-1.920233
-1.577173
-1.9802004
-1.3419431
-1.3702717
-1.3582499
-0.84881083
-1.7175041
-1.7259213
-1.0048272
-1.0854036
-1.5741076
-1.0959236
-1.3687152
-1.194072
-1.182023
0.66687384
-0.29750441
0.3054607
0.43197644
0.93574503
-1.3083149
1.0705313
0.3437337
-1.3492127
-1.2619468
-0.91941794
-0.32832154
-0.64363255
1.4333661
-0.98249487
1.0277823
-1.2589723
0.47847727
-1.0192265
-1.2646322
-1.3572316
-0.85374247
-0.95238255
0.85265451
-0.92436407
2.0722242
-0.86724584
2.4283606
-0.71320477
1.8915704
-0.9202539
0.86664294
-0.42560823
-1.0323396
0.78089013
-1.439948
0.42100032
-1.0869334
-0.97336201
-1.251075
-1.0928717
-1.011071
-0.96889205
-1.1736061
-1.201714
-1.2642931
-1.2176778
0.8764681
-0.98868044
0.85675278
-1.1664248
0.62800008
-1.1409877
-1.2162928
-1.0897263
-0.91468098
0.56604378
-1.370869
1.6394345
-0.54231738
1.7230189
-1.0587296
1.0955772
0.046259596
-1.0444733
-0.29503277
-1.2201419
-1.451005
-1.4238005
-1.2516851
-1.7705539
-1.1766727
-1.1382383
-1.8804639
-1.7643976
-1.1253089
0.13062553
-0.20957326
0.22841998
0.26434222
-0.81437095
-0.64613175
1.184048
0.84068865
0.13531838
-1.4133057
-1.2268126
-1.2523454
-1.1036658
-0.088530616
-1.0754582
1.111367
-1.0464225
-0.11581298
-1.0687916
-1.3889498
-1.2396346
-1.3863481
-1.1748911
-1.1060326
-1.2561049
-0.698181
-1.2475013
-0.84936783
-1.1451265
-1.1430727
-1.1511119
-1.2242457
-0.3921351
-1.0364007
-1.5368873
-1.2007929
-1.3372727
-1.0383404
-1.9196161
-1.6042248
-1.2453845
0.024181505
-1.0907345
0.90277391
-1.0022858
0.38803715
-1.0225024
0.97594842
-1.0490547
-1.3396293
-1.1350258
-0.64498289
-0.56604999
-1.1538206
-0.35894058
-0.12959659
0.50081802
0.63523198
-0.60823702
0.75244337
-0.98634324
-0.96912975
-1.0152471
-1.2813715
-1.1204115
-1.1550968
-0.52967874
0.67980046
0.56250252
0.3741855
-0.5211877
0.74714167
-0.98656156
-0.08082212
-0.9896227
-1.0584045
0.17220207
0.22543056
-0.50938601
-1.135964
-1.1437319
-1.1995374
-1.1648799
-1.6696214
-1.1409453
-1.1056979
-1.1539907
-1.067581
-1.311979
-1.8892396
-1.2797793
-1.3171238
-1.4269595
-1.6237198
-1.4788561
-1.4625685
-0.95872648
-1.1035443
-1.3548678
-0.86083995
-0.98321043
-1.2619585
-1.1317052
0.31855407
-1.1103946
-1.2254669
-0.80859575
-1.0152289
-1.1796548
-1.1495743
-1.7905543
-1.181544
-1.1269428
-0.92566175
-1.2670346
-0.9441898
1.202588
-1.0781118
1.4334223
-0.74872365
-0.99984601
-1.3957714
1.9482297
-0.010660965
1.302239
0.037812092
0.92982344
0.70589276
-0.12563573
-0.91436888
-0.36845437
-1.5776526
-1.2871303
-0.13589793
-0.72024271
-1.3740309
-1.2631094
-1.7297328
-1.4018772
-0.51501088
-0.79817382
-0.96558207
-0.82260865
-1.1981998
-0.69014779
-0.87235834
-1.0389776
-1.0288287
-0.79790304
-1.6511879
-0.27824866
-0.94591694
-1.0485426
-0.68608153
-0.88156163
-0.9255791
-1.4225978
-1.6471664
-0.81280431
-0.89312544
-0.87097676
-0.932879
-0.051292383
-0.56258664
-1.0365845
-0.42669437
-1.1226373
-1.0767592
-1.3162762
-0.98024466
-1.305388
-0.79551175
-0.34446235
-0.90784161
-0.67148158
-0.90613748
-1.3631385
-1.1657965
-0.87003955
-1.1577595
-1.3817179
-1.2876173
-1.3117481
-0.84466143
-0.66457168
-0.75295207
-1.1207263
-1.2999779
-0.50858677
-1.1178213
-0.9685545
-1.1748423
-1.2256226
-1.0446024
-1.0643061
-1.1704507
-1.4833172
0.10129374
-1.1776712
1.1276307
-1.3541148
-0.32877577
-0.99450602
-0.64798575
-1.0144405
0.72497023
-0.51758483
-0.87892273
-0.80540719
-0.99955615
-0.99955615
-1.0513062
-1.3266604
-1.2996393
-0.23940094
-1.0614492
-0.73735292
-0.78794183
0.070550304
-1.0297686
-1.0003519
-1.1221204
-1.0927048
-1.270854
0.37621102
-1.0028782
-1.469006
-1.0929737
-0.31775405
-0.76987248
-1.267523
-1.1171707
-0.98839869
-1.208124
-0.74846399
-1.1027237
-1.1309452
-1.123303
-1.002468
-0.88825422
-1.0754024
-1.1535067
-1.2927109
-0.96932063
-0.79121351
-1.2307668
-0.99827825
-1.4151744
-1.178584
-1.2217654
-1.1783442
-1.4535076
-1.1992568
-1.1505612
-1.5603633
-1.0763114
-0.86035644
-1.2041562
-1.1855704
-1.1967692
-0.99288375
0.22616611
-0.75541752
-1.0670327
-1.1217891
-1.1992114
-0.4380199
-0.93896408
-0.74820924
-0.91178776
-1.4679062
-1.1539961
-0.83383719
-1.3689008
-1.5946297
-1.1857762
-1.1783442
-1.4897364
-1.9407298
-1.1222829
-1.317594
0.49367626
-1.0710514
-0.063199828
-1.2606387
-0.5014247
-1.5529475
-0.5908806
-1.8771023
-1.1354274
-1.0371769
-1.4936088
-0.20819168
-1.1554552
-0.38566998
-0.47111208
-0.069390916
-1.072866
-1.7658342
-1.2336151
-1.1501234
-1.0576836
-1.2834244
-1.6165044
-1.0116394
-1.5134634
-1.3152333
-0.46777027
-1.2208508
-1.0214213
-0.88513255
-1.3512328
0.17360887
-1.1446151
0.064498367
-1.1697776
-0.04557438
-1.1663057
-1.3256489
-1.5035284
-1.1306018
-1.1874986
-1.0958604
-0.90788639
-1.4120982
-1.1764759
-1.0026379
-1.6572751
-0.94534687
-0.85970147
-1.3639789
-1.0619369
-1.1376159
0.14439976
-0.68495179
0.096573284
-1.7071448
-0.68015169
0.59627801
-0.69296681
-1.2357908
-1.2878608
-1.2854195
-1.0515625
-1.0975749
-0.49816617
-1.0906263
-0.67498105
-0.43405165
-0.52835831
-0.80346145
-1.515313
-1.4346586
0.65446651
-1.0497341
-1.2081865
-0.61703453
-0.25154757
-1.4115451
-1.0430666
-1.2278666
-0.6769602
0.68153741
0.89951894
0.83878724
-0.69386354
-0.59321348
-0.5255741
0.37264948
-1.3383746
-1.2596872
-1.0382792
-1.2141298
-1.0783305
-1.5246548
-1.1748162
-0.60229286
-0.35497145
0.39874749
-1.0161624
0.060451292
-1.0479834
-1.0917788
-1.1972888
-0.18402469
-0.96449301
1.4656802
-0.42357215
0.77777756
-0.78879956
-0.69238022
-0.65416114
-0.44404108
-1.2077448
-0.39810151
-0.6875056
-1.1146808
-0.96723423
-1.4241082
-0.71604743
1.1914272
0.58714891
-0.55585515
-0.47260486
0.96199107
-0.24838913
-0.49555211
-1.0316288
-0.87825963
-1.1280464
-1.1503998
-0.78499784
-0.91459162
-1.3193383
-1.9010423
-1.841109
-0.74464571
-0.96893421
-0.61384792
-0.99364292
1.2877817
-0.11109472
-0.21547429
-0.91214564
-0.90441527
-1.0130471
-0.92183208
-1.5667366
-1.4727063
-1.7983083
-1.4727063
-1.8135151
-1.3638032
-1.4899826
-1.1567846
-1.0446745
-1.3039303
-1.502799
-1.2156255
-0.55078622
-1.0753792
-1.2456929
-1.003645
-0.93501029
-0.857104
-1.3448516
0.95217563
-1.1543278
-0.84871991
-1.9067219
-1.539195
0.14821125
-0.34596931
-1.8470943
-1.475669
-1.9841095
-0.84691531
-0.13472431
-0.9236974
-0.93227829
-1.6317297
-1.1831393
-1.5591884
-0.64642477
-1.1127174
-1.3881857
-1.3244228
-1.1128029
-0.99360932
-0.60983146
1.4445353
0.61991669
1.8972764
-1.0683733
1.6108488
-0.7558589
-0.10980057
-0.097828922
-1.0577029
-0.17030281
-1.1550044
-1.1943981
-1.270924
-1.4694654
-1.1000135
-1.2711892
-1.3942811
-1.2477525
-1.2006718
-1.2714809
-1.3795533
-1.1812354
-0.19496114
0.629863
-0.79113861
1.4923802
-0.74352511
0.37245432
-1.0663709
-0.233291
-0.91436063
-1.4380278
-1.3285946
-1.1152894
-1.2045367
1.2755165
-0.17541938
0.75996361
-0.83614418
-0.72531366
-0.59101015
0.44256192
-0.37837889
-0.91404343
-1.2158994
-0.98468323
-0.8254612
-0.99955615
-0.97763655
-1.0514732
-1.2980714
-1.0553885
-1.2576424
-1.2516021
-1.0514732
-1.5694417
-0.93509941
-1.1632752
-1.2361336
-1.0042527
-1.0561434
-1.0751231
-1.4624164
-1.0128954
0.91170937
0.23116738
0.43378782
0.87484338
-1.2334908
-1.1276933
-0.81046285
-0.12388932
-0.7866928
1.5186019
-1.0111064
-1.3051801
-1.139736
-1.0964566
-0.99955615
0.95295608
-1.3898575
-0.43769165
1.0329461
-0.29626273
-0.89375348
-0.17054782
-0.14958538
0.30704101
-0.54407
-0.96999585
-0.28775523
-1.0840015
-0.5482604
-1.0911446
-1.3533116
-1.1178715
-1.6137934
-1.1190343
-1.4585028
-1.487762
-1.140607
-1.0823489
-1.1350597
-1.2145733
-0.92619945
-1.2405575
-1.0954632
-1.0514732
-0.8229697
0.60403556
-0.8172789
0.81420114
-0.43209894
-0.21683314
0.1103035
-0.12677699
-0.76453516
1.6252668
-1.2472777
-0.73779417
-1.2158174
-0.93823181
-1.2745851
1.0322506
-1.2902313
0.7593849
-0.90524055
1.8863265
-0.25128572
1.101848
-0.97631039
0.2164426
-0.97334161
-1.105589
-0.84205754
-1.0184728
-1.1614522
-0.071421746
-1.1557354
-0.88233302
-1.119278
0.40384985
1.4921594
0.096583941
1.6475724
0.202617
1.2780747
-0.28130124
0.59175786
-0.87584647
-0.23966464
-1.2748353
-1.0147264
-0.43486111
-0.76417999
-0.69433705
-0.26856035
-1.01722
-1.3449778
0.53700798
-0.56146026
-0.95053329
-1.1620242
-0.724434
-0.032332965
-0.96648804
-0.33863149
-0.97753794
-0.97970766
-0.86582604
-0.69508797
0.025384347
-1.2108928
-1.1421629
0.13242221
-0.92828465
-0.93707518
-0.047887278
-0.41141029
-0.84744207
-1.3824807
-1.2916853
-1.105602
-1.4758093
-1.2998781
-1.3614327
-1.2672852
-1.2447044
-0.92243156
-0.62235412
-1.12819
-0.94554405
-1.6517257
-0.6419821
-0.59451179
-1.8312663
-1.2884855
-0.12861101
-0.39740943
-1.2722931
-1.4871314
-1.2993564
-1.7762669
-0.91955976
-2.0741854
-0.77854901
-0.89317185
-0.99897151
-1.3235189
-1.4018751
-0.28672753
-1.1272948
-0.88582108
-1.2164629
-0.81273394
-1.4627318
-1.225699
-1.2481885
-0.79274604
-1.2872831
-1.070867
-0.95191629
-0.91263703
-1.0840304
-1.5196751
-1.0351692
-1.0854585
-1.0224399
-1.2527741
-0.68085774
-1.0427869
-0.85908233
-1.0157112
-1.1525849
-0.79421183
-0.49561407
-1.5676252
-0.95687366
-1.044264
-1.4399476
-1.1787658
-1.4073471
-0.87170182
-1.4715845
-1.2441649
-1.0885851
-0.91440282
-1.2815117
0.069532475
-1.2895752
-0.50236857
-0.7452225
-1.04146
-1.0609075
-0.75891023
-1.0465098
-0.99345826
-1.3153458
-1.0546668
-1.4275166
-1.029606
-1.2395804
-1.1659919
-1.3076792
-0.77052026
-0.86207096
-1.1362193
-0.83680661
-1.3897581
-0.97143196
-0.4266469
-1.2220137
-0.7880405
0.77354825
-0.63870101
-0.8354147
-1.0300798
-1.0342818
-1.0704164
-1.0111993
-1.2010382
-0.58096127
-0.97034728
-0.84389149
-0.27442796
-1.6824081
-1.3363246
-1.1419202
-1.7164477
-0.67295425
-0.9570155
-0.41512049
-0.84619544
-0.71158627
-1.098896
-1.1427325
-1.2330348
-0.77876637
-1.3817961
-1.5311449
-1.0014113
-0.40818047
-0.89711169
-1.3310185
-0.88455789
-1.3694126
-0.87682341
-0.7370046
-1.0951009
-1.4556209
-0.94153266
-0.68193839
-1.1061841
-0.87978571
-0.80947665
-0.94707962
-0.97817769
-0.21827649
-1.0862546
-1.1175254
-1.0578564
-0.88311785
-1.5596596
-0.64116459
-1.1021885
-1.2521497
-0.61261429
-1.0624097
-1.0880851
-0.76586086
-1.3619574
-0.96174114
-1.3449114
-1.7235533
-1.268838
-1.1435716
-1.3202214
-0.067514451
-1.0983452
-0.55649971
-1.070304
-1.3480149
-1.2181644
-0.96415458
-0.62282595
-0.99494961
-1.1095235
-1.2647835
-0.20096169
-0.70744532
-0.72286552
-1.1541203
-1.5399953
-1.1880031
-0.7651996
-1.4694003
-1.2677077
-0.86958595
-0.45261412
-1.3291584
-0.72372773
-0.57367221
-1.6317457
-1.2465293
-0.94854502
-1.1843334
-1.3963349
-0.11833895
-1.242996
-0.66572454
-1.1320198
-0.88266832
-1.2465757
-1.3495668
-1.4284547
-0.82456288
-1.1076552
-1.2924417
-0.99003186
-1.6538224
-0.51683427
-1.3763753
-1.0755258
-1.2497791
-1.1195779
-1.8933001
-0.98274852
-1.3084112
-0.8665077
-0.96510835
-1.0504608
-0.72887766
-0.65745108
-1.3552464
-0.15943521
-1.2331718
-0.27026453
-0.38134151
-1.2701783
-1.3265709
-0.85561678
-1.5806806
-0.83388142
-1.1298352
-0.67659331
-0.89453472
-0.72094387
-1.0776527
-1.5287822
-0.93321757
-1.0845153
-1.6643169
-1.3657295
-1.2641548
-0.47662517
-1.1475672
-1.7267891
-0.17210172
-1.120777
-0.74762148
-1.1883935
-1.0577756
-1.003273
-0.63753791
-1.2004372
-1.0601064
-1.1091842
-1.1978101
-1.2990443
-1.3785027
-1.555107
-1.3027681
-1.2530187
-0.4612965
-1.090084
-1.1110649
-0.97583558
-1.3244261
-0.72467859
-1.075661
-1.041169
-1.1492935
0.04497166
-1.10868
-0.92852317
-1.0764505
-0.44118501
-1.1511688
-1.4726469
-0.84716774
-1.3063879
-1.2062633
-0.189533
-1.3693776
-1.3818412
-0.44892063
-1.1107406
-1.1356013
-1.4183117
-1.2652758
-0.67807566
-1.4579276
-1.3958479
-0.89124663
-1.3111144
-1.5098283
-1.0422687
-1.2845519
-1.1431763
-1.0506033
-0.99717991
-0.23931285
-0.95493044
-1.3346139
-1.0776692
-0.99899129
-1.0319084
-1.364923
-0.83689889
-1.0003685
-0.79860229
-1.3100957
-1.1927997
-1.3725012
-1.2253572
-1.315677
-1.5640124
-0.92445484
-1.2382919
-0.87488134
-1.2530126
-0.31237845
-1.2400533
-1.2207916
-1.04025
-1.3310031
-1.6043364
-0.61592811
-0.761534
-0.72982481
-1.1098154
-1.0888241
-1.2717066
-1.4519237
-1.5858137
-0.92061522
-1.5426395
-0.60026163
-1.1690097
-1.4109396
-0.5695002
-1.1747971
-1.4563062
-1.1026436
-1.2129997
-1.3735597
-0.88382485
-1.1783443
-0.78095259
-1.1822482
-0.75163593
-1.1198296
-1.6374068
-2.0085661
-0.75972594
-1.2045119
-0.65193742
-1.2647393
-1.6253632
-1.2162422
-1.4527858
-1.6179074
-1.2691705
-1.1267194
-1.4446783
-1.1555812
-1.2321423
-0.65424217
-1.2554779
-1.7371143
-1.0982497
-1.4675162
-1.6346657
-1.6914317
-1.3090126
-1.4333102
-1.1045856
-1.351289
-1.415381
-1.1546929
-1.0302717
-1.517176
-1.7258775
-1.287486
-1.273643
-1.5173625
-0.89104787
-0.84438472
-1.5106873
-1.3589237
-1.6024503
-1.6077738
-0.45496092
-1.1098101
-1.4225087
-1.2145974
-1.1045856
-0.15575656
-0.95009465
-1.7461918
-1.2717547
-1.3155031
-1.5733487
-0.8227548
-1.2188048
-0.95764503
-1.2855342
-1.4519694
-1.2740025
-1.1097327
-1.5835299
-1.5026821
-1.414345
-1.1410101
-0.86179024
-1.3130633
-1.0572648
-1.0304325
-0.69121383
-0.80817625
-1.3825248
-1.2159761
-1.3677567
-0.89526875
-0.65211058
-1.1863198
-1.3793197
-1.1138841
-1.4280937
-1.3422395
-1.4358078
-0.95603896
-0.20658397
-1.0751698
-1.3341375
-1.0584242
-1.4912972
-1.2436397
-1.0526173
-1.0672975
-1.4894658
-1.7466763
-1.0729295
-0.9060727
-0.77763656
-1.3359961
-1.3198227
-1.4326044
-1.1141751
-1.3313892
-1.3753451
-1.7484129
-1.0773747
-0.69458756
-1.3327609
-1.1307132
-1.4249209
-0.7195945
-1.4348034
-0.26832426
-1.4542685
-0.99195545
-0.89833167
-0.9985097
-1.0684511
-0.94742011
-1.5344636
-1.2299601
-1.8749573
-1.1833774
-1.405512
-1.5533113
-1.1698985
-1.2088141
-1.3512051
-1.802371
-1.1271484
-1.2230139
-1.1090329
-1.1867139
-1.2891747
-0.93219797
-1.5071509
-1.6217131
-1.6360993
-1.1762268
-0.70360303
-1.5518884
-1.2565729
-1.0243565
-1.0682601
-1.0183325
-1.3283354
-1.2665816
-0.67289284
-0.50613941
-0.97210139
-0.87516277
-1.0938149
-0.80178249
-1.218192
-1.2247311
-1.6477405
-1.4746298
-0.86954324
-1.2141022
-1.0994701
-1.0903524
-1.0275914
-1.2364179
-0.88669549
-1.371629
-1.2433112
-1.439679
-1.2018232
-0.97815162
-1.1191459
-1.462442
-1.1491493
-0.96372352
-0.26958148
-1.2625066
-1.0729945
-0.84198067
-0.98762436
-1.5199995
-0.91811831
-1.418978
-0.88238156
-1.2212957
-1.3043323
-1.3703393
-1.3124217
-1.31575
-0.96973341
-1.0371383
-0.79001549
-1.0287285
-1.1802537
-1.4868572
-1.0822684
-1.2639819
-0.8129901
-1.1536221
-1.1611174
-1.263627
-0.80679
-1.0669273
-1.409476
-0.99892061
-1.4097929
-0.76397297
-1.3116895
-0.94122152
-1.1577268
-0.81887098
-0.73131045
-1.1149289
-1.3917963
-0.65396829
-1.2266827
-1.1886232
-1.1014704
-1.4725191
-0.71459901
-0.90245828
-0.7122038
-1.2269131
-1.136984
-1.1825534
-1.2884194
-1.0195011
-0.90540834
-0.98472044
-1.1332483
-1.3566907
-0.92225534
-1.3507067
-0.5073434
-1.2062162
-0.30374478
-1.0848772
-1.3922876
-0.98733656
-0.93333268
-1.2666203
-1.1457721
-1.1437284
-1.4127606
-0.15685531
-1.0919746
-0.72554933
-1.2795469
-0.983043
-1.3081835
-1.0034702
-1.3372281
-0.98086194
-0.83904899
-1.0926255
-1.0657817
-1.3408399
-0.79471497
-1.3199185
-1.3960441
-0.86775171
-1.3154677
-1.1797283
-0.67927521
-1.4548752
-0.92729701
-1.2232679
-1.2571908
-0.98018079
-1.4992779
-1.090438
-1.3355283
-1.0793062
-1.0284936
-1.2537568
-1.0474242
-1.4310035
-1.0218927
-1.1085106
-1.4352368
-1.1416782
-1.3650409
-0.77873109
-1.0989635
-0.92666313
-1.2387521
-1.4299638
-1.156009
-1.3361486
-0.57151105
-1.5800422
-1.3976013
-0.51639242
-1.3573311
-1.1181725
-1.0370374
-1.0355393
-1.0778844
-1.0329429
-1.2304596
-0.88924991
-1.3525463
-1.4823892
-1.3792722
-0.80702317
-1.3161985
-1.308916
-0.726579
-0.92789787
-0.96126247
-1.403277
-0.96378598
-1.1140266
-0.62561765
-1.5145254
-0.99051176
-1.2535933
-0.41945397
-0.87319601
-0.93096385
-1.2261834
0.079262483
-1.0417029
-1.0981963
-1.1154747
-1.2847117
-1.012268
-0.95601983
-0.97311355
-1.1882584
-1.3414708
-1.3440709
-1.0501482
-0.91063429
-0.88614856
-1.3256453
-1.7320613
-1.546818
-0.8911011
-0.98823906
-1.1362131
-1.1077012
-1.3782711
-1.404356
-0.5654777
-1.1595912
-1.416227
-1.6057074
-1.4568194
-1.0321608
-0.72889075
-1.366103
-1.0881153
-1.1394209
-1.1592327
-1.4843916
-1.2380886
-1.313239
-1.1012268
-1.4448667
0.19765804
-1.3749838
-1.0080258
-1.392038
-0.9442967
-0.99430846
-1.3870414
-1.4313435
-0.9942526
-1.5108984
-1.2152965
-1.1344748
-1.0507155
-0.96581917
-1.4766662
-1.5656859
-0.92837311
-1.252403
0.22127122
-1.2713886
-0.4499007
-0.65311359
-0.86618302
-1.1127176
-0.98143642
-1.2265024
-0.96938717
-1.1816613
-0.91387549
-1.5589268
-0.99295051
-1.0019378
-1.2370873
-0.92535899
-0.83793495
-1.1430457
-1.3136524
-1.0324164
-1.0393373
-0.77915515
-1.2086923
-1.0870572
-1.0491077
-1.3658788
-1.0041072
-1.4771268
-1.221556
-1.238932
-1.3548364
-1.4186068
-1.3214478
-1.1140314
-1.3255644
-1.4703052
-1.2570979
-1.3116034
-1.3193024
-1.2567981
-1.2878009
-1.2135587
-1.3059659
-1.2567038
-1.0833154
-1.4379644
-0.98680516
-1.158558
-1.3018285
-1.3628197
-1.4275896
-1.3049056
-1.5987495
-1.1116339
-0.82057099
-1.3196909
-1.5601683
-1.1655033
-1.0168459
-1.3105676
-1.0611044
-0.85734623
-1.3639682
-1.3619854
-1.3127654
-0.81148268
-1.2600319
-0.97583588
-0.87312099
-1.0951427
-1.1648058
-0.40204145
-1.446128
-0.56923266
-1.1529778
-1.4629601
-0.96857465
-1.6175889
-1.1045856
-1.125695
-1.0845223
-1.0097947
-1.0591642
-1.2060227
-1.1650366
-1.4411039
-1.4079226
-1.2810377
-1.2968461
-0.73738229
-1.0609343
-1.5598376
-1.4818765
-0.48538351
-1.4456667
-1.7145444
-1.4685642
-1.4949504
-1.5577856
-1.0134347
-1.4227367
-1.1045856
-1.6507673
-1.1783689
-1.124129
-0.93598063
-1.1045856
-1.0325983
-1.3391037
-1.117206
-1.4690137
-1.0421813
-1.7966463
-0.99226945
-0.79961897
-0.89987275
-1.5162439
-1.5565503
-1.4392449
0.16467684
-0.87231456
-0.87225159
-1.1617615
-0.5953829
-1.4463424
-1.1153188
-1.1045856
-1.3875039
-1.1058504
-1.276293
-1.3795865
-1.2982845
-0.45271096
-1.4978965
-0.5757181
-1.3144606
-1.1442072
-0.19808795
-1.2990984
-1.3934946
-1.3984326
-1.5684647
-1.224674
-1.0866913
-1.1836843
-1.5857149
-1.2952804
-0.89745949
-1.0604889
-0.82141243
-1.1045856
-1.8491089
-1.0591642
-1.611852
-1.2118404
-1.8216762
-1.6528585
-1.3272602
-1.3682182
-1.1288443
-1.0922164
-1.6669523
-1.1115875
-1.1814072
-1.623362
-1.6427047
-1.1174063
-1.0472373
-1.6480192
-1.2107831
-1.8082306
-1.4019087
-1.8434899
-1.8097898
-1.6892149
-1.4180844
-1.8736171
-1.3545159
-1.6722434
-1.6189107
-1.2690127
-1.6543603
-1.4249248
-1.1680231
-1.6004013
-1.1975965
-0.33737058
-0.82492369
-1.6182898
1.1450815
-0.82388651
-0.57668225
-1.1272875
-1.0148901
-1.2915339
-1.0212718
-1.6626748
-2.0284745
-1.238557
-1.5059628
-1.9242907
-1.4756981
-1.0694725
-0.9994701
-1.3755186
-1.1091265
-1.3341001
-1.4297965
-1.7669093
-1.0876421
-1.1318819
-0.93841159
-0.99955615
-0.98671074
-1.185938
-1.5633605
-1.0693961
-1.2335878
-1.0711421
-1.3742664
-0.59966814
-1.2127074
-1.3747734
-0.60265966
-0.94738415
-1.8269351
-1.0517006
0.33668446
-1.9586834
-0.69223364
-1.0479635
-1.4746636
-0.46623363
-1.3316214
-0.17220499
-1.0071424
-0.80171584
-1.0309403
-1.4651644
-0.83548987
-0.39698266
-0.8998592
-1.2526001
-1.0138669
-0.94810155
-0.96295969
-0.97973799
-0.57330656
-0.78384338
-1.0830954
-0.95317292
-0.99153153
-0.98618053
-1.2895957
-1.3646362
-1.2402742
-1.3238467
-1.7551873
-1.0571769
-1.3619956
-0.34966358
0.3673451
1.5782398
0.096012235
1.0423148
-0.30439668
-0.56771944
-0.72357569
-1.043767
-0.4169156
-0.88102587
-0.96056565
-1.1590138
-1.0201137
-1.0579736
-0.92289824
-0.9679894
-1.283382
-1.263391
-0.84014867
-0.87283661
-1.1935951
-0.84900113
-1.0711033
0.11500511
-1.2873772
-0.84931522
-0.87877659
0.023171114
0.56865333
-0.20531286
0.44671651
-0.86995657
-0.46310464
-0.97056648
-0.51943923
1.6725712
-1.2250353
-0.87802581
-1.2031388
-1.1302423
-1.320535
-1.3093669
-1.0763248
-1.1405523
-1.2516981
0.42459662
-0.28118236
1.760935
-0.85746773
0.31490067
-0.50895566
1.8871054
0.3458347
0.79851766
0.8338524
-0.93490138
-0.27496894
-1.036092
-0.018865152
-1.0308387
-0.82162629
-0.99985496
-1.0584429
-1.016615
-0.87850128
0.04855932
-1.8413815
0.29836944
-0.85853296
-0.13604826
-0.99729373
-0.74928151
-0.88676832
-1.5863023
-1.2104142
0.74106606
0.6594341
0.92529189
0.11752185
-0.91475222
1.1388584
-0.045195074
0.14053388
-1.0678328
1.2633135
-1.1571182
-0.96939933
-1.222519
-1.0152395
-1.3340086
-1.2512732
-0.99741867
-0.88183463
-1.0106752
-0.1268317
1.2789342
-0.13501064
-1.0375562
-0.24616128
-0.28849787
1.8757802
-0.83613226
1.2698445
0.12131786
-0.49018903
-0.10287726
-1.073269
-0.292372
-1.1075561
-0.52479886
-1.0523868
-0.46629225
-0.97419035
-0.91752412
-1.1901345
-1.3110563
-0.33606187
-0.58122822
-1.0243186
-0.08337808
-1.0671106
0.51552902
-0.91264553
0.182334
1.0689807
-1.2032491
1.0899565
-0.72678472
1.0422583
-0.061974385
0.66747994
-0.92697101
0.914199
-1.4876026
0.63907396
-1.1622803
-0.52091317
-0.8140346
-1.1860253
-1.5475179
-1.4767653
-1.3467018
-1.2505189
-1.0056802
-0.78858866
-1.4543932
-1.3364952
-1.4918631
-1.0973852
1.455111
-0.49689158
-0.85088393
-0.69896176
-1.0003473
-0.28789082
0.46717707
-0.92215089
-0.21542178
-1.2032805
1.4102454
-0.08549224
-1.130778
0.99832082
-1.0450228
-1.1776919
-1.1210735
-1.0145847
-0.79533226
-1.081411
-0.97490225
-1.2521763
-1.1901745
-0.88416629
-0.53813844
-0.95652708
-1.4132538
-1.0045017
-1.8250746
-0.92605402
-1.2183942
-1.4735222
-1.2117388
-0.14158657
0.34252596
-0.91248202
0.0045337564
-1.0113289
0.89876924
-0.78551424
1.5094061
-0.56900794
0.35675207
-1.0513106
-0.055438959
-1.0364178
-1.4177616
-1.3174104
-0.70329096
-1.466071
-0.93813862
-1.2475408
-1.3126367
-1.8390934
-1.1202529
-1.369086
-1.3142965
-1.2466248
-0.045375426
-1.0011198
-0.41619021
-0.10489449
0.93797356
-1.0584107
0.063988949
-0.79083019
1.2714922
-0.48741848
-0.063280361
-0.93656351
-1.26701
-1.0152671
-1.4127026
-1.2897466
-0.019763904
-1.0470149
-1.078864
-0.45843368
-1.0301623
-1.2776541
-0.86169269
-1.425816
-1.1377093
-0.94403768
-1.3790063
-0.9070368
-1.3169983
-1.5441528
-0.75797637
-0.98664472
-1.4257043
1.8594982
-0.69667348
-0.14862737
-0.8483409
1.4635647
-0.99298118
1.1149459
-0.6701174
0.6039953
-0.97371273
0.64790847
-0.32676809
-1.0631752
-0.92474766
2.0091573
1.1952152
0.877495
0.32236033
0.48526888
-0.49701944
0.93039012
0.12522999
0.4619819
-0.26236519
-0.86901631
-0.066459731
-1.2297209
-0.95903799
-1.2899514
-0.82706972
-0.78909377
-1.2047789
0.27860176
0.0484463
0.91015846
-0.17244496
1.3832848
-0.85496468
0.022592301
-0.64933181
1.4177441
-0.8112035
-0.16283859
-1.1139218
-1.1313077
-0.85643934
-1.5390611
0.22358214
-1.2012409
-1.1045601
-1.2084977
0.79676241
-0.87860052
-1.2088103
-1.4656474
-0.76163347
-0.9388517
-0.044183047
0.67842862
-1.6053558
-1.5256739
-1.0401919
-1.7138048
-0.98493281
-0.46347075
-1.1761341
0.20276679
-0.57604022
-1.0901942
-1.1393981
-0.81213379
0.22001646
-1.684104
-1.2362502
-0.4385378
-0.61878633
-0.73457221
-1.1597186
-0.96242388
-1.3163526
-0.95893125
-1.8707119
-0.7159827
-2.3216858
-2.1996877
-2.3230563
-0.22727213
-0.4493277
-1.370544
-0.51179804
-1.9283068
-1.2505515
-1.1718627
-1.8452216
-1.0603348
-1.9614051
-0.89363942
-1.1809503
0.18644542
-0.99830651
-1.0210265
-1.1565973
-1.3035608
-1.3557176
-1.1105057
-0.60814585
-0.93511371
1.2179248
-0.87030657
-0.98698121
-0.51539425
-0.59869381
-1.0598391
-1.1531007
-0.97468693
0.078193754
-1.0308306
-0.60612832
-0.85984427
-0.86947205
-0.92695475
-0.66652054
-1.534757
-1.1004083
-1.5282079
-0.590342
-1.1487532
-0.97455884
-1.2562783
-0.64091405
-0.92014126
-1.0242068
-0.90248335
-1.0162814
-1.462236
-0.95981553
-1.2254864
-1.0465328
-0.37435672
-1.1334954
-0.89768022
-1.1240668
-0.5844937
-1.0232789
-1.3309884
-1.0990928
-0.99688559
-1.1178768
-0.88331239
-1.2514123
-1.3341769
-0.75364347
-1.0116748
-0.97552806
-0.034251427
-0.97728698
-0.41527253
-1.1229477
-0.64140637
-0.32336668
-1.2629429
-0.96384421
0.016952749
-0.95712556
-0.93092794
-0.95932364
0.19212711
-0.97940869
-1.1087762
0.23549789
-0.87014967
-1.7370569
-1.3125631
-1.3083483
-1.0393443
-0.8253999
-0.97157964
-1.7040583
-1.0892845
-0.85042539
-0.63279993
-1.0364342
-0.96616246
-0.87115055
-0.79325201
-0.70428521
-0.8646843
0.29011569
-0.88072266
-1.2986911
-1.2134756
-0.8981465
-0.98602537
-1.1126324
-1.0494859
-1.0188965
-1.0215052
-1.1000325
-0.93951941
-1.4136855
-1.0273438
-0.1268281
-1.1834102
-0.88075407
-1.1461862
-1.2279153
-0.87957282
-1.0147545
-1.22888
-0.55622807
-0.90021316
-1.0799296
-0.93630898
-1.2211966
-1.8570914
-1.120444
-1.0181776
-1.3934613
-1.6237118
-1.1257781
-1.2350961
-1.2344159
-1.5676385
-1.3682146
-1.4836221
-1.1278636
-1.0865214
-1.2644085
-0.56956615
-1.1552703
-1.2432684
-1.2982938
-1.6706143
-1.033996
-1.3358081
-1.2064678
-1.1943126
-1.4479351
-1.1210628
-0.60203174
-0.79592732
-1.1214676
0.073318402
-0.073846406
-0.45733628
-1.0302519
-1.0803626
-0.86541539
-0.07644848
-0.27804811
-0.889124
-0.76257431
-1.0428568
-0.15586225
-0.90357819
-1.0515527
-1.1446161
-1.4441285
-1.1264624
-1.3571904
-0.8717024
-1.0712032
-1.20525
-1.0570153
-1.148481
-0.87162695
-1.6020473
-0.72282079
-1.8713427
-1.2607812
-0.91720704
0.23336041
-1.0665885
-0.32817972
-0.79777256
-0.44384087
-0.96836829
-1.3692053
-0.85822442
-0.9185329
-1.1008093
-1.0379504
-1.3243056
-0.8158153
-1.3910592
-0.36336021
-1.1393475
-1.2493551
-0.64751932
-0.93686904
-1.2545304
-1.0911752
-1.4261324
-1.1602808
-1.3042737
-1.2837337
-1.0232601
-1.4344871
-0.34764465
-0.5307324
-1.1442791
-0.86717407
-1.3516511
-0.98727457
-1.1389783
-0.9674597
-0.98747119
-0.69741365
-1.0653776
-0.56651537
-0.56604206
0.3903845
0.14820473
-1.0353424
-0.75688056
-1.2244113
-1.0566411
-1.1538289
-0.52568986
-0.56306359
-0.67111166
-0.17529781
0.45758763
-0.52269859
-0.89299136
-0.48357902
-0.85729743
0.55272596
-0.82464561
-0.71018427
-1.4212009
-1.3905889
-1.3748241
-1.5345087
-0.96558246
-1.1738427
-1.1504639
-1.0958666
-0.96657387
-1.4526609
-0.40982682
-1.0730086
-1.0347448
0.038046577
-1.370435
-1.0285072
-1.1582244
-1.0420675
-1.4756366
-1.0714558
-1.0965895
-0.79591462
-1.0541577
-1.1020042
-1.1464931
-0.62481403
-1.0652099
-1.1636797
-1.2246357
-1.199794
-1.1896785
-1.1128238
-1.2642596
-0.25512809
-1.2759683
-1.1764125
-0.95369376
-0.3413471
-1.0138512
-1.185016
-1.5071719
-1.2426976
-1.4129485
-1.42023
-0.57002872
-1.2672913
-0.89182471
-1.1857298
-1.6959228
-1.3933707
-0.98702499
-1.3044274
-1.4021342
-1.0074572
-0.84163294
-0.93299505
-0.85295247
-0.99015966
-0.87983471
-1.0130708
-1.1184638
-1.3995495
-0.69939286
-1.5044874
-1.1639476
-1.4308993
-1.2127437
-1.0774278
-0.82605233
0.0077622038
-1.1513302
-1.347798
-1.4275333
-1.0824925
-1.1042641
-0.84594481
-0.88107306
-0.95847426
-0.48294649
-0.70336906
-0.99989476
-1.1281583
-0.69287675
-1.0840819
-1.3315339
-1.30459
-0.51998771
-1.1934582
0.63492957
-0.56601584
-1.0193723
-0.93850577
-0.91013318
-1.2499092
-1.0997865
-1.2643484
-1.2288155
-0.64335743
-1.2113838
-0.3553474
-0.74116134
-1.2119542
-0.92905518
-0.77341093
-1.2262279
-1.3767163
-1.0833198
-1.172564
-0.56622932
-0.8020974
-1.0548749
-1.0755269
-0.81514864
-1.0319414
-0.92182304
-0.75429587
-1.3544855
-1.6355029
-1.4311331
-1.1927199
-1.2119692
-1.029581
-0.051857348
-0.83096951
-1.0921709
-1.5450245
-0.35650794
-1.3921974
-0.57192013
-1.2469353
-1.3491292
-1.4829791
-1.4391437
-1.0513926
-1.0739057
-1.3800239
-0.74685352
-1.1080423
-1.1363764
-0.93122466
-0.86659401
-1.0845212
-0.9432543
-0.23834275
-1.153304
-1.5043918
-1.1426678
-1.5048786
-2.0909547
-1.4089279
-1.0951947
-1.0381703
-1.0689327
-1.0177666
-1.0350758
-0.35447497
-1.2423724
-1.3142912
-1.2194918
-0.9148305
-1.4054299
-1.0452776
-0.8672818
-1.3763977
-1.1643617
-1.5277444
-1.0533377
-0.67522427
-1.0105627
-1.0549288
-0.6150029
-1.3302958
-1.3182162
-0.98562482
-1.1854285
-1.4513158
-1.1411132
-1.7152609
-1.5321002
-1.0592191
-1.1381536
-1.1654979
-1.6239598
-0.6207112
-1.2193403
-0.74677627
-0.65763358
-1.2333622
-0.58586535
-1.0792431
-0.87714816
-1.1186576
0.33954981
-1.3226015
-0.50981207
-0.49307159
-1.0399582
-1.1586251
-1.2623026
-1.5093939
-1.6663136
-1.6631267
-1.0911212
-0.91052848
-1.7001702
-1.2253299
-0.90499723
-1.3726163
-1.3435146
-1.1215154
-1.4221182
-1.3394395
-1.1444452
-2.3295815
-1.3314225
-1.5347849
-0.97558626
-1.1849047
-1.2922523
-1.1958466
-1.2937094
-0.6350345
-1.0030808
-1.0813059
-1.0682435
-1.5227231
-0.99976283
-1.8494839
-1.0674285
-1.051361
-1.2128109
-1.2032737
-1.6918231
-1.3798566
-0.92297446
-1.9217103
-1.1413873
-1.355761
-1.2002942
-1.728568
-1.3535121
-0.64540259
-1.250952
-1.9011584
-1.5890108
-1.2295052
-1.2171154
-1.201644
-1.0218957
-1.5132868
-0.973079
-0.96887753
-1.2081921
-1.2772643
-1.3214386
-1.151299
-1.4120759
-0.91157473
-1.0131432
-1.0712828
-1.0069574
-1.0569446
-1.0839038
-1.3542379
-1.1010534
-1.0591642
-1.5643545
-1.2952052
-0.52393519
-1.7771025
-0.79882412
-1.3755528
-1.292679
-0.30803114
-1.2208706
-0.10154257
-1.1599163
-1.0308648
-1.1879236
-0.78512825
-0.99420907
-1.1072547
-1.2643256
-1.0386467
-0.80423092
-1.6161856
-1.561214
-1.1132917
-1.0514732
-1.360478
-1.7068379
-1.2283907
-1.8696072
-1.1630706
-1.2318541
-1.3176685
-0.8691314
-1.1666786
-1.2514955
-1.2549704
-0.94464725
-1.0968833
-1.6647347
-1.2307698
-1.3615116
-1.6355195
-1.149798
-1.0500831
-1.4579821
-1.0437208
-1.1260642
-0.46694305
-1.2584853
-1.0192791
-1.4300648
-1.697888
-1.1855361
-1.4912563
-1.5146072
-0.95963113
-1.1041491
-1.2279787
-0.98675044
-1.2370789
-0.83393058
-1.2523681
-1.1544411
-1.243572
-0.95739158
-1.2767175
-1.3836735
-1.461935
-1.3430632
-1.4136927
-1.000744
-0.98372169
0.75352437
-1.2290046
-1.3659704
-1.2169958
-0.99011632
-0.63778395
-0.95683875
-1.2893974
-0.59531048
-1.1134613
-0.87253489
-1.0511804
0.17691512
-1.1315385
-1.0337652
-0.76763325
-1.0924203
-0.67236178
-1.1831664
-1.039541
-0.64842895
-1.2766808
0.66223649
-1.0629518
-1.1696254
-0.83926338
-1.006741
-1.3143739
-0.21892394
-1.1081301
-0.85026083
-1.2554023
0.025110287
-1.0414198
-0.72378768
-1.141851
-1.3978439
-1.2684448
-1.4349647
-0.48841439
-1.3228587
-1.336264
-1.1152978
-1.0492969
-0.96730987
-1.0621445
-1.828543
-1.5121432
-1.0347673
-0.53872463
-1.9421903
-1.3120246
-0.95447545
-1.0514732
-1.3887052
-1.0011019
-1.0136124
-1.1270901
-0.99955615
-1.6506795
-1.0769463
-1.4735495
-1.2318453
-1.1497381
-1.3505956
-0.9042763
-1.2297842
-1.2973423
-1.0855636
-1.1252637
-1.0965615
-0.98546147
-1.4519968
-1.3625746
-0.75556229
-1.1362616
-0.94620225
-0.97987234
-0.97900467
-1.2595987
-1.2849201
-1.50439
-1.3868459
-1.2314683
-0.99955615
-1.1599091
-0.9566678
-1.051697
-1.2169583
-1.1580955
-1.0587396
-1.4408316
-1.0451835
-1.108385
-1.2997104
-1.2912983
-1.0729085
-0.99955615
-1.1245935
-1.1995311
-0.6701795
-0.88458298
-1.3741644
-1.2946817
-1.5216919
-1.6851819
-1.0891748
-1.1703114
-1.8029442
-1.4437702
-1.2670727
-1.3801772
-1.275084
-1.2724004
-1.0514732
-1.2344089
-1.0490345
-1.0514732
-0.95753813
-1.3026339
-1.5245828
-1.0754502
-1.021896
-1.1912187
-1.3536174
-1.3981826
-1.2967346
-0.23907602
-1.3958089
-1.1783442
-1.2179353
-1.2310212
-1.1400092
-1.2263957
-0.95757134
-1.3797705
-1.0645504
-1.3065948
-0.63763745
-0.97297441
-0.38853686
-0.98666688
-1.348616
-1.0407488
-1.4532221
-1.4660332
-1.300444
-0.99955615
-0.99695202
-1.2579858
-1.2298183
-1.1562185
-1.5677315
-1.4194523
-0.57923821
-0.9163056
-0.88144158
-1.1509425
-1.0773784
-0.024896715
-0.99955615
-1.1126935
-0.95493869
-1.4921717
-1.7227376
-1.5442693
-1.2533422
-1.0514732
-1.2162241
-1.3218763
-1.1563976
-0.84168805
-1.1808841
-1.1489194
-1.8448532
-1.2755964
0.098244259
-1.1820539
-1.0708189
-1.4324572
0.0095531962
-1.2972045
-0.8859701
-1.2172486
-1.3968883
-1.3865391
-1.251683
-1.4746637
-0.66905229
-1.2826741
-1.0593829
-1.0789254
-1.1495308
-1.6508532
-1.1696762
-1.1264547
-1.0863906
-1.2241047
-1.0839407
-0.87976364
-1.2302456
-1.531923
-1.3176424
-1.3818991
-1.1936153
-1.4382686
-1.5269836
-0.98928968
-1.5388524
-0.98521694
-1.0514732
-1.436945
-1.3476667
-1.2077071
-1.2319063
-1.0264419
-1.095402
-1.2643881
-1.4363871
-1.328138
-0.74452074
-1.3550631
-0.59617639
-0.99405838
-1.0885535
-1.1385733
-1.2383043
-1.0939835
-1.2175151
-1.0809825
-1.2128714
-1.3319621
-1.343622
-1.8625705
-0.93550113
-0.87800848
-1.2987136
-1.2303326
-1.9633082
-1.0178351
-1.1917124
-1.213833
-1.9118201
-1.218599
-1.5355481
-1.1724655
-0.89660003
-0.99955615
-1.4901441
-1.2682828
-1.0981429
-1.0967249
-1.3135386
-0.68295382
-1.3474316
-1.5193901
-0.16038816
-1.0677864
-2.1749064
-1.2016954
-1.2935334
-0.74139293
-1.2126988
-1.5684274
-1.6905851
-1.500174
-1.3737435
-1.2381622
-1.5218941
-0.78418607
-0.92695134
-1.1447458
-1.1404811
-1.0092203
-1.6730549
-1.0107798
-1.2612605
-1.248865
-1.4728743
-0.81807208
-1.4566793
-0.97623383
-0.271718
-1.3637696
-0.26903533
-1.2122783
-1.5202915
-1.119441
-1.4587227
-1.3494383
-1.1585095
-1.1407904
-1.155883
-1.319874
-1.3445565
-1.0514732
-1.3577995
-1.1967192
-2.3867675
-1.0514732
-1.4187749
-1.2901344
-1.1957484
-0.83115862
-1.5848946
-1.1496865
-1.2060833
-1.0277764
-1.6176917
-1.8163622
-1.7952011
-1.2337844
-1.1495068
-1.036083
-1.3373976
-1.372677
-1.0866913
-1.0880288
-1.7640465
-1.5029446
-1.0481245
-1.3481777
-1.3527919
-1.480083
-0.97151131
-1.7235005
-1.1223352
-0.7242846
-1.3814128
-1.2487146
-1.3243535
-1.1420278
-1.1890971
-1.5166078
-1.612781
-1.6185017
-1.0060997
-1.4859043
-1.3773033
-1.8873952
-1.2868242
-1.2377122
-1.283037
-1.1882986
-1.1849634
-1.1364952
-1.1608571
-1.2590373
-0.73919473
-1.2850355
-1.2114264
-0.35655514
-1.2264667
-1.0614347
-1.0223228
-1.868305
-0.98523005
-1.2991858
-1.158191
-1.0514732
-1.1785191
-1.1962049
-0.99977667
-1.2048769
-1.4984298
-1.2043342
-1.3277859
-1.3235463
-1.6914237
-1.0854638
-1.4784849
-1.2152615
-1.021583
-1.2502785
-1.1294517
-1.2894815
-0.93379288
-1.2043342
-1.1049594
-2.0258486
-1.6384291
-1.2384179
-1.2477745
-1.0084196
-1.2068778
-1.5081106
-0.66786145
-1.159222
-1.1425252
-0.76361816
-1.7735383
-1.3146544
-1.2486763
-1.0905476
-0.83011645
-1.1312049
-1.4448536
-0.7259969
-0.82873365
-0.99698283
-1.403669
-1.1461814
-0.81577488
-0.98850988
-0.82556117
-1.2130633
-0.86264385
-0.98040989
-0.68594426
-1.0632332
-1.0305412
-1.1546463
-0.99115311
-0.92991712
-1.0285915
-1.3077657
-1.2513634
1.0902893
0.83686824
1.0479852
0.073449797
-0.98142786
-0.87991757
0.2424674
-0.54513204
-1.0145191
-0.7077228
-1.0007159
-0.69817748
-0.80182186
-1.1732421
-1.6631248
-0.97664091
-0.82597315
-0.75405478
-1.2599007
-0.63442274
-0.67191813
0.3453437
0.79220129
0.36104215
0.39012804
-1.0353975
1.1172116
-0.96781735
-0.1105131
-1.0812708
-0.098055488
-1.2044512
-1.2629797
-1.1427719
-1.2323735
-0.039718989
-1.0994454
0.56610489
0.10050311
1.1206079
-0.86272003
2.2715303
-0.60214679
1.7986671
-0.04801474
-0.24735465
0.12139476
-1.0599952
0.7029317
-0.98221347
-1.4603287
-1.1795011
-0.56348826
-1.0470989
-0.98425501
1.3028694
-0.85857634
-0.6863834
-1.1597998
-0.81603372
-1.0908213
-0.41400784
0.26767921
0.16850072
1.1150733
-0.63226218
-0.91836538
0.26015265
0.10583225
-0.22224342
0.63002993
-0.86971077
-1.2932478
-1.1346233
-1.2525089
-0.84650389
0.92668626
-0.21105542
0.0093571722
-1.0304108
-0.99684443
-1.148657
1.5322201
-0.27641287
1.9478585
-0.45063471
-0.67495798
-0.036230169
-0.95821944
0.33393441
-1.0031605
-0.70950243
-1.141423
-0.83961445
-1.208023
-0.75030337
-0.98021675
-1.3351402
-1.2163662
-1.661461
-0.73030569
-0.91724061
-1.1111876
-0.50463175
-1.0129662
-0.35714235
-1.1084523
0.23574381
1.8146257
0.029695669
2.2087391
0.42045977
1.2685961
-0.96231026
0.57468849
-0.90947712
0.016975368
-0.92298686
-0.25501062
-0.94166041
-0.35314969
-1.7693268
-1.1572117
-1.220977
1.0220863
-0.65057134
-0.77133747
-0.656919
-1.0210333
-0.79024798
0.83631877
-0.67891351
1.1042279
-1.0735249
1.454961
0.40537147
-0.65268678
-0.76261716
-0.94223949
-0.20830649
-1.1055019
-0.90773409
-1.0166046
-1.0929227
-0.97327353
-1.3386997
-0.89755754
-1.0344281
-1.9891888
-1.0618634
-1.1141411
-0.35129083
-1.0569411
-0.71707137
-0.88537095
-1.3197598
-1.1661267
-1.3130189
-0.72343761
-1.0143034
-1.35465
1.4995486
-0.85640983
0.68885323
-0.96384308
-0.46507987
-0.4390947
0.4356164
-0.90662217
2.1243494
-0.0039956149
-0.95951271
-0.9878588
-0.55841097
-1.2583525
-1.0754621
-1.2572657
-1.1536522
-0.62269129
-1.3442611
-0.65868421
-0.58689523
0.57490392
-0.3904115
1.530624
-1.0273324
0.64602957
-0.13528138
0.42863618
-0.99441755
-0.015606385
-1.0406004
-1.2879616
-0.89637645
-1.2252382
-0.79827391
-1.3381225
-1.0567031
-0.96030662
-1.0493923
-1.2484432
-1.0805435
-1.1192504
-1.1053376
-1.1852845
-0.84075101
-1.1691187
-1.1041787
-0.8148515
-1.1671372
-1.2785298
-1.1263786
-0.91268359
-1.0018611
-1.0978187
-0.68499975
-0.17518485
1.8016186
-0.90069536
-0.65720267
-0.13845216
1.8880075
-0.86594893
1.7024312
-1.0946234
2.3955006
-0.91970418
-0.15557276
0.32139983
-1.1644302
-1.0839332
-0.15734983
-0.73155296
1.5115607
-0.49291452
1.1792814
-0.96762745
1.7159919
-1.0905271
-0.7049979
0.28370708
-0.88907706
-0.85174619
-1.229346
-0.93409345
-1.233709
-1.0832511
-0.91020351
-0.94268347
0.26984998
0.28893797
1.1849923
-0.33629837
2.1503233
-1.0385608
-0.080895803
-0.3917683
1.2526146
-0.82197757
-0.16273706
-1.52363
-0.82358681
-0.73496264
-1.4099988
-1.2119324
-0.88259118
-1.6121453
-1.425933
-2.0287051
-0.93461455
-0.34705287
-0.52617663
-1.0092074
-1.3966222
-1.4434658
-1.5120598
-2.0905095
-1.4877591
-1.2849487
-1.2468826
-1.1689405
-1.0277327
-1.1748198
-0.75812894
-1.0974499
-1.0407956
0.72387265
-1.0934015
-0.40348413
-1.024268
-1.2499209
-0.93511627
-1.3550431
-0.45618749
-0.1482161
-0.92543086
-1.3927627
-0.69563571
-1.0253842
0.37002961
-0.96380758
-0.9066443
-1.1874982
-0.12655764
-1.0581302
-1.0717525
-0.40330988
-1.1955191
-0.96765219
-0.96394698
-0.89032961
-0.96767784
-1.0254192
-0.37031752
-1.7847703
-0.26032992
-0.2046108
-1.0855774
-1.0626636
-1.1616916
-0.95369445
-0.78260224
-0.98614382
0.95769002
-0.86096578
-1.2785095
-0.94401804
0.46558201
-0.86237777
-0.40826632
-0.29622764
-0.82484828
-0.61267518
-0.93495599
-0.9577521
-0.73594715
-0.93171778
-0.94387655
-1.423036
-0.89012516
-0.99006362
-0.64977102
-0.98365155
-0.92902346
-0.90806499
-0.87178021
-1.1184014
-1.2598688
-1.0426111
-0.98191778
-1.01793
0.43673538
-0.95136374
-1.3373006
-0.57719695
-0.11776412
-1.357984
0.33934448
-1.0520222
-1.0606527
-1.1853176
-1.171057
-1.0168293
-0.63322915
-1.2536408
1.1734971
-1.2656404
-1.1335677
-0.479513
0.77899326
-0.88056689
-0.57757971
-0.97230383
-1.0331761
-0.9740268
-0.21085896
-1.1124882
-1.1271383
-0.92515945
-1.1626516
-1.0040417
-1.0337128
-1.0759848
-1.0267069
-1.444075
-1.2866896
-1.0774541
-1.0427175
-1.2000755
-0.79324972
-0.93440907
-0.98885012
1.5236085
-0.94236097
-0.65670502
-0.33294247
-0.64971568
-1.2497294
-0.48597087
-1.1642235
0.11044286
-0.95104677
-1.3069657
-1.0420954
-1.3539222
-1.044979
-0.61409182
-1.0192351
-0.68898576
-0.57411509
-0.37507672
-0.80216899
-0.75494585
-0.75011394
0.44798827
1.2417731
-1.0689224
-0.85842998
-0.86761128
-1.2616641
-1.0404412
-1.055668
-1.123895
-1.2033492
-0.93689209
-1.1852452
0.1627581
-1.5236174
-1.2403896
-0.87378376
-1.0024485
1.5188946
-0.89367087
-0.7553596
-1.1252617
-0.90375637
-1.5779157
-0.35297453
-1.0207975
1.0984602
-0.24058276
-0.79107986
-0.16332739
-1.1295013
-1.1127757
-1.1827752
-0.002730997
0.88281124
-0.50486083
-0.48963036
0.58003507
0.087213633
-0.40173886
-0.87522054
-1.1021205
-1.0081432
-0.84945766
-0.85543501
-1.1781194
-0.74055122
-1.1081925
-0.77286821
-1.2136144
-0.96707215
-1.1040724
-0.41531549
-0.77158444
-1.1235338
0.60213251
-1.080751
-0.79941418
-1.0857407
-0.56206784
-0.89040929
-0.90075523
0.83607903
0.83025079
0.087641235
-0.95249386
-0.60618105
-0.95147513
0.41350995
-1.2883505
-1.140844
-0.47774063
-0.98613206
-0.75560113
0.16916727
-1.202128
-0.72316485
-0.0056175107
-0.77158208
-0.44715902
-0.52799741
-1.1482487
-1.247406
-1.2101942
-0.9062718
-0.92339686
-0.94021608
-1.1328835
-1.3731325
-1.3506767
-1.1295864
-0.93452257
-1.1250831
-1.3133568
-1.2106859
-1.0209267
-0.81325366
-0.63609923
-1.0053842
-1.1033216
-0.95837208
-0.86262128
-0.926744
-0.57396097
0.7219624
-0.048581423
-0.6130091
1.8108466
-0.91937979
0.16810653
-0.99145049
0.29547645
-1.3940958
-1.0764434
-0.93392524
0.40808555
-0.88502737
-1.0243618
-0.75164574
0.31344594
-0.94090954
0.25523224
-0.15184875
1.1331886
-1.0058899
-1.041545
-1.0382742
-1.1827625
-0.47122291
-1.0674862
-1.1241553
-1.6374075
-1.208064
-1.3749713
-0.87566689
-0.77609673
-0.95698479
-0.47653837
0.14671672
-0.5840657
-0.55169764
-0.33692891
-0.59753494
0.90581467
-1.080778
0.68306483
-1.4233507
-0.31283366
