-1.0240522
-0.82376316
-0.82253151
-0.82241032
-0.82862773
-0.8214764
-0.49350317
-0.87682021
-0.903695
-0.63460128
-0.87804669
-0.9131623
-0.88761991
-0.84172995
-0.8394757
-0.82279306
-0.82731762
-0.8243595
-0.82253059
-0.82802739
-0.87603678
-0.85451292
-0.83443054
-0.82277904
-0.84155295
-0.87722383
-0.82252392
-0.83680472
-0.8302003
-0.82534102
-0.53621351
-0.86066152
-0.82698335
-0.67963894
-0.82248419
-0.8611921
-0.85321447
0.73912469
-0.82099754
-0.93537477
-0.82316451
-0.45736523
-0.97035844
-0.89795258
-0.832056
-0.89770732
-0.85138365
-0.82381511
-0.81825821
-0.95532241
-0.80206746
0.048537611
-0.84343112
-0.41424783
-0.82479943
-0.84706272
-0.13400136
-0.73349473
-0.82276334
-0.82534036
-0.82260103
-0.82302348
0.0082000536
-0.87072105
-0.82526139
-0.88739125
-0.83669958
-0.82693382
-0.87654187
-0.82541082
-0.81698289
-0.90336608
-0.83516081
-0.82856471
-0.83659417
0.26842613
-0.60294634
-0.51652005
0.039643386
0.84726217
-0.82397896
-0.82398774
-0.82253979
-0.82273911
-0.82254847
-0.86972351
-0.82311297
-0.91832083
-0.74697582
-0.84130814
-0.81921838
-0.82894841
-0.81872555
-0.69223031
-0.81321174
-0.64780884
-1.0014235
-0.75211209
-0.85124732
-0.81995485
-1.0611128
-0.9490622
-0.84262186
-0.8239593
-0.93548424
-0.8190362
-0.79438887
-0.82410902
-0.81462191
-0.48216333
-0.3701303
-0.27238969
-0.81473328
-0.46409734
-0.82293079
-0.82261379
-0.82220792
-0.79234802
-0.82265736
-0.82253668
-0.93849757
-0.83219856
-0.88362816
-0.90313371
-0.86851909
0.82263185
-0.82713316
-0.19936062
-0.66885916
-0.82182437
-0.49007298
0.42468275
-0.82373399
-0.60249297
-0.82148584
-0.69754537
-0.84972514
-0.82329061
-0.82208006
-0.87500571
-0.82320133
-0.69821425
-0.82382761
-0.82039148
-0.87270016
-0.99479628
-0.50048607
-0.98679032
-0.024479722
-0.8404343
0.040007479
-0.96483662
-0.82140796
-0.59739594
-0.73443752
-0.306711
-0.82260279
-0.81372553
-0.8713886
-0.84320123
0.35114815
-0.88046165
0.10042165
-0.82279416
-0.80127904
-0.94093266
-0.27884806
-0.90744948
-0.9057897
-0.8058605
-0.8213363
-0.82877461
-0.88932133
-0.83587814
-0.6385024
-0.94081449
-0.8307824
-0.45395919
-0.3793877
0.18207445
-0.62203104
-0.67275932
-0.7690571
-0.21966534
-0.82946241
-0.88341853
-0.85675037
-0.78238343
-0.83430152
-0.83778833
-0.81897287
-0.79240428
-0.71735358
-0.82598578
-0.91937476
-0.87296589
-0.83083423
-0.90557661
-0.82846046
-0.82597141
-0.83910131
-0.84652975
-0.83162242
-0.82599953
-0.82694818
-0.82974843
-0.83621431
-0.82275213
-0.84117403
-0.94851383
-0.82824316
-0.82132208
-0.85127269
-0.92032237
-0.84399779
-0.83087347
-0.90730829
-0.83081414
-0.82269496
-0.89432284
-0.96000376
-0.83179819
-0.85021836
-0.84046185
-0.83254321
-0.096445466
-0.66760652
0.46323083
-0.81989442
-0.059021622
-0.90186847
0.093310116
-0.61868056
-0.80894209
-0.82298445
-0.93689751
-0.82119074
-0.91465507
-0.57247398
-0.8291542
-0.63449933
-0.84089282
-0.80356115
-0.82254375
-0.81743629
-0.82821509
-0.43613202
-0.80725521
-0.14191794
-0.81446731
0.66054763
-0.7222694
0.98552252
-0.84478736
-0.33936267
-0.84532744
-0.70996467
-0.81925115
-0.84315512
-0.51155943
-0.94964281
-0.7244352
-0.84191565
-0.84412243
-0.84750874
-0.82775319
-0.84011788
-0.82331811
-0.90755604
-0.94902885
-0.78462912
-0.97638487
-0.67114744
-0.93072284
-0.76769529
-0.99148222
0.058753515
-1.0205399
-0.79355812
-0.8498014
-0.82471379
-0.79595061
-0.82690119
1.4487393
-0.82336585
1.0608999
-0.88283824
0.21984384
-0.67401234
-0.85083822
-0.79316552
-0.84206049
-1.0132486
-0.82875568
-0.94432285
-0.84426194
-0.83055044
-0.8349235
-0.91924219
-0.84874155
-0.82571599
-0.732866
-0.76454179
-0.57348493
-0.74392542
-0.78993025
-0.89091075
0.49372958
-0.78685227
-0.59026881
-0.82379249
-0.82827805
-0.83095076
-0.94022664
-0.55948498
-0.88389741
-0.60523533
-0.88038611
-0.79315338
-0.87305584
-0.82477669
-0.96589993
-0.91616988
-0.90964494
-0.82929419
-0.85284926
-0.82368461
-0.84489174
-0.81748274
-0.94255474
-0.83702529
-0.84080083
-0.84982973
-0.68550244
-0.82661533
-0.84245729
-0.96020372
-0.89521444
-0.82775681
-0.84843377
-0.86886758
-0.88742594
0.16676799
-0.99440819
-0.43662071
-0.86501093
-0.77311667
-0.90882958
-0.54355739
-0.83820487
-0.89567603
-0.85651218
-0.79387926
-0.82365421
-0.82266631
-0.80324501
-0.47987053
-0.55656274
-0.059909275
0.65777397
-0.11531596
-0.83462043
-0.83183
-0.8259391
-0.82863845
-0.83340374
-0.90999751
-0.81246303
-0.24922973
-0.83393691
-0.65435669
-0.82218354
-0.62558272
-0.92041391
-0.72470377
-0.99938753
-0.82247109
-0.82021722
-0.088138663
-0.82247806
-0.9580026
-0.87844415
-0.87040998
-0.97674467
-0.8999179
-0.90573571
-0.96223699
-0.84847267
-0.82494578
-0.87468826
-0.94738153
-0.84499029
-0.88365251
-0.90468654
-0.87896295
-0.99276338
-0.94933384
-0.82271033
-0.85251492
-0.96514236
-0.79351891
-0.83689219
-0.95164041
-0.87256988
0.16400469
-0.90307466
-0.89653206
-0.8239827
-0.83068162
-0.86738814
-0.87239346
-0.85748674
-0.89898361
-0.87105371
-0.82261198
-0.92192322
-0.82257583
0.36357201
-0.83633934
-0.26685018
-0.84200724
-0.99720374
-0.84458873
0.58306896
-0.80673891
0.3607997
-0.74154661
1.2165271
-0.76249251
-0.59777263
-0.72293246
-1.1145008
-0.95425209
-0.82627237
-0.81111335
-0.82250022
-0.82425121
-0.82422231
-0.84128274
-0.82388619
-0.81301068
-0.8224875
-0.81733581
-0.82346507
-0.8312855
-0.82251517
-0.82257698
-0.82261991
-0.96933048
-0.88788999
-0.8241875
-0.78290515
-0.822503
-0.86084789
-0.85036753
-0.661993
-0.47586478
-0.82279494
-0.88617605
-0.73795612
-0.80616515
-0.82122882
-0.91822764
-0.82315384
-0.76089702
-1.0195802
-0.48532763
-0.82250666
-0.81648373
-0.87371351
-0.82275435
-0.82555277
-0.8224973
-0.57965326
-0.83408273
-0.8266791
-0.8233031
-0.8227128
-0.82386278
-0.82371458
-0.82993365
-0.83401918
-0.83702347
-0.83542652
-0.82405949
-0.82273323
-0.81884198
-0.82188968
-0.83680783
-0.82831113
-0.82199462
-0.8180483
-0.83019965
-0.83518291
-0.82912653
-0.82466925
-0.84694884
-0.84882924
-0.55466629
-0.83589865
-0.68286135
-0.87949282
-0.270937
-0.82756913
-0.8165531
-0.83079062
-0.76048451
-0.82277119
-0.82255193
-0.82249268
-0.99927865
-0.99927865
-0.82621811
-0.86975107
-0.83530336
-0.81749627
-0.82257812
-0.82247957
-0.82756549
-0.79576222
-0.83094651
-0.82286755
-0.9112822
-0.82520056
-0.82465241
-0.77449636
-0.82583284
-0.82671113
-0.83849833
-0.82209813
-0.82241972
-0.83001932
-0.86078838
-0.82372856
-0.86205607
-0.82470931
-0.82237665
-0.82406223
-0.83794851
-0.82408858
-0.82259843
-0.85232042
-0.83919592
-0.86034567
-0.82397635
-0.82254185
-0.82461579
-0.82409146
-0.88934134
-0.82249121
-0.84220899
-0.99952241
-0.86228942
-0.82941887
-0.8391349
-0.91361901
-0.82458064
-0.82301125
-0.83253829
-0.83384075
-0.8225272
-0.82320006
-0.82102829
-0.82250255
-0.88696716
-0.84963531
-0.82258742
-0.74182564
-0.82303374
-0.74085318
-0.81482101
-0.83022559
-0.82424152
-0.83078114
-0.83841808
-0.82681847
-0.83573785
-0.99952241
-0.82406036
-0.88599599
-0.84223945
-0.82885957
-0.22585909
-0.83998373
-0.78029923
-0.82252921
-0.81870606
-0.82378095
-0.8239495
-0.82386097
-0.83799425
-0.82812886
-0.85104675
-0.80752681
-0.82296584
-0.70552041
-0.68295517
-0.80728725
-0.83604136
-0.83515178
-0.82542786
-0.82299043
-0.85864653
-0.82335477
-0.88793061
-0.8230591
-0.8319259
-0.82661796
-0.67591215
-0.84322295
-0.82293151
-0.82376754
-0.85563539
-0.75971234
-0.82515053
-0.35861543
-0.82693732
-0.78898131
-0.85711923
-0.82450292
-0.86180955
-0.8083418
-0.82695673
-0.82275422
-0.8232268
-0.82380374
-0.82983659
-0.82268408
-0.82762157
-0.90609284
-0.82248607
-0.82250148
-0.8323905
-0.83549137
-0.79078564
-0.82295775
-0.82038603
-0.82433666
-0.8226996
-0.76807362
-0.8222153
-0.82986282
-0.83812914
-0.84677744
-0.83098575
-0.83944375
-0.8223831
-0.82942624
-0.81656553
-0.64493162
-0.82204167
-0.82313841
-0.86119892
-0.89012604
-0.76225713
-0.81696285
-0.8210472
-0.82132821
-0.82377858
-0.84993194
-0.83415511
-0.82258958
-0.81871961
0.15398337
-0.72168687
0.80120111
-0.77438385
-0.82279503
-0.82387803
-0.82222031
-0.82730552
-0.82528324
-0.77330775
-0.83808688
-0.84436759
-0.82891797
-0.82083338
-0.71787798
-0.72292738
-0.77927276
-0.99941389
0.76902522
-0.82059281
-0.86639712
-0.83227743
-0.76263862
-0.82282355
0.66151551
-0.44887372
0.29742005
-0.81982722
-0.82217554
-0.82794104
-0.82121817
-0.87344489
-0.68522545
-0.82117641
-0.896417
-0.8254826
-0.82321393
-0.82255446
0.89075381
-0.79293404
-0.46040013
-0.8216864
-0.7265095
-0.82248692
-0.73183965
-1.0368978
-0.8358633
-0.82758881
-0.82378913
-0.68905744
-0.82757731
-0.88229389
-0.8707907
-0.91822821
-0.82233666
-0.78052505
-0.95739416
-1.013158
0.27666175
-0.42024091
-0.5837298
-0.82289774
-0.71670044
-0.79688663
-0.82573061
-0.99926566
-0.810298
-0.85113224
-0.810298
-1.0551134
-0.99047163
-0.88065226
-0.92794449
-0.86445018
-0.91617551
-0.83861925
-0.83611135
-0.82138718
-0.82298812
-0.90914241
-1.0090567
-0.78156867
-0.48663787
-0.83912684
-0.086342074
-0.86545596
-0.81326806
-0.89700382
-0.83313998
0.020140874
-1.0389391
-0.84188673
-0.85711704
-0.86325062
-0.8377221
-0.67528398
-0.83143383
-0.74498462
-0.82505255
-0.83558071
-0.82600031
-0.82274917
-0.81801117
-0.83821562
-0.83256838
-0.85549328
-0.82402191
-0.82624317
0.52323209
-0.81379628
0.05726669
-1.2503564
-0.27285744
-0.8315879
-0.80306445
-0.80270923
-0.85813204
-0.20132084
-0.94890306
-0.84286406
-0.84302008
-0.86691892
-0.83701946
-0.88739446
-0.88591658
-0.86957773
-0.85539497
-0.8708729
-0.83929947
-0.83695328
-0.62572661
-0.62475324
-0.76246638
-0.15029111
-0.81692817
-0.76905626
-0.83846246
-0.77538379
-0.82879076
-0.83145633
-0.84597051
-0.8397069
-0.82271856
0.71671847
-0.80030574
-0.44321175
-0.82275927
-0.82486089
-0.80516672
-0.68307062
-0.82475018
-0.79865759
-0.8324084
-0.84857248
-0.82866612
-0.99927865
-0.82279656
-1.0003776
-0.85547909
-0.83992358
-0.88057538
-0.86317171
-1.0003776
-0.8622929
-0.82472507
-0.90464274
-0.85716618
-0.83201955
-0.8399233
-0.83069571
-0.87002669
-0.7651905
-0.81143003
-0.80918219
-0.81882763
-0.57282923
-0.82651852
-0.84537585
-0.8227077
-0.82250736
-0.83675376
-0.67075392
-0.82324796
-0.80522037
-0.82825746
-0.84157944
-0.99927865
-0.049505058
-0.84060431
-0.82555139
0.11295187
-0.81554884
-0.81926814
-0.70421473
-0.75230176
-0.820412
-0.82164192
-0.82203732
-0.82029458
-0.86106056
-0.81474599
-0.83916686
-0.83513568
-0.85225161
-0.94295165
-0.9139556
-0.89227423
-0.86049662
-0.85443168
-0.84836789
-0.83495321
-1.0002853
-0.84714678
-0.84639061
-0.87302936
-1.0003776
-0.82412207
-0.74325476
-0.84125903
-0.79695659
-0.82418165
-0.74748009
-0.69150341
-0.84945729
-0.83787868
-0.50575415
-0.83009069
-0.8492523
-0.82577785
-0.83826274
-0.84524241
0.54443647
-0.84659598
0.68120622
-0.79867413
0.8298695
-0.83268222
0.38965191
-0.79045649
-0.82156215
-0.82394088
-0.83806927
-0.82678257
-0.84032207
-0.88455896
-0.81528294
-1.0236067
-0.71528725
-0.86704521
-0.82073206
1.0550695
-0.82047868
0.54140893
-0.71652142
0.84990246
-0.83247541
0.62223613
-0.87095847
-1.0055589
-0.99546403
-1.0109458
-0.8216304
-0.8224395
-0.85348814
-0.81308083
-0.83847158
-0.89655369
0.10347209
-0.81876538
-0.82248666
-0.86473532
-0.82239723
-0.81667803
-0.82248694
-0.7778919
-0.82276618
-0.93984854
-0.82251241
-0.85138845
-0.81426252
-0.93476226
-0.69563564
-0.81792501
-0.80491611
-0.84730573
-0.73717009
-0.82142577
-0.82281276
-0.82913638
-0.82347032
-0.82339889
-0.8415848
-0.83294141
-0.82647533
-0.82962794
-0.82014669
-0.81528117
-0.73338626
-0.8398314
-0.82289834
-0.84093807
-0.82386558
-0.85083101
-0.84619858
-0.86483232
-0.8174862
-0.82160078
-0.84500895
-0.83779086
-0.84420853
-0.88387478
-0.85052072
-0.90535453
-0.80940321
-0.80279368
-0.83088329
-0.96682607
-0.94525168
-0.85004078
-0.86572229
-0.80442832
-0.86579318
-0.82578482
-0.88302695
-0.93259633
-0.86830587
-0.82085604
-0.83332657
-0.78261934
-0.83167432
-0.83865628
-0.90174967
-0.93591861
-0.83656871
-0.85893696
-0.84533061
-0.95137244
-0.83141818
-0.82238999
-0.75254164
-0.82552394
-0.87852873
-0.84608605
-0.87241652
-0.83294989
-0.82445237
-0.82288887
-0.89455626
-0.81692944
-0.86609979
-0.84758938
-0.95944164
-0.85946459
-0.8307902
-0.82465756
-0.90649592
-0.61314602
-0.82368447
-0.64950895
-0.82372192
-0.85818902
-0.87594609
-0.96100475
-0.88120551
-0.82386823
-0.85297055
-0.92071054
-0.85666701
-0.84063958
-0.87982681
-0.92372932
-0.84191378
-0.78149524
-0.8171766
-0.87803285
-0.80411073
-0.84210021
-0.73369614
-0.78292564
-0.87401675
-0.81756423
-0.33112045
-0.82450117
-0.82262733
-0.83349349
-0.83650101
-0.80962989
-0.82512401
-0.91453987
-0.61656433
-0.82266995
-0.82731765
-0.65229575
-0.90854594
-0.85184812
-0.83183858
-0.89467445
-0.83008755
-0.82804006
-0.48913112
-0.88907429
-0.82289579
-0.8233218
-0.86288589
-0.82992105
-0.86516172
-0.85534555
-0.80134184
-0.83280049
-0.82003199
-0.88157312
-0.90992258
-0.83397188
-0.82069388
-0.81283051
-0.82074435
-0.88086779
-0.93673613
-0.46723804
-0.82266125
-0.82365111
-0.82281791
-0.74036534
-0.83497499
-0.8863097
-0.81460709
-0.721092
-0.82705653
-0.80289095
-0.83728567
-0.93350056
-0.8237758
-0.82457457
-0.91482079
-0.77252607
-0.90196931
-0.89725923
-0.90065163
-0.85910503
-0.82287608
-0.861185
-0.87361417
-0.83871345
-0.88868334
-0.9457311
-0.47571353
-0.83736563
-0.67326673
-0.81421653
-0.95296206
-0.87493402
-0.81113992
-0.84177284
-0.83579508
-0.84215863
-0.98080086
-0.63216575
-0.84204831
-0.82257743
-0.86432299
-0.98923521
-0.85474247
-0.79853011
-0.84020995
-0.87901862
-0.83460223
-0.80131305
-0.80811174
-0.82452864
-0.82792239
-0.83022063
-0.86750707
-0.82307367
-0.86348092
-0.91628891
-0.44909191
-0.8656272
-0.82272579
-0.82614417
-0.73876778
-0.86226125
-0.89782754
-0.94987756
-0.86542483
-0.83100419
-0.85467591
-0.84152989
-0.87452924
-0.80812705
-0.82536971
-0.82487988
-0.83386044
-0.85293251
-0.97467326
-0.82223766
-0.89379157
-0.60758629
-0.83065805
-0.83072534
-0.82073166
-0.82931936
-0.89382404
-0.44334044
-0.83346054
-0.73007954
-0.79764705
-0.90610675
-0.82558475
-0.82285383
-0.86252479
-0.8317841
-0.8797487
-0.20591797
-0.86083393
-0.8233537
-0.82456918
-0.94484165
-0.84489205
-0.85685843
-0.98621938
-0.8981866
-0.84531889
-0.82295935
-0.83895031
-0.97242351
-0.81976946
-0.82415662
-0.89370629
-0.86374627
-0.88833156
-0.82495255
-0.41099877
-0.83432878
-0.82322659
-0.83118826
-0.82227197
-0.82681289
-0.91531948
-0.93656697
-0.83757976
-0.89964638
-0.78527755
-0.84638554
-0.84952524
-0.82101114
-0.84758537
-0.73861094
-0.82911431
-0.86562021
-0.91230825
-0.43202
-0.82446564
-0.8253149
-0.82614813
-0.77823397
-0.84902178
-0.90063166
-0.82413447
-0.9583761
-0.84684737
-0.74931409
-0.87476691
-1.0122637
-0.81599936
-0.85706748
-0.84775945
-0.85328009
-0.85974862
-0.81455157
-0.87802549
-0.91697897
-0.82290387
-0.85903577
-0.88123416
-0.83274005
-0.89114255
-0.7281382
-0.81657225
-0.81726193
-0.81036788
-0.84091339
-0.85039329
-0.83224303
-0.83152641
-0.8318683
-0.86413817
-0.43051812
-0.94666546
-0.82394598
-0.82840798
-0.90560104
-0.93486216
-0.83536547
-0.9054376
-0.84249366
-0.86497027
-0.83286671
-0.8311155
-0.92920165
-0.81391404
-0.85937136
-0.86307569
-0.83684677
-0.94615401
-0.90473507
-0.64531441
-0.8112871
-0.82126005
-0.82947112
-0.85394577
-0.85907048
-0.98984228
-0.92837331
-0.83410505
-0.85573046
-0.82885165
-0.8647939
-0.8649231
-0.82206343
-0.8325048
-0.92219928
-0.88222432
-0.90286055
-0.87785759
-0.75809526
-0.83281827
-0.82950932
-0.85160665
-0.79323318
-0.85859339
-0.90990714
-0.86581503
-0.75136499
-0.86519849
-0.80294622
-0.89959805
-0.91373139
-0.83094817
-0.81017097
-0.89994187
-0.86194433
-0.88354427
-0.908439
-0.77135811
-0.86658689
-0.82531137
-0.83728225
-0.85164
-0.87499746
-0.88515337
-0.90389034
-0.88999377
-0.83428548
-0.90230328
-1.0032547
-0.96790881
-0.85026437
-0.82329646
-0.92704244
-0.87729273
-0.94860615
-0.95031698
-0.82212063
-0.87947964
-0.82451356
-0.8283702
-0.84033663
-0.85018169
-0.88948956
-0.83824802
-0.82329582
-0.8497314
-0.83925617
-0.82456452
-1.0032547
-0.79229717
-0.82280809
-0.89812625
-0.85390343
-0.93729101
-0.96275275
-0.84471367
-0.83928199
-0.83066961
-0.82834563
-0.85946774
-0.85522105
-0.8894654
-0.95426866
-0.94100577
-0.8731544
-0.86880035
-0.79815768
-0.88251907
-0.83787603
-0.81317448
-0.81989512
-0.83264595
-0.87349338
-0.85881428
-0.83764637
-0.82431867
-0.82331856
-0.83306123
-0.90997465
-0.81966863
-0.8678301
-0.94933914
-0.85321747
-0.85316265
-0.78525895
-0.87354867
-0.87388071
-0.85517897
-0.82575926
-0.84287678
-0.83784879
-0.83430824
-0.84389903
-0.96368109
-0.8387483
-0.82744313
-0.83462824
-0.8436773
-0.90964883
-0.98147972
-0.83798015
-0.85000182
-0.86705425
-0.91973376
-0.86051738
-0.83884887
-0.85504859
-0.82958971
-0.84303629
-0.83411945
-0.83938162
-0.53372391
-0.94721759
-0.82852794
-0.83447554
-0.82585121
-0.83465446
-0.85560971
-0.87566938
-0.90045316
-0.93501846
-0.87642546
-0.84879218
-0.89537423
-0.8769863
-0.84065476
-0.84090827
-0.93384487
-0.87995643
-0.91034138
-0.88005569
-0.82533504
-0.85563528
-0.82267557
-0.89725071
-0.85430745
-0.91892108
-0.86731876
-0.78505382
-0.87473381
-0.87586542
-0.82458645
-0.82951209
-0.82368795
-0.89498873
-0.84079452
-0.81651116
-0.59582298
-0.86603864
-0.82326683
-0.83461499
-0.83373876
-0.84266259
-0.86743984
-0.88425858
-0.91997093
-0.83004492
-0.88552367
-0.8376224
-0.84242975
-0.82187935
-0.82427011
-0.88450074
-0.89575191
-0.88340279
-0.90182083
-0.87718462
-0.83034647
-0.83026402
-0.82479466
-0.84221504
-0.88366699
-0.82008084
-0.83845403
-0.84718137
-0.82850587
-0.82928083
-0.87239351
-0.82710896
-0.8634718
-0.84393348
-0.824498
-0.89197196
-0.96019355
-0.84916067
-0.92203475
-0.82638144
-0.82449548
-0.82431284
-0.88297412
-0.86576027
-0.89514289
-0.83788047
-0.86547174
-0.77897422
-0.92393766
-0.88816667
-0.85316121
-0.8231672
-0.83695497
-0.85081146
-0.86938782
-0.87938297
-0.8351438
-0.85595774
-0.82388697
-0.82574544
-0.86168559
-0.85057089
-0.91281683
-0.97214515
-0.83324092
-0.85753161
-0.83409998
-0.85480262
-0.89921723
-0.78627915
-0.83296301
-0.7927687
-0.8595424
-0.84022308
-0.96440976
-0.95520945
-0.83115005
-0.83096446
-0.83328084
-0.83752868
-0.84721908
-0.89853997
-0.90178806
-0.83357927
-0.89546954
-0.81136548
-0.82806178
-0.89495022
-0.85731087
-0.82308736
-0.8306333
-0.86499411
-0.86541005
-0.89500639
-0.59398207
-0.83871132
-0.82612919
-0.84256902
-0.87495105
-0.8993358
-0.88417004
-0.94427204
-0.62045149
-0.85602232
-0.84539675
-0.83985428
-0.83620663
-0.80523273
-0.91075468
-0.84328099
-0.78625578
-0.95523732
-0.90506722
-0.70378898
-0.9105396
-0.83385763
-0.83832416
-0.82990258
-0.82294314
-0.91971057
-0.86250707
-0.9384981
-0.86253835
-0.85988961
-0.82998572
-0.83119581
-0.83115369
-0.84739835
-0.86544483
-0.86429339
-0.85476353
-0.88693454
-0.82261954
-0.84172803
-0.84914891
-0.86416302
-0.85355289
-0.86645013
-0.9213113
-0.81835037
-0.94419048
-0.94522367
-0.78710963
-0.83774841
-0.83149198
-0.84864486
-0.90193453
-0.95964533
-0.79077011
-0.85592786
-0.83656221
-0.91230899
-0.89126238
-0.90015705
-0.85796389
-0.88885363
-0.8627177
-0.83185368
-0.82323689
-0.82336382
-0.90536351
-0.807847
-0.82342364
-0.82242639
-0.85620596
-0.88290945
-0.82704934
-0.7830282
-0.86172457
-0.85257563
-0.84163768
-0.74062725
-0.84051774
-0.839215
-0.92768904
-0.8345098
-0.84076094
-0.85123628
-0.83882074
-0.80528248
-0.9837945
-0.87290306
-0.85763453
-0.84096897
-0.84471181
-0.89255671
-0.87432436
-0.93384331
-0.82552831
-0.84820998
-0.88602212
-0.85720416
-0.89099255
-0.91279573
-0.80088764
-0.88090473
-0.91560458
-0.99072502
-0.96055051
-0.86633842
-0.83806937
-0.83695086
-0.83377443
-0.87331859
-0.85605902
-0.93719976
-0.89891894
-0.92663959
-0.83186397
-0.90638169
-0.70561734
-0.8641105
-0.83764716
-0.85308502
-0.86837398
-0.82603181
-0.95956698
-0.93841448
-0.83685165
-0.90277475
-0.8440973
-0.8321878
-0.8267031
-0.88944209
-0.87335571
-0.93438411
-0.83349018
-0.85337072
-0.63439411
-0.82596794
-0.67660577
-0.82972626
-0.87218927
-0.84744589
-0.82403895
-0.84204898
-0.82338703
-0.84633876
-0.75022596
-0.89440185
-0.82770329
-0.82631745
-0.8538839
-0.8275273
-0.86534951
-0.82363761
-0.93712756
-0.84597393
-0.81745308
-0.86219205
-0.91639141
-0.84812099
-0.84751636
-0.99447742
-0.88971226
-0.84116033
-0.8747281
-0.89571537
-0.84587236
-0.84581148
-0.91576858
-0.85438151
-0.90290478
-0.88010478
-0.85011217
-0.86492383
-0.89779726
-0.85863495
-0.83741816
-0.84681691
-0.90705951
-0.8426498
-0.83973673
-0.84968413
-0.8012762
-0.93856796
-0.8525565
-0.88285142
-0.88020945
-0.86137418
-0.89807813
-0.90466751
-0.83352245
-0.93113909
-0.85393201
-0.85974983
-0.86566483
-0.88351101
-0.82983534
-0.7539811
-0.90223667
-0.81926183
-0.86748669
-0.82258145
-0.9241852
-0.83894547
-0.82857373
-0.81145627
-0.88832511
-0.80959637
-0.87682587
-0.82116013
-0.82371727
-0.89309643
-0.82167607
-0.84954237
-1.0032547
-0.83898547
-0.8253737
-0.82403242
-1.0005311
-0.82968776
-0.84465659
-0.83870694
-0.85868769
-0.83472987
-0.89467447
-0.823898
-0.86666206
-0.83891941
-0.83602986
-0.88625582
-0.85723979
-0.86075345
-0.85172537
-0.83920312
-0.84866201
-0.84241172
-0.83724184
-1.0032547
-0.99559112
-0.83366623
-0.8489038
-0.82345883
-1.0032547
-0.83377774
-0.82477613
-0.82283499
-0.81457579
-0.90944769
-0.99077471
-0.82333387
-0.82086056
-0.8233446
-0.97245222
-0.93288812
-0.88386506
-0.75815215
-0.83039989
-0.86416949
-0.83732793
-0.81687318
-0.90251273
-0.82390392
-1.0032547
-0.82952008
-0.90104409
-0.8349297
-0.84546373
-0.89928438
-0.81876419
-0.83130387
-0.83017263
-0.85287082
-0.82343807
-0.82120424
-0.82304626
-0.82295152
-0.90883871
-0.88831474
-0.88241646
-0.99961116
-0.82544752
-0.90101311
-0.84636722
-0.8357739
-0.84714026
-0.34228522
-1.0032547
-0.82629154
-1.0005311
-0.85616575
-0.87643706
-0.84157422
-1.012579
-0.89218326
-0.83030033
-0.83922224
-0.82646448
-0.82883986
-0.84154913
-0.87404258
-0.9724269
-0.8243434
-0.83278158
-0.8241556
-0.96414593
-0.84159337
-0.8346655
-0.88922998
-0.86358717
-0.94354809
-0.83718413
-0.88910344
-0.86971851
-0.86282019
-0.84289241
-0.86610429
-0.82300117
-1.0379481
-0.84057343
-0.82662872
-0.84576067
-0.8253146
-0.77935926
-0.70149278
-0.8629083
-0.23602432
-0.8652033
-0.82242145
-0.82729254
-0.84521549
-0.84814159
-0.82806759
-0.87113964
-0.96512493
-1.0243174
-0.91635185
-0.84287192
-0.87637197
-0.84602084
-0.83491003
-0.84345855
-0.82262628
-0.82275595
-0.82310613
-0.82330999
-0.83156533
-0.84066594
-0.83534451
-0.99927865
-0.82868683
-0.85700604
-0.90513164
-0.87127651
-0.84227496
-0.82904448
-0.82316178
-0.8222172
-0.86227054
-0.86799245
-0.82237749
-0.81951512
-0.83167983
-0.82103431
-0.75895804
-0.87589784
-0.80606943
-0.82250108
-0.82543646
-0.82177396
-0.82770419
-0.83239902
-0.82311281
-0.84578239
-0.83730865
-0.82247003
-0.82531534
-0.8224643
-0.83669055
-0.82296953
-0.82496132
-0.81219074
-0.8073458
-0.82289757
-0.82573029
-0.82079795
-0.82325914
-0.82301268
-0.85137873
-0.826692
-0.84619164
-0.88629127
-0.87724745
-0.88933583
-0.88627374
-0.8322727
-0.94572332
-0.76651923
-0.7512711
-0.45848888
-0.47468969
-0.66647722
-0.81387139
-0.82242464
-0.8234194
-0.85584141
-0.83031981
-0.82450159
-0.82815276
-0.89330445
-0.82445197
-0.85604011
-0.82623744
-0.84394622
-0.8529185
-0.82840371
-0.82231446
-0.82535509
-0.84159167
-0.82215498
-0.90864947
-0.79091917
-0.83610362
-0.82193006
-0.85486608
-0.82198494
-0.085328123
-0.82636512
-0.62049304
-0.89835585
-0.81715904
-0.79772892
-0.7883009
-0.53044475
-0.87293829
-0.82296447
-0.84914873
-0.85080419
-0.91359171
-0.99557757
-0.86827219
-0.86112258
-0.8444667
-0.74216481
-0.82183609
0.37105209
-0.83685156
-0.56600155
-0.82920106
-0.64434634
-0.78527073
-0.7501631
-0.71638351
-0.82452125
-0.82358492
-0.8480308
-0.69580809
-0.85241035
-0.85565433
-0.81950939
-0.829154
-0.83367336
-0.82514599
-0.7988781
-0.91085079
-0.81868525
-0.82551272
-0.050634889
-0.8798506
-0.78837913
-0.88865924
-0.83465725
-0.87297733
0.27183278
-0.77765481
-0.80292208
-0.67690257
-0.91394362
-0.20794971
-0.81474868
-0.79137029
-0.73699045
-0.37810131
-0.8161649
-0.82265972
-0.82997289
-0.83288504
-0.92111943
-0.86220016
-0.8305968
-0.82675467
-0.86803791
-0.81930966
0.74917296
-0.31355794
-0.88780137
-0.8030058
-0.8224842
-0.5324417
-0.8217281
-0.81699048
-0.7257093
-0.82149995
-0.58395178
-0.93489332
-0.81767593
-0.98251781
-0.85118787
-0.87918792
-0.81433347
-0.86034618
-0.83330011
-0.82353796
-0.86856415
-0.80537896
-0.81650757
-0.86439747
-0.82254453
-0.87902433
-0.77523325
-0.82396083
-0.82518989
-0.31512143
-0.79759108
-0.20746212
-0.84554528
0.22424961
-0.7674013
-0.73539106
-0.90573025
-0.81773523
-0.8285185
-0.13298374
-0.85889079
-0.19526927
-0.8200445
-0.83907838
-0.8588037
-0.89284205
-0.89574873
-0.87308565
-0.82204809
-0.86221573
-0.89494884
-0.89593478
-0.87856243
-0.89266193
1.0128532
-0.82329298
-0.68131532
-0.8260817
-0.99958347
-0.82061804
-0.6399689
-0.84894419
-0.7958853
-0.82779944
0.83694274
-0.82246538
-0.8253791
0.1189645
-0.90415821
-0.83293472
-0.86947556
-0.87748088
-0.822569
-0.84488111
-0.83324796
-0.85332682
-0.82409996
-0.54445233
-0.76847406
-0.82344178
-1.0194526
-0.8269917
-0.82168154
-0.8799276
-0.85240274
-0.91587954
-0.90540877
-0.80461626
-0.00030113301
-0.82060827
-0.80470295
-0.8152186
-0.38326179
-0.74137076
1.2795195
-0.71908848
-0.64925178
-0.82272494
-0.8224831
-0.9831537
-0.82335609
-0.8401605
-0.8213009
-0.97936303
-0.82338779
-0.89641182
-0.88950715
-0.897745
-0.89245205
-0.90347018
-0.84284221
-0.82856262
-0.6738647
-0.87913576
-0.82282781
-0.13914488
-0.22578879
-0.82251529
-0.38345883
-0.64942985
-0.82163812
-0.82201356
-0.7355922
-0.85700335
-0.82138996
-0.88777365
-1.0005799
-0.82284308
-0.73125192
-0.87658559
-0.84544439
-0.71928397
-0.80607112
-0.97323408
-0.83087451
-0.82837663
-0.82220596
-0.82589433
-0.82968827
-0.82745776
-0.82510005
-0.87880183
-0.74906048
-0.72491921
-0.82284941
-0.76518228
-0.79151665
-0.74486713
-0.82412283
0.22098026
-0.9996737
-0.061412441
-0.76348739
-0.67515909
-0.83486551
0.16645176
-0.81929895
-0.87148245
-0.83509601
-0.29139331
-0.51518596
0.36196365
-0.78678747
-0.033985472
-0.82319709
-0.69070388
-0.60324737
-0.82217348
-0.82419258
-0.822535
-0.47169733
-0.89514312
-0.86821646
-0.79704014
-0.81289181
-0.85102706
-0.86076058
-0.81220482
-0.82326241
-0.45067519
-0.82085883
1.2344212
-0.96147443
0.43200642
-0.35208551
-0.65476994
-0.85121592
-0.93425572
-1.0191928
-0.88711414
-0.62373518
-1.0412517
-0.15867383
-0.82274234
-0.8241933
-0.79874099
-0.78255611
-0.82246672
-0.82662388
-0.83514537
-0.82061746
-0.8255122
-0.82242644
0.41092373
-0.8450742
-0.84052841
-0.7416086
-0.86422619
-1.0123266
-0.90001845
-0.8226539
-0.80966433
-0.81924826
-0.8224954
-0.82299018
-0.82247261
-0.78278112
-0.82687588
-0.82313656
-0.82184952
-0.82819397
-0.82277152
-0.82834768
-0.82256132
-0.83185238
-0.82329324
-0.83398672
-0.63956502
-0.84821778
-0.86977186
-0.86295474
-0.74316756
-0.76627838
-0.82938233
-0.82159388
-0.85152314
-0.82267649
-0.82297079
-0.86335387
-0.82279581
-0.86767626
-0.8229312
-0.82256214
-0.82485359
-0.82632545
-0.82588813
-0.82798487
-0.83573472
-0.9104637
-0.82535788
-0.82118113
-0.82252357
-0.81119942
-0.82274585
-0.82372295
-0.78198431
-0.82242974
-0.89746038
-0.93750315
-0.79112879
-0.8201754
-0.95461261
-0.78160745
-0.80366816
-0.82369658
-0.93707541
-0.83030593
-0.8494528
-1.0862582
-0.83564058
-0.8236507
-0.90692794
-0.67184043
-0.83312259
-1.2895833
-0.82259677
-0.83623165
-0.81202917
-0.81172263
-0.82269908
-0.8276673
-0.82561876
-0.82351817
-0.82783477
-0.82590203
-0.82254489
-0.88129376
-0.8433896
-0.85037779
-0.82270842
-0.82361526
-1.0938102
-0.78311906
-0.82129181
-0.82452156
-0.84906191
-0.82610117
-0.66488684
-0.82211225
-0.7692367
-0.82269414
-0.81607409
-0.93357226
-0.82264757
-0.94781953
-0.85819921
-0.82340109
-0.80595068
-0.82702514
-0.80700663
-1.1413213
-0.48882562
-0.96083283
-0.831667
-0.73489351
-0.82248615
-0.85969814
-0.82588825
-0.83405527
-0.82534423
-0.82729463
-0.82050302
-0.82115832
-0.82800333
-0.82290687
-0.82241205
-0.83908119
-0.82256398
-0.81189167
-0.82404831
-0.7784818
-0.82201083
-0.77081222
-0.84126028
-0.82277348
-0.82435168
-0.87635349
-0.82260455
-0.8248102
-0.82518832
-0.82263767
-0.82623291
-0.82407298
-0.71171096
-0.83512596
-0.82475939
-0.74781966
-0.82459529
-0.58487546
-0.90459354
-0.83178182
-0.81951513
-0.96362151
-0.8328105
-0.81443635
-0.90628569
-0.82807718
-0.81714348
-0.83769041
-0.83722301
-0.82498732
-0.82267273
-0.84201094
-0.84888529
-0.85741463
-0.84866914
-0.8986362
-0.85244429
-0.85104291
-0.92193993
-0.82453968
-0.86373635
-0.82648014
-0.82310059
-0.87673359
-0.86469458
-0.82312316
-0.83442632
-0.82324914
-0.82508645
-0.82333723
-0.9152327
-0.86238678
-0.82761805
-0.8225724
-0.82258736
-0.82290114
-0.8177573
-0.82276313
-0.7806774
-0.80655194
-0.82417878
-0.78802415
-0.80683005
-0.82216064
-0.82247564
-0.8224502
-0.82034284
-0.80213988
-0.8225787
-0.82424888
-0.93521611
-0.86273873
-0.9079206
-0.88132519
-0.82850241
-0.83313711
-0.85017257
-0.82459271
-0.85043459
-0.82612938
-0.87344397
-0.82270993
-0.83413439
-0.84155502
-0.99933061
-0.8225532
-0.82290263
-0.81061635
-0.84772142
-0.83522672
-0.82251237
-0.83390265
-0.82260429
-0.8225494
-0.82639504
-0.82225579
-0.82302983
-0.84980552
-0.86087423
-0.82143864
-0.83673809
-0.8138794
-0.82561307
-0.83001322
-0.82336843
-0.83551582
-0.96141175
-0.82290777
-0.99963048
-0.82946958
-0.82466652
-0.84673093
-0.81606812
-0.8276569
-0.82330325
-0.82878914
-0.8281829
-0.87530986
-0.83479398
-0.82740263
-0.78333499
-0.8316148
-0.81720234
-0.713978
-0.89781713
-0.81963839
-0.71971013
-0.83667657
-0.82427866
-0.82611599
-0.82700673
-0.83331623
-0.84038529
-0.82335223
-0.82242974
-0.82117858
-0.76850367
-0.91768076
-0.7349232
-0.82248045
-0.82273657
-0.79157187
-0.82396675
-0.82150169
-0.83071909
-0.82987464
-0.83333208
-0.82473917
-0.82294457
-0.82433105
-0.82331635
-0.82382505
-0.83305532
-0.82363923
-0.81623809
-0.82703443
-0.82277252
-0.79831098
-0.83844197
-0.82274996
-0.82756928
-0.82256826
-0.82688436
-0.87280184
-0.82426308
-0.85017061
-0.84338532
-0.84839879
-0.82467538
-0.82273711
-0.8490076
-0.82203782
-0.87036395
-0.82261931
-0.82819509
-0.82725949
-0.88098625
-0.81278409
-0.85304087
-0.83395091
-0.82258875
-0.82213248
-0.8207907
-0.82272223
-0.88362836
-0.84100045
-0.85069637
-0.91398115
-0.81945636
-0.82595079
-0.82252204
-0.82897499
-0.83148677
-0.87220832
-0.83555225
-0.8618495
-0.91625478
-0.83855346
-0.82636961
-0.82430124
-0.82718838
-0.82251129
-0.82241282
-0.83400517
-0.8225911
-0.82906208
-0.84332075
-0.86810825
-0.82488603
-0.88469734
-0.84851188
-0.81557194
-0.82253366
-0.65246411
-0.86595785
-0.8811778
-0.91208961
-0.8640307
-0.87201387
-0.82255517
-0.83287681
-0.82350939
-0.78735764
-0.82335493
-0.94644661
-0.82323593
-0.8728747
-0.85649351
-0.99729031
-0.88579451
-0.8206056
-0.83722706
-0.68195263
-0.82587649
-0.8335848
-0.85021424
-0.8941512
-0.86868553
-0.93001087
-0.83675316
-0.82578149
-0.82273816
-0.8461401
-0.80162859
-0.94220143
-0.85841
-0.78214354
-0.82250033
-0.93358322
-0.9279806
-0.87693568
-1.0012801
-0.82281159
-0.83375619
-0.81643617
-0.83651873
-0.83324277
-0.82722214
-0.82826148
-0.81893145
-0.84975539
-0.86160843
-0.91266089
-0.83467249
-0.86462246
-0.82800382
-0.74372445
-0.82291692
-0.82648084
-0.84737573
-0.49413169
-0.98202609
-0.84492718
-0.87209228
-0.83521023
-0.83081738
-0.84471503
-0.83005658
-0.83058438
-0.96686082
-0.81007201
-0.86983834
-0.86585199
-0.8259692
-0.81645431
-0.81762117
-0.78335091
-0.71002968
-0.98379347
-0.8457068
-0.82442363
-0.83858271
-0.84177168
-0.8579065
-0.84585793
-0.83335244
-0.83774409
-0.85724535
-0.85979635
-0.81753709
-0.88474833
-0.90091011
-0.82904094
-0.82268745
-0.83339589
-0.82940923
-0.82112082
-0.95329845
-0.83814986
-0.83767366
-0.82610244
-0.76223708
-0.82656237
-0.82755081
-0.84367805
-0.85644055
-0.87388704
-0.82607573
-0.82177351
-0.83839206
-0.8636444
-0.89575179
-0.86972418
-0.88561086
-0.82529176
-0.88525668
-0.8401519
-0.8173571
-0.82417471
-0.8232306
-0.82907041
-0.84529779
-0.83512341
-0.83910929
-0.82838541
-0.82632836
-0.78434304
-0.83661274
-0.7609758
-0.78684767
-0.8415792
-0.82381936
-0.8636709
-0.83764533
-0.83545227
-0.83727981
-0.85531141
-0.82589168
-0.82869339
-0.82600733
-0.82378143
-0.85876025
-0.90147631
-0.82805932
-0.84456083
-0.82264695
-0.83149683
-0.84882011
-0.82923323
-0.86547839
-0.8352921
-0.83560513
-0.85782724
-0.85357126
-0.87475837
-0.81754841
-0.8154907
-0.84155116
-0.8424366
-0.82845579
-0.84499454
-0.83510884
-0.84996601
-0.84002882
-0.91455901
-0.82219922
-0.82897581
-0.82282816
-0.82413922
-0.91530152
-0.82836145
-0.82488821
-0.83842957
-0.88816725
-0.82792207
-0.84026394
-0.82777851
-0.83417608
-0.85262863
-0.83222624
-0.8728833
-0.88327098
-0.89396823
-0.86836217
-0.84843078
-0.84816926
-0.84879187
-0.91465561
-0.86125008
-0.83442303
-0.81524529
-0.83223136
-0.8224549
-0.82467548
-0.8238633
-0.90512909
-0.82402328
-0.830116
-0.84488045
-1.0005311
-0.84539072
-0.86046595
-0.74283352
-0.84680424
-0.8242072
-0.89987571
-0.86635933
-0.83074504
-0.86353731
-0.82091897
-0.8392099
-0.79516046
-0.82257965
-0.82412237
-0.85535592
-0.82901496
-0.83840638
-0.88512451
-0.82176484
-0.84386439
-0.86874075
-0.82837006
-1.0003776
-0.89588954
-0.91476885
-0.84518801
-0.87113361
-0.85195342
-0.82712004
-0.83625012
-0.83045257
-0.89551279
-0.8308948
-0.9338689
-0.83944354
-0.88648851
-0.8904952
-0.84483837
-0.82358478
-0.84554667
-0.78662857
-0.84234204
-0.85039194
-0.81732525
-0.88923768
-0.83131254
-0.89562616
-0.8396114
-0.93335465
-0.85818447
-0.84585304
-0.9006646
-0.92438405
-0.82614361
-0.7614699
-0.83020871
-0.82643372
-0.83831028
-0.8223646
-0.84851975
-0.88414555
-0.82280537
-0.82900537
-0.88387885
-0.91966998
-0.85139451
-0.85833671
-0.85645108
-0.8397623
-0.8384554
-0.6761023
-0.82846918
-0.84743073
-0.86217989
-0.83634444
-0.82312311
-0.84855416
-0.87936688
-0.84376134
-0.83244036
-0.84410496
-0.83401258
-0.79708394
-0.87200947
-0.90649224
-0.77568775
-0.80130521
-0.56969193
-0.95559529
-0.93919537
-0.47089901
-0.8935659
-0.15981489
-0.83842147
-0.93010342
-0.91031303
-0.821213
-0.81533028
-0.8003272
-0.83660303
-0.82744533
-0.83859146
-0.75229598
-0.84934924
-0.8199875
-0.92853199
-0.85174093
-0.97117273
-0.93111905
-0.7648906
-0.84087313
-0.84397026
-0.8276317
-0.81767372
-0.83224939
-0.8326363
-0.95969114
-0.91217654
-0.82347764
-0.83173674
-0.86639703
-0.86943766
-0.86496306
-1.0003776
-0.83028217
-0.838036
-0.87629101
-0.85264893
-0.99927865
-0.83985245
-0.83933794
-0.98402245
-0.83754499
-0.82972418
-0.8418579
-0.80987196
-0.84618249
-0.83012892
-0.8432329
-0.82261458
-0.83632923
-0.82250463
-0.88278633
-0.85242033
-0.82462616
-0.83741844
-0.8236976
-0.82364259
-0.83100965
-0.83484655
-0.82295331
-0.83434404
-0.82220051
-0.82374616
-0.99927865
-0.86277481
-0.83304216
-0.85241987
-0.90534131
-0.85550778
-0.85366926
-0.84766811
-0.82596832
-0.83927781
-0.84548837
-0.8382705
-0.84645554
-0.99927865
-0.83511229
-0.83027991
-0.78131481
-0.88569685
-0.98895037
-0.93519209
-0.89508946
-0.86441034
-0.8346108
-0.83940712
-1.0042444
-0.93392329
-0.88335902
-0.90656649
-0.81888667
-0.8252081
-1.0003776
-0.85252804
-0.83662958
-1.0003776
-0.85686266
-1.0032
-0.85802851
-0.84136474
-0.8324428
-0.8458186
-0.8533135
-0.83468221
-0.82193973
-0.82100607
-0.91709617
-0.99952241
-0.85226106
-0.84143672
-0.83844874
-0.86495659
-0.80413632
-0.83581556
-0.84737882
-0.85908011
-0.82250842
-0.75482689
-0.79949823
-0.84395375
-0.82363647
-0.85240935
-0.85531757
-0.84294757
-0.82999196
-0.99927865
-0.84234412
-0.85107136
-0.83828008
-0.83601499
-0.84321428
-0.85159479
-0.82473443
-0.82415363
-0.8319556
-0.82839384
-0.82333923
-0.83983228
-0.99927865
-0.83025344
-0.86149349
-0.83478595
-0.86181464
-0.86610765
-0.87285456
-1.0003776
-0.82018624
-0.85927498
-0.86235633
-0.82379161
-0.85796762
-0.86652622
-0.9287703
-0.82710984
-0.81230379
-0.823772
-0.85605496
-0.86262552
-0.8031014
-0.88296817
-0.8684353
-0.83844782
-0.85411062
-0.88839304
-0.98016697
-0.97826098
-0.83398973
-0.89432595
-0.80693851
-0.87316265
-0.81725052
-0.84749478
-0.84459247
-0.866164
-0.84310766
-0.89809573
-0.84185528
-0.8170489
-0.86541777
-0.84181366
-0.83577293
-0.86063866
-0.93858726
-0.91931028
-0.85375587
-0.84681796
-0.92407782
-0.86201461
-1.0003776
-0.87875642
-0.86278913
-0.85282911
-0.85812131
-0.84110836
-0.82859644
-0.87466497
-0.83035451
-0.98392151
-0.82537462
-0.83692169
-0.77231223
-0.83208598
-0.75093346
-0.88861461
-0.80443707
-0.85569377
-0.82358045
-0.84438071
-0.9266747
-0.8308811
-0.88586901
-0.83262482
-0.82672461
-0.82396328
-0.89345803
-0.84729605
-0.83997778
-0.82959365
-0.82253649
-0.83756244
-0.82658354
-0.86292003
-0.88725958
-0.83501427
-0.81939572
-0.99927865
-0.93965467
-0.85155259
-0.84360799
-0.81503382
-0.877909
-0.82651786
-0.91527738
-0.83727038
-0.84588642
-0.82663846
-0.90366269
-0.85047344
-0.78893265
-0.83691323
-0.86202101
-0.88725226
-0.95098459
-0.92285244
-0.95377992
-0.87382682
-0.93893225
-0.8149627
-0.82029444
-0.825046
-0.81152747
-0.87017344
-0.82959246
-0.94480804
-0.85718253
-0.81952926
-0.88258187
-0.82778205
-0.88954
-0.85308869
-0.85133572
-0.87326497
-0.63548846
-0.88928329
-0.84913263
-0.83061731
-0.8278052
-0.89121605
-0.82882039
-0.8560794
-0.86886329
-0.88824726
-0.83983592
-1.0003776
-0.82382702
-0.8428872
-0.90602063
-1.0003776
-0.87919172
-0.85230984
-0.82581872
-0.85610298
-1.0150717
-0.90162384
-0.82119103
-0.84580232
-0.83918894
-0.83080074
-0.8220757
-0.94448414
-0.99955109
-0.8281467
-0.84357261
-0.93722921
-0.99961116
-0.8350966
-0.88223968
-0.92647935
-0.89515585
-0.92962737
-0.95601504
-0.87449849
-0.87774491
-0.82282104
-0.84822302
-0.82311352
-0.82650849
-0.85437297
-0.84673505
-0.88836248
-0.88316949
-0.92542983
-0.95315434
-0.95079225
-0.86616198
-0.82539075
-0.95166127
-0.83469415
-0.89582647
-0.84294843
-0.96081617
-0.89820967
-0.82691994
-0.93716789
-0.9020333
-0.83531226
-0.83097079
-0.83065921
-0.90972364
-0.82134802
-0.83045071
-0.82444475
-0.85734619
-0.82205167
-0.83252769
-0.87881899
-0.84377629
-1.0003776
-0.91752261
-0.84203481
-1.0002752
-0.86165545
-0.8260779
-0.94787538
-0.82310883
-0.86567689
-0.87814033
-0.89434165
-0.85537948
-0.82914185
-0.86858911
-0.86661367
-0.87632381
-0.84703163
-0.83740003
-0.94787538
-0.93544617
-0.96365844
-0.84275839
-0.90128545
-0.82983473
-0.81543897
-0.83460286
-0.84413107
-0.74155184
-0.82888404
-0.85369356
-0.81230463
-0.8568197
-0.82455132
-0.84550292
-0.99941761
-0.82250512
-0.82338989
-1.0277941
-0.82203712
-0.82688078
-0.82310952
-0.83958862
-0.77239439
-0.82350019
-0.84641746
-0.82228768
-0.82511277
-0.80410945
-0.8251603
-0.89029009
-0.79589548
-0.82217058
-0.87149583
-0.89470011
-0.84998892
-0.86814367
-0.86514761
-0.85915676
-0.21412489
-0.58127433
-0.73785235
-0.82165198
-0.82500967
-0.82179279
-0.81479034
-0.82283976
-0.87333037
-0.82589323
-0.87428871
-0.81894905
-0.82194693
-0.93548306
-0.93017651
-0.78204908
-0.83833627
-0.81967753
-0.96321638
-0.81389782
-0.80771945
-0.82243932
-0.29744519
-0.81789961
-0.24357379
-1.0053174
-0.75411927
-0.81267015
-0.81923496
-0.83013372
-0.81669895
-0.90151087
-0.83899798
-0.91535495
-0.91112217
-0.82281256
-0.8238913
-0.76184805
-0.81885743
-0.32282856
-0.78846171
-0.28616583
-0.82242398
-0.32589588
-0.80162699
-0.83678905
-0.82680112
-0.88722703
-0.43439049
-0.86153785
-0.82697647
-0.97752032
-0.81863744
-0.97988021
-0.83660782
-0.72302067
-0.75632521
-0.72150987
-0.98682581
-0.82222446
-1.0008289
-0.82025897
-0.7487664
-0.81764207
-0.16385826
-0.82013039
-0.83365616
0.051340674
-0.77817402
-0.83262708
-0.79767327
-0.82209355
-0.82415677
-0.8576792
-0.90269289
-0.87605834
-0.614071
-0.25466129
0.2933146
-0.7476799
-0.82547235
-0.82509984
0.42768447
-0.81961388
0.02994069
-0.82418772
-0.80951298
-0.80568707
-0.86124096
-0.81608721
-0.92409914
-0.81936076
-0.83607348
-0.8536755
-0.84992445
-0.82243888
-0.85496282
-0.9433234
-0.84589828
-0.90565126
-0.82524096
-0.85991921
-0.89574556
-0.81729819
-0.86625511
-0.75460174
-0.82355978
-0.7478663
0.88042786
-0.80636983
0.65004865
-0.69471746
1.1270372
-0.82182241
-0.73490112
-0.82174229
-0.78982899
-0.82042634
-0.7847574
-0.83893434
-0.15910537
-0.95672674
-0.86221843
-0.90482422
-0.60500154
-0.83293466
-0.98354184
-0.80397165
-1.0282856
-0.82244396
0.053491474
-0.82865711
0.087848418
-0.83043734
-0.78494333
-0.82209267
-0.82283845
-0.84428805
-0.80877388
-0.62200145
-0.83422141
-0.85111971
-0.80902595
-0.91832136
-0.8225729
-0.89601483
-0.79058915
-0.84245019
-0.9109328
-0.83116914
-0.9251765
-0.7950639
-0.92446582
-0.78974889
-0.81105593
-0.82896105
-0.84166048
-0.86492966
-0.82107539
-0.88306856
-0.89750126
-0.43773224
-0.82147339
-0.78209915
-0.89705813
-0.30334654
-0.53401771
-0.22553021
-0.83408668
1.1584022
-0.72309355
-0.82230538
-0.6677621
-0.78793632
-0.90235386
-0.82385448
-0.83562722
-0.86565557
-0.82278979
-0.88352052
-0.72861444
-0.82235244
-0.46693643
-0.82224108
0.78373755
-0.83491545
-0.65697362
-0.82188041
-0.81348104
-0.82401366
-0.81675871
-0.8432101
-0.82383931
-0.86897628
-0.87210261
-0.82270326
-0.82616359
-0.81974923
-0.8449102
-0.82813661
-0.84393368
-0.82246444
-0.92280473
-0.8727428
-0.84630327
-0.82348872
-0.8769152
-0.83039277
-0.82342738
-0.82614712
-0.89196412
-0.87685341
-0.82174135
-0.82852783
-0.87497889
-0.85984695
-0.81449749
-0.76600842
-0.825548
-0.82231335
-0.82444354
0.98979822
-0.98110471
0.28646881
-0.85934278
-0.54256543
-0.82777109
-0.39690161
-0.79763744
-0.91944751
-0.84704033
-0.82248118
-0.82877639
1.5734402
-0.81685495
-0.31089783
-0.87599771
0.19485282
-0.89757838
-0.82339628
-0.81489009
-0.82271115
-0.85268821
-0.84873766
-0.86249008
-0.97003101
-0.97187725
-0.82444435
-0.8293806
-0.81895386
-0.80872455
-0.77264406
-0.73984313
1.2914488
-0.83426889
-0.56137949
-0.5121129
-0.43942804
-0.84490856
-0.93547996
-1.0805115
-0.76838066
-0.82124655
-0.83047063
-0.83198076
-0.82138539
-0.8447874
-0.87194897
-0.80871251
-0.7943473
-0.69824102
-0.80363872
-0.82249236
-0.82556693
-0.97162705
-0.83770138
-0.85887839
-0.82303269
-0.82608587
-0.82312218
-0.82984428
-0.8363086
-0.87956848
-0.82549448
-0.83862165
-0.8505589
-0.61089795
-0.90471074
-0.81374966
-0.84178413
-0.85160284
-0.84932226
-0.82823316
-0.82451995
-0.82178349
-0.79490828
-0.84289217
-0.73523401
-0.92117004
-0.79958974
-0.84620168
-0.6788121
-0.82834139
-0.82260049
-0.82555849
-0.81845845
-0.82168567
-0.88830114
-0.82340363
-0.82552911
-0.82294931
-0.82394123
-0.82552747
-0.79358177
-0.88306699
-0.78387774
-0.90571005
-0.92512933
-0.82263744
-0.85848936
-0.82265505
-0.81759623
-0.84094941
0.020109789
-0.82399861
-0.84298957
-0.82201471
-0.81540466
-0.83828969
-0.81984243
-0.82230707
-0.82405454
-0.82269127
-0.81848274
-0.82283275
-0.82170816
-0.82249934
-0.82357841
-0.88232143
-0.82241336
-0.82331629
-0.82663975
-0.82276792
-0.82482051
-0.82710201
-0.82255688
-0.82276651
-0.85701788
-0.87232319
-0.82253971
-0.90609408
0.24336081
-0.82692432
-0.84248969
-0.82244227
-0.80337174
-0.82882288
-0.43641652
-0.84314706
-0.8304702
-0.93068144
-0.92415032
-0.84324192
-0.82958887
-0.87313634
0.61324021
-0.8442024
-0.69127795
-0.82776739
-0.81369789
-0.8263317
-0.80378158
-0.68297079
-0.82348826
-0.82234259
-0.82037215
-0.82313627
-0.82993989
-0.82327096
-0.83291912
-0.86834719
-0.87149712
-0.83018073
-0.84186112
-0.84015586
-0.88964568
-0.82968488
-0.82982701
-0.83562106
-0.82250462
-0.82843005
-0.82280834
-0.29823218
-0.8340613
-0.61870568
-0.82253361
-0.82251506
-0.88771197
-0.82265689
-0.84372836
-0.44672421
-0.81947686
-0.92612296
-0.88307123
-0.86970881
-0.8223799
-0.47286408
-0.82306934
-0.77686214
-0.75028723
-0.78857927
-0.82101392
-0.82241898
-0.75911706
-0.81137613
-0.62805234
-0.82397289
-0.82020155
-0.82277428
-0.8863414
-0.82397663
-0.81829259
-0.88817244
-0.88111218
-0.8097231
-0.86331624
-0.81920809
-0.93689659
-0.99394586
-0.81725896
-0.82586207
-0.5174792
-0.82234411
-0.82418765
-0.84528281
-0.82261346
-0.80706768
-0.82869061
-0.82839914
0.33976563
-0.78617099
-0.83605782
-0.79127099
-0.86552565
-0.84810678
-0.84254798
-0.80341386
0.32516958
-0.8210958
-0.75071591
-0.82085967
-0.64718484
-0.24566581
-0.82260926
-0.85309565
-0.8194628
-0.83748855
-0.79853128
-0.84371331
-0.8227654
-0.82804045
-0.82536192
-0.84210914
-0.85583358
-0.83292867
-0.78158752
-0.82149084
-0.95255544
-0.80362536
-0.82545722
-0.82815716
-0.82532126
-0.54307303
-0.64630714
-0.34315462
-0.80246311
-0.81565978
-0.79463451
-0.8226092
-0.82753601
-0.81977013
-0.5038286
-0.89454025
-0.86234027
-0.82646547
-0.82573605
-0.78970064
-0.82267891
-0.91427133
-0.80997255
-0.77231875
-0.82304963
-0.74181456
-0.82419768
-0.66206063
-0.96110416
-0.84388225
-0.82237558
-0.82470734
-0.83516269
-0.82502415
-0.94836302
-0.82691938
-0.83098655
-0.83160374
-0.84257239
-0.84209938
-0.83607144
-0.82927711
-0.82405974
-0.8232155
-0.9116182
-0.85689481
-0.82492905
-0.82371067
-0.44009723
-0.75712627
-0.6204167
-0.023836949
-0.81984681
-0.2663287
-0.83986135
-0.81885692
-0.83486748
0.12837162
-0.87765302
-0.83860493
-0.83498095
0.33240084
-0.76547999
-0.68295243
-0.82184726
-0.81680456
-0.82880354
-0.60001088
-0.82624083
-0.72139012
-0.91595446
-0.82396644
-0.86040561
-0.91662488
-0.8223186
-1.0280398
-0.83427547
-0.84851967
-0.90470335
-0.90082763
-0.80894299
-0.82093309
-0.85395695
-0.77996612
-0.81243618
-0.81843037
-0.82249105
-0.2811695
0.30805938
0.98624626
-0.92012622
-0.63913962
-0.85064978
-0.9228354
