-1.3379347
-1.0266335
-1.2781121
-1.0202377
-1.1150054
-0.71643658
-0.95170244
-2.8221436
-2.9863104
-0.58157903
-2.8869826
-0.86529251
-1.1880998
-1.483752
-3.4472971
-3.4910567
-2.3632738
-1.5778472
-2.3694299
-1.7338389
-1.8314868
-1.4876169
-2.0480946
-2.1979456
-1.3731269
-1.294944
-2.1273564
-1.3717705
-1.4058512
-0.083541878
0.18111469
-1.1662167
-1.3081185
0.46781809
-0.85672621
-1.1085408
-1.0651813
0.44807913
-0.96252072
-1.1665063
-1.4998844
0.58804078
-1.1330149
-1.2093278
-1.2835018
-1.3084751
-1.4335871
-0.97422109
-0.97575313
-0.94891881
-0.16455404
-0.038585407
-1.3403531
0.73739298
-0.18284281
-0.82508719
0.80492696
-0.93654442
-1.4286762
-1.2466935
-0.96902192
-0.90153151
0.92810501
-1.2969881
-1.3673537
-1.3288028
-1.1369488
-1.4355496
-1.1796004
-1.1344146
-0.27605156
-1.0333676
-1.3014822
-1.3139927
-1.4007215
0.68760631
-0.94450747
1.0122236
-0.92395112
2.0063539
-0.89744899
-1.033601
-0.53565297
-0.39587723
-1.6625399
-1.1155525
-1.153352
-1.1489902
-1.0704837
-1.1903446
-0.65073981
-1.3056837
0.14239811
-0.47370227
-0.56789852
1.6038183
-1.0297777
-0.65026642
-0.93029265
-1.0105358
-1.0281323
-1.0716206
-0.77909346
-1.291363
-1.2013276
-0.52521226
-0.87818573
-0.88110971
-0.55962089
1.1904521
-0.35209116
0.33340406
0.14434193
0.81971585
-0.88295335
-1.0561583
-1.5232821
0.52698838
-1.1273545
-1.3129327
-1.4385616
-1.5575544
-1.0196051
-1.2578117
-1.5818308
1.1854165
-1.1091151
2.6628765
-0.8353719
-1.1001418
-0.63654318
0.90971255
-1.1371038
-0.27003509
-0.40803829
-0.14338694
-1.260823
-0.94282549
-0.90052898
-1.2229644
-1.260584
-0.21952402
-1.3008177
-0.40765542
-1.0183102
-1.0244329
-0.53305322
-1.021717
1.2397775
-1.0242997
0.57302081
-1.0561101
-0.41913191
0.43065341
-0.55492355
0.16654088
-0.25780358
0.11368962
-1.1950208
-1.1473317
0.53686288
-1.2988117
0.080250699
-0.45479453
0.9711606
-0.9893882
-0.31783694
-1.1187347
-1.0184477
-0.85107445
-1.0897774
-0.9795932
-1.4155355
-1.1977607
-0.68071168
-1.1973137
-1.714941
1.1650572
0.52309515
0.35466613
0.29314288
0.55728286
-0.91788282
0.37738825
-0.82506562
-1.317789
-1.2001355
-0.95421178
-1.0684045
-1.9263228
-0.52335858
-0.19652505
-1.0252024
-1.5197276
-2.2013236
-3.009455
-2.1287939
-2.5184356
-1.6041309
-2.928709
-1.9941799
-1.4035304
-2.5227475
-1.3980491
-3.0113268
-0.44488104
-1.284277
-1.5756427
-1.3726329
-2.042762
-1.6078449
-1.7173047
-1.3886277
-1.4466336
-1.3259784
-1.0871553
-1.671322
-1.944217
-1.4198171
-1.4136797
-1.762657
-1.4118643
-1.2561834
-1.4921727
-1.4148244
0.44677265
-0.46905048
0.092314847
0.12132775
0.75931229
-1.3791942
0.71696579
-0.52685514
-1.3225016
-1.5875741
-0.9626227
0.051949241
-0.66406408
1.9166335
-1.020634
0.61966105
-1.6396734
0.8085621
-1.1991319
-1.471204
-1.4351523
-1.2571416
-0.99587362
1.0930339
-0.98091007
1.4145222
-1.0249807
3.0207681
-0.98922405
1.9914053
-0.84541852
0.72975615
-0.26561674
-1.5717437
0.70443417
-1.3538622
0.35530631
-1.0927135
-0.88286302
-1.1705036
-0.91514179
-1.0534501
-1.506374
-1.0739287
-1.2476457
-1.8940506
-1.2316651
0.1286085
-1.0669028
0.42655943
-1.1391963
0.34629341
-1.118432
-1.5942417
-1.088572
-0.78137864
0.38304865
-1.2425271
1.4271448
-0.70297807
1.6078454
-1.0454082
0.7690323
-0.083998884
-1.0188729
-0.31543083
-1.5080508
-1.4880612
-1.5020424
-2.0003405
-1.9321328
-1.5827618
-1.0409474
-1.7923053
-1.5120532
-1.1499484
0.099355939
-0.63415932
0.30100686
0.20186416
-0.85452903
-0.9256077
0.94522082
1.2561818
-0.086805682
-1.4605279
-1.4361941
-1.2074714
-1.1276764
-0.15604178
-1.1487546
1.3672929
-1.1507394
-0.37555862
-1.1423311
-1.8323293
-1.4069205
-1.4981559
-1.0636134
-1.3132473
-1.7705997
-0.75741858
-1.267413
-0.57390831
-1.2647544
-1.3730277
-1.1660431
-1.2789138
-0.66377383
-1.7484846
-2.0940333
-1.6876489
-1.5593568
-1.3149329
-1.4213968
-1.5744699
-1.5483076
-0.28703345
-1.1534138
0.090702401
-0.99073646
0.40781283
-1.0232597
0.75534154
-1.1048714
-1.4421433
-1.2255206
-0.96502763
-0.82815337
-1.2895332
-0.45410863
-0.46044992
-0.039149112
0.39547803
-0.8224319
0.56551258
-0.8544931
-1.6333919
-1.5719847
-1.2445509
-1.3962604
-1.1215669
-1.005285
0.61018175
-0.075746924
0.21326035
-0.92099379
1.0138708
-1.025547
-0.19979847
-0.97899482
-1.116453
-0.062398376
0.27718984
0.3164025
-1.0948782
-1.0947101
-1.1125063
-1.2220926
-1.4736706
-1.1472654
-0.73145636
-1.0964432
-1.2772306
-1.2748935
-1.5586672
-2.4552081
-1.4456101
-1.8936344
-2.2096189
-1.8430597
-1.5475725
-1.4749911
-1.2203473
-1.3606823
-0.73899897
-0.97823646
-1.2481675
-1.0833085
0.066466055
-1.1498453
-1.2261403
-1.0093084
-1.1081518
-1.2180704
-0.95733929
-1.3217796
-1.1093516
-1.0954504
-1.2550159
-1.2027945
-1.174955
1.1070052
-1.1535183
1.5539279
-0.3565135
-0.99853687
-1.310837
1.8048592
-0.11902311
1.2581159
-0.52832382
0.55100903
0.1301368
0.41467836
-1.0179266
0.2704327
-1.2917034
-2.4214994
-0.49736589
-0.87730938
-1.4247345
-1.7823913
-2.9060429
-1.812543
-0.71720023
-1.7639462
-1.2657954
-0.7695891
-1.266671
-1.0559808
-2.300547
-1.2875533
-1.0029725
-0.93030113
-3.2283169
0.35940648
-1.6203898
-0.94685962
-0.63678269
-1.0240318
-1.0078264
-1.5915585
-1.6120361
-0.97837634
-1.0059047
-1.909008
-0.97124668
-0.53777055
-0.87721511
-1.1806431
-0.30605946
-1.5464227
-1.492781
-1.3017878
-1.6069489
-1.4640626
-0.99050854
-0.30877543
-0.85626987
-0.90725943
-1.1180869
-1.4566898
-1.2953826
-1.5980863
-1.5088625
-1.3647853
-1.5266749
-0.94569526
-1.1256898
-0.50729069
-0.89138298
-2.0815797
-1.2604228
-0.99930646
-1.2910478
-1.1174684
-1.1798514
-1.697301
-1.0118813
-1.517196
-1.1100048
-1.5489939
0.13584465
-1.6484695
0.33082297
-1.3303828
-0.60686386
-1.0360567
-0.70978611
-0.95192348
0.68545751
-0.8069985
-1.423951
-0.6529777
-0.99967773
-0.99967773
-1.5683692
-2.0306564
-1.2647565
-0.7533872
-1.3775438
-1.2587639
-0.92349587
0.069343336
-0.99233457
-1.0384948
-1.2717282
-1.1178755
-1.7636564
0.90970062
-1.3737645
-1.3746606
-1.0381922
-0.71103504
-1.1259269
-1.3148545
-1.1280507
-1.0495911
-1.5758395
-0.58988946
-2.3668687
-1.1673308
-1.0244539
-0.86458432
-1.1214665
-0.96706914
-1.6447653
-1.3136852
-1.3476722
-1.4479942
-1.3460735
-0.81494992
-1.6178537
-1.2233236
-1.2640404
-1.571286
-1.7561456
-1.4913202
-1.21483
-1.867469
-1.8642008
-0.84457396
-1.3864529
-1.062953
-2.5481216
-1.126423
0.42991122
-1.0749839
-1.0482848
-1.0107637
-1.3147811
-0.77157027
-1.1159077
-1.27016
-1.0152236
-2.2775356
-1.3623442
-1.5647283
-1.5427613
-1.8389216
-1.3151951
-1.571286
-1.9830848
-1.4790018
-1.0516582
-1.6609925
0.15424256
-1.221359
-0.0080333086
-1.8456942
-0.64620762
-1.781671
-1.1540633
-1.6848697
-1.7304094
-1.1347991
-1.6900928
-0.66835459
-1.7195321
-0.30627119
-0.69153866
-0.20110785
-1.0321734
-2.2284772
-1.6235332
-1.644743
-1.0606146
-1.7974108
-1.807233
-1.1633708
-1.2313126
-1.4214617
-0.31214801
-1.1577252
-0.98940648
-0.84214454
-1.251081
0.14766617
-1.5549297
-0.29511305
-1.2755398
-0.28356595
-1.0578395
-1.5674565
-1.7303959
-1.0877955
-1.1481042
-1.3820646
-1.2052136
-1.631951
-1.7515112
-1.1867041
-2.6185196
-1.1278896
-1.1179064
-1.5998517
-1.0594186
-1.1619516
-0.38691128
-0.71833182
0.049032952
-1.4793986
-1.1941153
0.82051894
-0.75026676
-1.1761443
-1.022729
-1.4018205
-0.87893709
-1.1709815
-0.46337174
-1.3022693
-1.1394216
-0.76646971
-0.96755645
-0.81559513
-1.5444505
-1.652401
0.42900526
-1.1064911
-1.2190722
-0.75062527
-0.38346655
-1.4658014
-1.2212265
-1.299961
-0.72573938
0.7570819
0.41868153
0.52227171
-0.60291389
-0.6755355
-0.71350954
1.3006072
-1.3934889
-1.9279722
-1.0860808
-1.5643304
-1.1246076
-1.7491824
-2.2193454
-1.0969695
-0.85415582
-0.38134737
-0.99840381
-0.071311675
-1.0489672
-1.0421862
-1.2209676
-0.81566942
-1.2115442
1.0090406
-0.64339949
0.84400638
-0.3468917
-1.199494
-0.5844977
-0.87664753
-1.0930842
-0.40546414
-0.83425455
-1.0940181
-1.1114746
-2.2485504
-1.1342902
0.84746319
0.31623117
-0.4467792
-0.86378279
0.5834795
-0.083234065
-0.46596827
-1.0512626
-1.38725
-1.0776757
-1.1771566
-0.93714262
-0.89625671
-1.3270654
-1.8100921
-1.7488371
-0.89755682
-0.97064943
-0.34469781
-0.98888802
1.4458816
-0.53086945
-0.35265297
-1.0812842
-0.86577653
-1.1571675
-2.0387876
-1.2036726
-1.2779078
-1.7898163
-1.2779078
-1.4266513
-1.3333425
-1.312059
-1.0417018
-1.0674969
-1.1234926
-1.2911824
-1.1861642
-0.73275633
-1.2740119
-0.9131469
-1.0112428
-1.0233721
-1.0156362
-1.4033244
0.85505189
-1.5046524
-0.90544098
-2.2404056
-1.6958222
-0.29319939
-0.2604743
-2.9001332
-1.7829959
-2.1411559
-0.81729495
0.014057514
-1.1991177
-0.77693899
-1.903197
-1.4619585
-1.5416592
-0.74129927
-1.1715239
-1.6256176
-1.603575
-1.216368
-1.3358088
-0.65782025
1.8036928
-0.13536684
2.4034929
-1.0420809
0.86605614
-0.54605883
-0.21158513
-0.17897542
-1.1843913
-0.65265667
-1.1272022
-1.1436908
-1.4175143
-1.6280167
-1.4160434
-1.254408
-1.6898648
-1.1892433
-1.3154039
-1.1869796
-2.1020426
-1.3976764
-0.54477319
0.50811284
-0.78744143
1.3160798
-0.6681666
0.21978365
-0.89992769
-0.0035574026
-1.0292301
-1.5097372
-1.3495474
-1.3037443
-1.6457683
1.1496966
-0.4778094
0.74540359
-1.1011563
-0.6417978
-0.37197216
0.29555586
-0.4600139
-0.8424731
-1.1710005
-0.86370973
-1.0874623
-0.99967773
-0.92123024
-1.1789218
-1.4173548
-1.3547399
-1.3949178
-1.7028909
-1.1789218
-1.6988001
-1.1950448
-1.3551625
-1.1512962
-1.1155614
-1.1081346
-1.0375779
-1.2293743
-1.1114273
0.56112336
0.16379246
0.14005323
0.80488249
-1.616089
-0.94681938
-0.7404005
-0.063461876
-0.78953982
1.4602011
-1.1588496
-1.2169352
-1.5394066
-1.1691662
-0.99967773
0.89694539
-1.1428661
-0.087871754
0.71301572
-0.60061223
-0.89297499
-0.081872148
-0.65027516
0.84645698
-0.57281948
-0.6375797
0.20547576
-1.250719
-0.25981259
-1.1087224
-1.2483858
-1.1933229
-1.6739034
-1.5495317
-1.6808124
-1.396757
-1.4797108
-1.1146495
-1.3096692
-1.3311082
-0.94106313
-1.3292481
-1.1489904
-1.1789218
-0.89024295
0.70737051
-0.74547918
1.6757391
-0.53887651
-0.29242203
-0.62761803
-0.12688906
-0.7702573
1.311948
-1.1866113
-0.4894598
-1.5264075
-0.95911067
-1.1944396
1.3152691
-1.3913655
0.57415509
-0.94103389
1.6351521
-0.41297538
0.84925725
-1.036041
-0.16322261
-0.64964754
-1.1567258
-1.1281327
-0.97786407
-1.1154846
0.32062401
-1.0809568
-0.954102
-1.2056614
0.98657735
1.4990954
-0.032015948
1.7293813
-0.2747628
0.64463877
-0.56157648
0.16853164
-0.96518631
-0.56044968
-1.4648328
-0.99881758
-0.59987836
-2.5218962
-0.52048204
-0.5697113
-1.2806135
-1.6153089
-0.40197946
-0.7995715
-1.1150777
-1.4216094
-1.0200644
-0.14670417
-2.1188223
0.34887637
-1.8797647
-0.7394896
-1.9962543
-0.92005615
-0.65903229
-0.83577322
-1.2376879
-0.4568282
-0.79534685
-1.195808
-0.56170599
-0.60051835
-1.7806112
-2.0114012
-1.4036876
-1.5265245
-1.3721908
-0.94143903
-1.4337614
-1.616818
-1.6621931
-0.38668559
-0.56412776
-0.93737788
-1.6343263
-1.697671
-0.48002545
-0.54885694
-1.948543
-1.0113828
0.00050008727
-0.42064249
-1.0542026
-1.6321574
-1.8103754
-1.3583193
-0.93415563
-1.4694573
-0.76408188
-0.91360795
-1.5745775
-1.1501026
-1.1597967
-0.40291258
-1.3939903
-0.58393257
-1.2634829
-0.81993358
-1.3382903
-1.2534555
-1.1600416
-0.92934653
-1.4687404
-0.92523204
-0.86421904
-0.83034363
-0.8587658
-1.2416885
-0.93146501
-1.0557256
-1.1119795
-1.0979462
-0.43111467
-1.0615565
-0.72824908
-1.2753194
-1.0448855
-0.71821405
-0.5303809
-1.3390459
-1.0064868
-1.3674222
-1.1825266
-1.176501
-1.3371316
-0.75012225
-1.2502759
-1.3378591
-1.1962477
-0.84861628
-1.2140063
-0.2253088
-1.2590592
-0.38754966
-0.83455307
-0.96175588
-0.82172002
-0.71518954
-0.72655432
-0.83789019
-1.2889907
-0.73599335
-1.256887
-0.99223276
-1.0067718
-0.93167397
-1.5016151
-0.82868072
-0.94429524
-0.99895751
-0.68388307
-1.2989949
-0.79157675
-0.67415575
-1.0260011
-0.76149999
-0.13598635
-0.38456657
-0.88298782
-1.3294748
-1.0668618
-1.0673234
-0.98187218
-1.0094031
-0.5374223
-1.3445701
-0.76378536
-0.53377783
-1.2644008
-1.1303239
-1.3637643
-1.5191773
-0.78963579
-0.75359267
-0.64755265
-0.82897856
-0.75472289
-0.97941412
-0.9028807
-1.287498
-0.75252184
-1.0159134
-1.2114944
-1.1499144
-0.4461764
-1.130624
-1.1517485
-0.66753701
-1.533214
-0.6941876
-1.0621169
-1.0129801
-1.0723733
-0.81073586
-0.60620758
-1.1877806
-0.90323837
-0.57555844
-0.8898958
-0.85507645
-0.54031748
-0.80783629
-1.2119243
-0.85750339
-0.88448536
-1.1872987
-0.39978761
-1.4051581
-0.9763796
-0.79417665
-0.92754074
-0.96639252
-0.71479257
-1.3882579
-0.92973369
-1.5278961
-1.1930189
-1.0065483
-0.9558019
-1.1506251
-0.35356468
-1.37742
-0.57866787
-1.098424
-1.2238621
-0.96315912
-0.98417074
-0.46369558
-1.0105609
-1.0636733
-1.0075696
-0.45746682
-0.62523248
-0.69647032
-1.1336494
-1.1249524
-1.1604838
-0.70433534
-1.0847737
-0.94781864
-0.56343413
-0.48068912
-1.4666237
-0.65117583
-0.33968935
-1.4711633
-0.88109853
-1.1751536
-1.2057863
-1.1007629
-0.46917999
-1.346017
-0.61147918
-1.6618815
-0.62263014
-1.2603758
-1.3304339
-1.0874906
-0.75140472
-1.3057098
-1.052587
-1.0104734
-1.548354
-0.48915905
-1.327666
-0.94762561
-1.2686947
-1.1993143
-1.3452172
-0.75216302
-1.5543762
-1.1132515
-1.4337586
-0.75127972
-0.80360268
-0.64437552
-1.2280696
-0.28378421
-1.3997336
-0.14757032
-0.59697162
-1.1091868
-1.2390388
-1.3140766
-1.4315709
-0.83856373
-0.97565377
-0.83450929
-0.71041858
-0.47534303
-1.3349799
-1.1915963
-0.96445273
-0.95890063
-1.2656918
-1.0526569
-1.0728524
-0.61393979
-1.2291853
-1.3358735
-0.018334996
-1.0947143
-0.52113559
-1.1564648
-0.97588603
-0.8271299
-0.89316753
-0.94660263
-0.98008968
-1.3433462
-0.9248006
-1.2968306
-1.1037547
-1.2352811
-0.91794674
-1.1474764
-0.36975686
-1.0984844
-1.0497657
-0.80065743
-1.148525
-0.61361469
-1.1130661
-1.063524
-1.0374508
-0.46295161
-0.81600661
-0.76805111
-1.6134228
-0.39713752
-0.99937262
-1.2955314
-0.75299332
-0.94049132
-1.3307473
-0.12842028
-1.1147162
-1.1683311
-0.29347587
-1.1855305
-0.79429789
-1.22175
-1.0738394
-0.72337748
-1.1236311
-1.253154
-0.72437276
-1.1632637
-1.1788434
-1.3837546
-1.0395687
-0.94373549
-0.8549475
-0.93150691
-0.082109343
-1.3407167
-1.3126014
-0.7723184
-0.99285486
-1.3906145
-1.06239
-0.83478275
-0.74167976
-0.54098956
-1.5079145
-0.8758764
-1.2307938
-1.1095089
-1.1203777
-1.0990375
-0.82208673
-1.102286
-1.3906197
-1.051994
-0.25311157
-1.0497497
-0.98999453
-1.0784866
-1.2649885
-1.1433652
-0.77453427
-0.60301399
-0.76958915
-1.5313341
-0.7409985
-1.2370592
-1.1636712
-1.1741549
-0.73759403
-1.6683987
-0.48898679
-1.1345746
-1.2496767
-0.35156411
-1.4970668
-1.0101388
-0.97313626
-1.0750345
-1.1499785
-0.82502184
-1.0712133
-0.6597548
-1.1964484
-0.56888557
-1.0500046
-1.3458429
-1.5682894
-0.64944494
-1.3120748
-0.63742454
-1.0487856
-1.4068267
-1.194291
-1.465104
-1.4076871
-1.1965831
-1.015121
-1.1277707
-1.0503125
-0.97271554
-0.6070902
-1.5804757
-1.3792744
-1.1810637
-1.2457562
-1.566159
-1.2108158
-1.5670571
-1.0882583
-1.2706769
-1.1281075
-0.97670636
-1.241265
-0.80752789
-1.4624946
-1.4260182
-0.9892616
-0.8955424
-1.3378878
-0.90814564
-1.2705295
-1.0388854
-1.3051609
-1.7222056
-1.2250893
-0.44857956
-1.3772623
-1.6504019
-1.9842752
-1.2706769
-0.14911523
-1.1484196
-1.1788647
-1.0331372
-1.1378048
-1.1992099
-0.74385962
-1.0509051
-1.2232092
-1.4303663
-1.2462327
-1.1236024
-1.0174784
-1.2179155
-1.2314765
-1.8528232
-0.82110606
-1.1200704
-1.1314485
-0.82006912
-1.0869291
-0.68180397
-0.78745811
-1.1017799
-0.99195072
-1.0918075
-0.93227503
-0.73905618
-1.6043863
-1.0135477
-1.0264297
-1.2919511
-1.0638819
-1.027136
-1.0261597
-0.056125761
-1.1726461
-1.3310914
-0.87747822
-1.6967358
-1.476682
-1.0201564
-1.1231647
-1.4936634
-1.4259532
-0.92431808
-0.51317454
-0.68583375
-1.1132936
-1.1839878
-1.0935404
-1.0507297
-1.289178
-1.2567425
-1.4898222
-1.0763302
-0.51987888
-1.1090815
-0.96832507
-1.61189
-0.80749319
-1.1074801
-0.52821317
-1.4096153
-0.9700018
-1.3900723
-0.72270243
-1.0513549
-0.83444611
-1.1765909
-1.0840726
-1.4486337
-1.3726714
-1.4719844
-1.5953876
-0.95498242
-1.0479808
-1.6767656
-1.7802149
-0.94299714
-0.88519249
-1.0164118
-1.0669484
-1.4105469
-1.0263365
-1.3825779
-1.2283038
-1.1458123
-0.88847785
-0.55822453
-1.5473234
-1.0320714
-0.94333477
-0.9034507
-1.3511345
-1.1343717
-1.2688794
-0.61640156
-0.64031862
-0.81388497
-1.2586749
-1.101218
-0.87266252
-1.18307
-0.99808159
-1.2860197
-1.0775479
-0.8017052
-1.4411749
-0.88834213
-0.97198695
-0.88718713
-1.2945934
-0.89796029
-1.2425169
-0.99532094
-1.0997259
-1.0774677
-0.97639756
-1.3739481
-1.3966376
-1.2012123
-0.84430498
-0.48378586
-0.97704485
-1.111838
-0.7275607
-1.1222129
-1.278064
-0.96942017
-1.0740749
-0.99111091
-1.2951827
-1.1714144
-1.1535717
-1.047578
-1.1584732
-0.92087761
-1.4539667
-0.73511594
-1.0765674
-1.1279834
-1.2366233
-0.79302357
-1.1937498
-0.78623591
-1.053786
-0.97708219
-1.0006877
-0.72163895
-0.98907557
-1.3559155
-0.96678435
-1.0898642
-0.77392768
-1.4986308
-0.80996646
-1.4718567
-0.54813009
-0.81958619
-0.92737821
-1.0471087
-0.57744362
-1.1648183
-1.00533
-1.1331384
-1.2962077
-0.6689568
-0.93904358
-0.63822001
-1.1389223
-1.0678259
-1.0666992
-1.0467734
-0.94518118
-0.98346766
-1.1423299
-0.94721971
-1.3069367
-1.0716526
-1.1596501
-0.55259354
-1.202433
-0.14504272
-1.1244398
-1.0905303
-0.80619774
-1.0857982
-1.1941241
-1.1959778
-1.0828744
-1.1300588
-0.51992173
-0.83596622
-0.84194091
-1.6115882
-0.71955999
-1.2754057
-1.0157727
-1.0112508
-0.75311282
-0.79495327
-0.92230717
-1.1704646
-1.1628659
-0.89490869
-1.0418705
-1.2068631
-0.85453892
-1.1286759
-0.83095835
-0.69885731
-1.2206389
-0.70033888
-1.2287321
-1.2592297
-1.0190823
-1.3148735
-0.89353653
-1.1006186
-0.86018153
-0.92240047
-1.3436258
-1.1495722
-1.5363093
-0.93984701
-1.0987616
-1.2903888
-0.81926753
-1.2820635
-0.89950165
-1.1357508
-0.78752765
-1.3682687
-1.4552428
-0.92981821
-1.2749847
-0.67636596
-1.2758333
-1.1236204
-0.59249239
-1.3420667
-0.93591315
-1.2414064
-0.93632584
-0.92331833
-0.74507213
-1.3432926
-0.73555601
-1.3365109
-1.2127268
-1.2084071
-0.81383078
-1.3067816
-1.0883871
-1.0428019
-0.98248147
-1.1681511
-1.272028
-1.0283412
-0.95456195
-1.269832
-1.2170206
-0.87408537
-0.99838621
-0.52853853
-0.58692177
-0.72269909
-1.2763195
-0.033539742
-1.0455659
-1.0721144
-0.98238691
-1.3381451
-1.1384768
-0.98502264
-0.85237553
-0.91595524
-1.0670694
-1.126482
-0.92438307
-0.77632821
-0.91405511
-1.1363778
-1.4075464
-1.3145126
-1.145966
-0.97686292
-0.96409459
-0.8740516
-1.1738221
-1.0783254
-0.53104594
-0.98749526
-1.2364439
-1.5336967
-1.0531345
-0.88704097
-0.45973508
-1.3472744
-1.0184643
-1.0573884
-0.86366768
-1.3071256
-1.0469139
-1.3346466
-1.1414129
-1.5061724
0.22668521
-1.3132495
-0.88570782
-1.4754519
-0.69183707
-1.1041522
-1.1597234
-1.3945077
-0.73654214
-1.3277774
-0.86781505
-0.99740002
-1.0263266
-1.0122047
-1.1633012
-1.1744495
-0.81041306
-1.0969785
0.061458661
-1.2943498
-0.48333693
-0.69013946
-0.75921195
-1.1179587
-1.0254989
-1.3281812
-1.2448357
-1.07096
-0.75023423
-1.2021521
-0.88917538
-1.1697069
-0.95671062
-1.2669959
-0.78325566
-0.91794429
-0.88855483
-0.84428949
-0.98531932
-0.55248935
-1.1331377
-1.1717222
-0.87654075
-1.4857527
-0.80068191
-1.8670953
-1.0845764
-1.3751126
-1.2350603
-1.4020532
-1.3355869
-1.1647085
-1.4716172
-1.3291456
-1.1774696
-1.4411071
-0.99328179
-1.0920376
-1.3861883
-1.2887432
-1.3076517
-1.1472205
-1.1576979
-1.5228376
-1.0203495
-0.96935863
-1.0828581
-1.3473195
-1.193153
-1.4521173
-1.6418418
-1.480329
-0.78469409
-1.0672606
-1.267047
-1.1039377
-1.0843906
-1.5395484
-0.88755732
-0.69984685
-1.3128177
-1.3071594
-1.2775225
-0.70211823
-1.0244138
-0.83501511
-1.4275581
-1.0574742
-1.2831744
-0.47954116
-1.2559975
-0.80379691
-1.9130551
-1.3864437
-0.90287388
-1.2414004
-1.2706769
-1.1320375
-1.932708
-1.6039461
-1.3618957
-1.0621112
-0.98815119
-1.4059162
-1.1941777
-0.81960573
-1.1083452
-0.6131332
-1.5300872
-1.3250033
-1.4708392
-0.56336912
-1.2572219
-1.631193
-1.4471775
-1.4606672
-1.404773
-1.5541327
-2.2182837
-1.2706769
-1.7259524
-1.4073723
-1.3037716
-0.98500495
-1.2706769
-1.1834793
-1.1408708
-1.1429224
-1.5180435
-1.0517709
-1.4841264
-1.3746891
-0.64506368
-0.77334278
-1.0673587
-1.4529291
-1.345674
-0.27332769
-1.1618716
-0.67107802
-1.2263521
-1.0050126
-1.9695334
-1.0420858
-1.2706769
-1.5058157
-0.92127006
-1.3639176
-1.5069766
-1.260535
-0.88901421
-1.8852918
-0.56027209
-1.2658348
-1.1195386
-0.24834
-1.1261957
-1.7065638
-1.4095811
-1.2777053
-1.5845606
-1.5310948
-1.4156652
-1.1908063
-1.4579741
-0.74639893
-1.5190643
-1.3958436
-1.2706769
-1.8920057
-1.3618957
-1.4638063
-1.6611631
-1.4239817
-1.1747888
-1.5801733
-1.336203
-1.1923462
-1.1298247
-1.4177709
-1.3895658
-1.1660463
-1.3900391
-1.7522905
-1.2126995
-0.92855883
-1.5899931
-1.3680133
-1.5515824
-1.6730795
-1.6577859
-1.6369451
-1.2179219
-1.1715933
-1.4393581
-1.6472008
-1.3604392
-2.0405548
-1.5083855
-1.811539
-1.2962795
-1.1554424
-1.2257722
-1.4696843
-0.62600189
-1.0361956
-1.4463275
0.76285931
-1.2571032
-0.096005029
-1.4349359
-0.9211858
-1.6821837
-1.1344863
-1.5149756
-1.545427
-1.409625
-1.6530943
-1.8882374
-1.6398373
-1.466215
-1.5418829
-1.7345748
-1.6662851
-1.0853893
-1.2321137
-1.9968543
-1.2247313
-1.4256105
-1.0728917
-0.99967773
-1.2383536
-1.3921474
-1.6467924
-1.5114216
-1.3391011
-1.1676772
-1.6810036
-0.76817909
-1.3380958
-1.3854574
-0.93811897
-1.0092427
-1.5348454
-0.92224993
-0.14229383
-1.5504553
-0.77859438
-1.2975419
-1.9393324
-0.70051392
-1.0184988
-0.0038017248
-0.86217082
-0.82370204
-0.93187806
-1.1836486
-0.76023353
-0.14478586
-0.93956657
-1.3538913
-0.99704102
-1.0282549
-1.0964125
-1.3589155
-0.64587272
-0.59714649
-1.3731068
-0.95587848
-0.86667204
-1.4452436
-1.1756581
-1.52488
-1.5269223
-1.2787046
-1.7481731
-1.1721668
-1.5933526
-0.5591491
-0.060242961
1.4699778
-0.63173783
1.9719771
-0.71428317
-0.69605187
-0.4955323
-0.86899023
-0.54725337
-0.7646975
-0.85265081
-1.1863181
-1.0463095
-1.1573277
-1.0980136
-1.0914392
-1.1514055
-1.0983343
-0.85161382
-0.54779535
-1.3438712
-0.68736751
-1.0448097
-0.1941257
-1.2171445
-0.42831962
-0.11017823
0.54808326
0.36063107
-0.69442729
0.53928577
-0.95300258
-0.62425547
-1.0283742
-0.43245153
1.7812089
-1.1336325
-0.68452385
-1.2317438
-1.1440815
-1.152983
-1.4586037
-1.036488
-1.2303696
-1.1081506
0.66291452
-0.29485545
1.7597931
-0.85856434
0.12677167
-0.82755877
1.6699092
-0.17287026
-0.25824582
0.041951266
-1.0339943
-0.54398012
-1.1358109
-0.34333114
-1.04644
-1.3277873
-1.007282
-0.92852591
-0.9942459
-1.1466327
-0.33441872
-1.5424677
-0.41742742
-0.86310539
-0.38456006
-1.1248984
-0.84614611
-0.95273288
-1.4239317
-1.1496871
-0.068564512
0.38575155
0.14523397
0.044982467
-0.94095079
1.3575787
-0.57327678
0.32197813
-0.89669496
0.80646192
-1.2157847
-1.0725443
-1.1657554
-1.4410605
-1.4712278
-1.2694448
-1.3053841
-0.96025475
-1.0609923
-0.27432305
1.0335222
-0.25866727
-1.030643
-0.11433596
-0.069957318
1.9515192
-0.97336978
0.94069742
-0.15072304
-0.66774676
-0.063155876
-1.0667515
-0.64223896
-1.1805196
-0.34759748
-1.0417087
-0.69813308
-1.2051554
-1.0262009
-1.2539312
-1.8565576
-0.57979049
-0.75693584
-1.1699344
-0.064696571
-1.1170575
0.036990153
-1.0577653
-0.34501468
1.0699353
-1.0089094
0.3505695
-0.88637439
0.65792118
-0.73111514
0.5627388
-0.96328132
0.035618442
-1.5127972
0.5329327
-1.3672013
-0.58384486
-0.90323772
-1.2078742
-1.4223308
-1.4249498
-1.3681824
-1.5285993
-1.3363382
-1.0097579
-1.7985582
-1.3776062
-1.7662292
-1.2046173
1.1443419
-0.1323333
-0.60089449
-0.6143875
-1.0008475
-0.41806979
0.17774545
-0.94270864
-0.19812125
-1.4100531
1.014276
-0.17957466
-1.2103793
0.7769592
-1.1201858
-0.9690926
-1.1338107
-1.036174
-0.066071111
-1.0672218
-0.96177209
-1.6909774
-1.2856034
-0.91040732
-0.50708829
-1.3333483
-1.4193299
-1.039585
-1.8217297
-1.1244684
-1.1840956
-1.4668152
-1.2291111
-0.48914006
0.67289377
-0.64563574
-0.076275701
-1.0431034
0.67696504
-0.93737351
1.0638568
-0.95292649
0.45142447
-1.1740818
-0.10196216
-1.1882625
-1.2825651
-1.1213578
-0.96402753
-1.572543
-1.1738853
-1.1129843
-1.283127
-1.3563977
-1.1096045
-1.2671503
-1.4154936
-1.6071839
0.21065062
-0.9868959
-0.61211171
0.34108663
1.0454605
-1.2159917
0.21283263
-0.90783446
1.1125412
-0.4958383
-0.63820382
-0.93326061
-1.6311981
-0.99136959
-1.4983621
-1.9242237
-0.23283696
-0.95715948
-1.0350755
-0.38127487
-1.0584697
-1.3175979
-1.2663736
-1.4979986
-0.94918638
-1.0204594
-1.1791724
-0.93825402
-1.2264206
-1.7860278
-0.86090661
-1.1008565
-1.6143375
1.7176518
-0.94746493
0.028910905
-0.97290004
1.6767891
-0.98070603
0.60699897
-0.70603176
0.3216592
-0.99993222
0.96877589
-0.55781923
-1.0858442
-0.95265828
1.7129356
0.21668496
0.3565232
-0.024262101
-0.1531079
-0.40215082
0.82151627
0.058028329
1.3298743
-0.49020502
-0.51586629
-0.82150689
-1.2999341
-1.2742947
-1.1962947
-0.86013517
-0.78142382
-1.5650134
0.76343284
0.17186701
0.38370177
0.24032633
0.88040916
-0.76396163
-0.035953506
-0.92030542
1.2095835
-0.7288108
-0.42350252
-1.0929841
-1.0650153
-0.9559525
-1.4858927
0.19800873
-1.2438155
-1.1635177
-1.1154227
0.53985388
-1.1610449
-1.4830471
-1.5304514
-1.140707
-1.0186089
-0.14574704
0.45325888
-1.5542144
-1.5023452
-1.0045825
-1.4287571
-0.98342628
-0.37469257
-2.1774709
-0.36143315
-0.84049772
-1.8569045
-1.4884188
-1.0376875
-0.39969669
-2.3735021
-1.6388461
-0.74913334
-0.81700774
-0.98387077
-1.3396759
-1.1638547
-1.526706
-1.4878494
-1.8144113
-0.66387609
-2.2428155
-3.0141265
-3.5476942
-0.73174299
-0.58246069
-2.1988263
-1.4833141
-2.8783281
-1.9270462
-2.5700124
-1.9349715
-1.7000417
-2.3053834
-1.2059785
-1.3206706
0.43546308
-1.3688731
-0.94303348
-1.0535703
-1.6969851
-1.2669477
-1.1953852
-0.40016483
-1.4450836
1.1939555
-0.79815362
-1.2970402
-0.94616252
-1.1744254
-1.0352448
-1.5611356
-0.8775425
-0.44337133
-1.0132157
-0.8189331
-0.94289171
-1.4220418
-0.70600373
-0.7469765
-1.7169779
-0.84366588
-1.3387149
-0.41244329
-1.3388439
-0.72723222
-1.3636503
-0.3460274
-1.1484034
-1.1032984
-0.99884914
-1.1271417
-1.3569857
-0.85334249
-1.7055654
-1.1818828
-0.58887224
-1.2234129
-0.96693216
-1.1464781
-0.40851303
-1.047382
-1.5693463
-1.4116118
-1.0088115
-0.96018052
-0.92452845
-1.6482622
-1.2712805
-1.0698762
-0.95126028
-1.218288
-0.55008989
-1.8829193
-0.49929521
-1.0186793
-0.59008666
-0.10803109
-1.2079132
-1.1433329
-0.36326265
-0.69298585
-0.85603923
-0.78568689
-0.10892457
-0.81335081
-1.2429775
-0.66464772
-1.0538291
-1.6950546
-1.6898762
-1.9850585
-1.1417142
-0.857077
-0.93478377
-1.7632753
-1.2245766
-0.85779194
-0.74370586
-1.0065371
-0.87628011
-0.96752385
-1.2475593
-1.2778119
-1.0255225
-0.49871388
-0.91924895
-1.4806183
-1.0987518
-1.025586
-1.1042718
-1.1891391
-1.2095855
-1.1821493
-1.3906954
-1.5194362
-0.97216209
-1.2966079
-1.0239682
-0.3452339
-1.2175929
-0.99371603
-1.1370432
-0.97673507
-0.95317816
-0.69672836
-1.6499206
-0.77273658
-0.94884998
-0.97952969
-1.2311247
-1.113396
-2.4729546
-1.4869511
-1.1887375
-1.7239514
-1.7927951
-1.1207186
-1.6134965
-1.386826
-1.529902
-1.519408
-1.3676309
-0.91869226
-1.2000847
-1.7460148
-0.60466551
-1.2293167
-1.1280817
-1.3216986
-1.4413257
-1.7710312
-1.3318482
-1.2170551
-1.0607864
-1.4831291
-1.0181191
-0.76642631
-1.0429507
-1.5975564
-0.028456428
0.093317375
-0.22912678
-1.0056791
-0.94309704
-0.91288412
-0.36888601
-0.73387348
-0.77279191
-1.0021399
-1.1694584
0.090628439
-1.1105806
-1.3444897
-1.5905914
-1.7895065
-1.4434445
-1.4026328
-0.89738233
-1.1916169
-1.4963233
-1.2500039
-1.3111254
-0.97893356
-1.3171926
-0.5432664
-1.8983818
-0.91520789
-0.88964457
0.70427523
-1.029222
-0.3292915
-0.83222183
-0.35813898
-1.5587982
-1.3446176
-0.88712233
-1.0475571
-1.6165061
-1.4617242
-1.3240739
-0.78599588
-1.6185728
0.069722041
-1.1998561
-1.430034
-0.72177214
-1.7990774
-1.7227773
-1.1843311
-1.4829783
-1.2564954
-1.725832
-1.2866609
-1.0800205
-1.6830486
-0.62313255
-0.50890685
-1.7356027
-0.57026852
-1.5730206
-1.020998
-1.1619861
-1.2265612
-1.0788231
-0.88914612
-1.0302472
-0.53581174
-0.55832077
0.71156838
0.51903557
-1.0419322
-0.85994235
-1.451971
-1.0023291
-1.1835867
-0.74142677
-0.91597723
-0.32979041
-0.43964902
0.67690345
-0.27111824
-1.1978384
-0.36530004
-1.0221086
0.19622003
-0.68585132
-1.0122593
-1.453655
-1.1856842
-1.8531162
-1.7914297
-1.8882578
-1.4600362
-1.2326058
-1.1922101
-1.2358859
-2.2396305
-0.14084951
-1.8158368
-1.3899459
0.090102476
-1.3714552
-1.6111265
-1.5927287
-1.2834621
-1.2981619
-1.0572632
-1.263847
-0.97555077
-1.1117471
-1.3553324
-1.3282352
-1.0565178
-1.070453
-1.296908
-1.3749912
-1.4122353
-1.232408
-1.6587734
-1.0847244
-0.47414241
-1.2360254
-1.1461286
-1.4389033
-1.0024937
-0.80097681
-1.3053128
-1.6185106
-1.2474838
-1.6208208
-1.2846623
-0.66607426
-1.4521151
-1.4543891
-1.5869025
-1.4791398
-1.3726778
-1.1462187
-1.419112
-1.5408168
-1.0968124
-1.1723982
-1.094936
-1.0890592
-0.95634453
-1.1649084
-0.70375261
-1.2605716
-1.0927765
-0.72210127
-1.3757258
-1.6370439
-1.3264472
-1.0461637
-0.90615661
-0.86311044
-0.0095165177
-1.1882039
-1.3522296
-1.3703811
-1.0383027
-1.0025679
-1.0418226
-0.9456742
-1.2581348
-0.72544687
-0.69994874
-0.78197468
-1.9147174
-0.62527791
-1.0417375
-1.4159704
-1.3401714
-0.76530702
-1.4351678
0.63346402
-0.47667671
-1.5799643
-0.90142396
-0.82230768
-1.3443803
-1.1517696
-1.2352014
-1.1210934
-0.2314612
-1.0627644
-0.73052524
-0.63041874
-1.1007791
-0.76251403
-1.3061138
-1.1042331
-1.2739058
-1.3402308
-1.2496672
-0.80639022
-0.74266704
-0.80583864
-1.0561373
-0.68774336
-0.82275875
-0.75203629
-0.90180017
-1.4080489
-1.9778083
-1.5858139
-0.97676127
-1.1954168
-1.294059
0.024985164
-0.91829033
-1.1412174
-1.5626829
-0.80620665
-1.5474957
-0.52023021
-1.1233595
-1.0186318
-1.7367584
-0.97380562
-0.84940282
-1.2717198
-1.2895583
-0.90031731
-1.5047255
-0.91541659
-0.8973602
-0.68845464
-1.0575815
-1.1487412
-0.60816673
-1.1400291
-1.3570633
-1.3520133
-1.1399814
-1.7467803
-0.98002535
-0.97885207
-1.0144548
-1.1152594
-1.0311819
-0.87767281
-0.28099774
-1.0908274
-1.2204917
-1.3728406
-0.87928527
-1.0891309
-1.204316
-1.0532388
-1.0919508
-1.033477
-1.5549078
-0.93746824
-0.53107385
-1.2324815
-0.61435405
-0.61079025
-1.5535358
-1.4127019
-1.0592461
-1.141413
-1.3732421
-1.5073163
-1.8089001
-1.5661142
-1.0928759
-1.572232
-1.1090985
-1.274428
-0.58646612
-1.2636376
-0.46751133
-0.42429672
-1.5656565
-0.4988721
-1.6558745
-0.98148373
-1.1839213
0.35727464
-1.210822
-0.5490841
-1.0226082
-1.1000584
-0.87344501
-1.2375566
-1.4738188
-1.7465132
-1.4192843
-1.0724777
-0.87688571
-1.8304401
-1.1557279
-0.89532808
-1.2527364
-1.1564231
-1.0782478
-1.4953801
-1.4154123
-1.3833689
-1.9163331
-1.3209652
-1.2104275
-1.0898606
-1.2044784
-1.3571424
-1.0942791
-1.3925378
-0.75524134
-1.3748945
-0.97683918
-1.137405
-1.5385284
-0.9812049
-1.5496195
-1.2490759
-1.5182715
-1.6896238
-1.3624901
-1.8605292
-1.7791806
-1.1699599
-1.45591
-1.260885
-1.2849704
-1.1726266
-1.1294193
-1.1952206
-0.63447608
-1.2860436
-1.5795814
-1.8593902
-1.3118404
-1.3904143
-1.3304162
-1.4341096
-1.4512633
-1.5418012
-1.377896
-1.6861899
-1.2013649
-1.8881948
-1.5189431
-1.5898842
-0.45217788
-1.5604906
-1.4913412
-1.0073567
-1.6260274
-1.2496069
-1.5288653
-1.6160401
-1.3618957
-1.4990374
-1.2408807
-0.47629661
-1.5437524
-1.4637268
-1.2114979
-1.3282057
-0.24478922
-1.133654
0.1796287
-1.3834383
-0.97139242
-1.1723194
-0.85896167
-0.90732306
-1.8037723
-1.1116589
-1.6116754
-0.87046004
-1.5721645
-1.4398775
-1.7725169
-1.1789218
-1.5462827
-1.3365527
-1.6656519
-1.7932408
-1.3335256
-2.1580273
-1.2367165
-0.91927671
-1.4260314
-2.1018345
-1.7280044
-1.4646559
-1.5395653
-1.33719
-1.394684
-2.0145819
-1.4557684
-1.1096014
-1.1293271
-1.920378
-0.96828892
-1.0345406
-0.51449241
-1.4244096
-1.2367939
-1.2174778
-1.711264
-1.3820577
-1.4859724
-1.474236
-1.0321523
-1.1048015
-1.3389798
-1.0507323
-1.0643908
-1.0075794
-1.2382531
-1.4333881
-1.2699824
-1.4013575
-1.1361924
-1.1172178
-1.4080635
-1.4255024
-1.6315586
-1.1135366
-1.2173924
0.67093739
-1.1609208
-1.4769092
-1.5609488
-1.0326315
-0.62360724
-1.2099622
-1.1767905
-0.65368062
-0.99060392
-0.76592842
-1.0094663
-0.062514998
-1.3567376
-1.0743562
-0.75415733
-1.2367538
-0.71681204
-1.0805291
-1.149604
-0.46539477
-1.2768403
0.31724382
-1.1293458
-0.88510365
-0.75400868
-0.89204043
-1.244515
-0.26779944
-1.0396622
-0.62093628
-1.2949206
-0.17199033
-1.0314952
-0.51308778
-1.1215728
-1.2495903
-1.166272
-1.4038638
-0.55390192
-1.0722661
-0.98541009
-1.1501776
-0.93659211
-1.2392022
-1.0105919
-1.6628935
-1.3719651
-1.395435
-0.52296293
-1.666316
-1.4300428
-1.5336879
-1.1789218
-2.0232961
-0.69680936
-1.084405
-1.3911626
-0.99967773
-1.563542
-0.85847041
-1.3133086
-1.0262929
-1.0889212
-1.5754642
-0.75241074
-1.2576064
-1.4458543
-1.1369238
-2.688403
-1.3288516
-1.7777809
-1.3013037
-1.5515722
-0.88186388
-1.4206392
-1.313553
-1.6040509
-1.1202511
-1.2180147
-1.6221126
-1.7933251
-1.8204929
-1.8133534
-0.99967773
-1.0934909
-0.85436277
-1.091184
-1.2260536
-1.0320057
-0.99433748
-1.2134866
-1.5511785
-1.1736201
-1.2114165
-1.3598536
-1.2515332
-0.99967773
-1.3906335
-1.1016675
-0.73819474
-0.91685264
-1.2883111
-1.3118908
-1.5906401
-1.5258585
-0.8903949
-0.90131278
-1.501823
-1.3023386
-0.98737497
-1.6131246
-1.1885535
-1.3556592
-1.1789218
-1.4987029
-1.3972085
-1.1789218
-1.0717048
-1.5789614
-1.0788407
-1.0479454
-0.87737726
-1.1622287
-1.5016457
-1.0974856
-1.5848374
-0.47634134
-1.4213562
-1.571286
-0.87681236
-1.6125951
-1.0853635
-1.2052299
-1.0059453
-1.1639257
-0.85153402
-1.26318
-0.55619804
-1.0174141
-0.016436983
-1.0547244
-1.2574017
-0.95608393
-2.0636081
-1.6170168
-1.8579113
-0.99967773
-1.0740595
-1.3245521
-1.352973
-1.2487149
-1.7657836
-1.2945937
-0.81080222
-1.1311423
-1.2823841
-1.1962048
-1.6935613
-0.066773416
-0.99967773
-1.7321301
-1.5122711
-1.581389
-1.2106617
-1.587205
-1.257029
-1.1789218
-1.2375241
-1.6715321
-0.88048179
-1.0386459
-0.79593398
-1.3298428
-1.5446971
-1.1831177
-0.22832841
-0.85745757
-0.64160553
-1.4004147
-0.35756748
-1.1852635
-0.60832193
-1.1618507
-1.629607
-1.3651161
-1.125462
-1.4559681
-0.63500019
-0.96001567
-1.2865023
-1.2334695
-1.0879057
-1.0690628
-1.1774755
-1.2197251
-1.2118074
-0.98218766
-1.3286041
-1.2154871
-1.4997309
-1.406329
-1.8099644
-1.7337595
-1.4214625
-1.2575256
-1.9318163
-1.163279
-1.2952736
-1.0455222
-1.1789218
-1.8053662
-1.4594674
-1.1391118
-1.0597852
-1.0581851
-1.0596418
-1.4428866
-1.6529863
-1.3414239
-0.88217793
-1.5012695
-0.45385433
-0.996635
-1.0260137
-1.3040861
-1.1624925
-1.364778
-1.5978276
-1.3682524
-1.2911788
-1.5060913
-1.2849335
-1.8179028
-1.2818275
-1.1718393
-1.3594225
-1.6007312
-1.9577146
-0.94487156
-1.1740077
-1.4405307
-1.7313793
-1.5190677
-1.4527871
-1.3650367
-0.96198019
-0.99967773
-0.94431977
-1.4619578
-1.3199543
-0.6298984
-1.3565992
-1.0060071
-1.4751255
-1.6006732
-0.40722262
-1.083197
-1.5437282
-1.3401043
-1.0249132
-0.70587117
-1.5227658
-1.619866
-1.5007497
-1.4328862
-1.680053
-1.4009161
-1.5117398
-0.70217585
-0.8539837
-0.99048462
-1.2037329
-1.327821
-1.4292275
-1.3704433
-1.7221126
-1.3837552
-1.6233388
-0.80953811
-1.2150307
-1.1070421
-0.45703642
-1.2852856
-0.52499197
-1.4543029
-1.4527819
-1.1741101
-1.3187638
-1.213786
-0.98049026
-1.1009083
-1.2541454
-1.3181996
-1.2316429
-1.1789218
-1.4677049
-1.5585914
-1.7127755
-1.1789218
-1.2895995
-1.4854457
-1.0622226
-0.80627349
-1.2857102
-1.1324376
-1.2821027
-1.2904727
-1.5541879
-1.735945
-1.4392596
-1.5981695
-1.6246021
-1.7032614
-1.0156011
-1.5759629
-1.5310948
-1.3307011
-1.2940368
-1.453416
-1.4134063
-1.4240987
-1.4768877
-1.7757087
-1.2756044
-1.6291258
-1.699516
-0.60365005
-1.3364253
-1.4951555
-1.4376069
-1.4038274
-1.467351
-1.6955132
-1.3638141
-1.7798694
-1.4204797
-1.7885302
-1.6571888
-1.3163131
-1.3295367
-1.0996142
-1.4642822
-1.3520349
-1.4503032
-1.4682931
-1.3556603
-1.3546099
-0.67840963
-1.5361854
-1.3532373
-0.13668288
-1.2345712
-1.1995357
-1.7147688
-1.4678964
-1.2727521
-1.4633364
-1.138853
-1.1789218
-1.4892589
-1.4863092
-0.99982242
-1.5392013
-1.6690344
-1.3241654
-1.2831811
-1.7332537
-1.6585098
-1.3923347
-1.5862216
-1.8203021
-1.2238796
-1.6781839
-1.4303181
-1.7774444
-1.5042121
-1.3241654
-1.3560697
-1.5838076
-1.5058541
-1.3005673
-1.3576665
-0.78220347
-1.6488572
-1.4422826
-0.46836089
-1.0308869
-1.0767317
-0.49564215
-1.6893017
-1.6686563
-1.3507041
-1.4019885
-0.68552179
-1.5284118
-1.3653996
-0.99558589
-0.80209459
-1.3500634
-1.6218442
-0.92481744
-0.88645963
-0.81593984
-0.88828754
-1.396317
-1.0359848
-1.0346824
-0.60405489
-1.0969404
-1.1909206
-1.0330758
-1.4134746
-0.92952196
-1.2458377
-1.1696264
-1.0848503
1.5222859
-0.0079509691
1.6002717
-0.54812432
-0.98893325
-1.2870343
-0.11634053
-0.49963941
-1.0914113
-0.50375778
-1.0348069
-0.49864938
-1.0463883
-1.1560222
-1.2907247
-0.71784669
-0.88315059
-0.62119981
-1.2925014
-0.53342118
-0.85335059
0.39569708
0.89212674
0.17222553
0.36285455
-1.0001547
1.9729152
-0.9855343
-0.36800411
-1.4095875
-0.43862838
-1.4092701
-1.1644866
-1.3374778
-1.1084559
0.28121609
-1.2431839
0.62385748
0.10910957
0.83309957
-0.9419888
2.8844355
-0.27398333
2.3444065
-0.32136572
-0.37878623
0.37774663
-1.2444323
0.15947382
-1.1515912
-1.931112
-1.1993192
-0.64627945
-1.0918794
-1.079323
0.56517299
-0.99067917
-0.9398899
-1.118816
-1.2481008
-1.0766157
-0.77527816
0.76058836
0.10163561
1.112199
-0.72300297
-1.055556
0.20908072
-0.18513664
-0.25497958
0.18486526
-1.3992457
-1.6784774
-1.1624598
-1.2343454
-1.0444548
0.89830321
-0.23208229
-0.2143471
-1.0785791
-0.97134374
-1.2533191
1.6134332
-0.68339624
1.1401485
-0.53294879
-0.81011951
-0.36831107
-1.047565
-0.0029765021
-1.1569098
-0.64718745
-1.092744
-0.6602422
-1.4822211
-0.93167877
-0.89976209
-1.3910251
-1.2629882
-1.272728
-0.84062188
-0.79026158
-1.1895661
-0.67831258
-1.0627817
-0.46891654
-0.84806433
-0.13307507
1.980175
0.39297563
2.7308392
-0.36179919
0.88062866
-0.99877654
0.65799706
-0.95905503
0.22272328
-0.99169822
-0.29106892
-1.2188894
-0.34538212
-1.8016197
-1.248914
-1.2509823
0.86093204
-0.19516246
-0.588483
-0.65504246
-1.0053745
-1.0378401
0.98303986
-0.47917526
0.88078012
-0.98070488
1.4147965
0.56191354
-0.52570948
-0.56826969
-1.109512
-0.64141986
-1.3862675
-1.0252098
-1.0075048
-1.109079
-0.97885609
-1.2370829
-0.88393177
-1.2299201
-1.3852065
-1.363226
-1.2718225
-0.2085161
-1.1888497
-0.60512179
-1.1462541
-1.1329753
-1.6195829
-1.2563533
-0.75810699
-0.92848085
-1.4497765
1.261611
-0.87669736
0.33635478
-0.96327549
-0.31425995
-0.86706207
0.23963729
-0.98007775
1.9468242
-0.72966313
-0.70784528
-1.0992625
-0.85018519
-1.3030029
-0.99892882
-1.4191018
-1.3132706
-0.16360715
-1.1567004
-0.84062315
-0.60246771
0.5144954
-0.30641639
1.1362325
-1.0193317
0.51777736
0.078162751
0.59338441
-1.1397903
-0.20234374
-1.0565453
-0.99293314
-1.1924504
-1.354646
-0.63459127
-1.5612852
-1.1276786
-1.0374846
-1.1027123
-1.0441792
-1.0433215
-1.210345
-1.2499885
-1.3073878
-0.88998666
-1.1698693
-1.2641229
-1.0082403
-1.5425305
-1.2338629
-1.1537797
-1.0779917
-1.0864684
-1.1097243
-0.76893125
-0.47827835
3.6832671
-0.95707735
-0.24015303
-0.51048071
1.7605571
-0.9593093
1.6586577
-1.0651396
3.4607101
-0.80428242
-0.22693726
-0.069717704
-1.0639351
-1.0367669
0.57511241
-0.69161738
1.0116405
-0.041386779
1.4915795
-0.99853075
2.4634519
-0.96865372
-0.51411451
0.1084415
-0.93229363
-0.91695777
-1.2751125
-1.1331299
-0.95836792
-1.0649863
-0.63733365
-0.95080985
0.13446876
0.55963745
2.9076481
-0.60122356
1.9331174
-1.180849
0.33892209
-0.89526984
0.98133226
-0.85970825
-0.4232741
-1.3111562
-0.93410248
-0.83639529
-1.3358425
-0.96662084
-1.6037098
-2.7146461
-1.5053949
-2.2803769
-1.0306153
-0.42247671
-0.48304339
-2.3619097
-2.0543266
-1.7868796
-1.613987
-2.0484772
-2.4575564
-1.6757682
-1.5039661
-1.6032448
-1.4764264
-1.2740174
-0.79171851
-1.0752208
-1.3206174
-0.10827347
-1.2079749
-0.44503564
-1.0104098
-1.4069304
-1.0582633
-1.2246648
-0.7732719
0.12429246
-0.95341299
-1.6522006
-0.87920055
-1.0608829
0.71865607
-1.0633598
-0.86229776
-1.3928204
-0.14476645
-0.96399909
-1.1123313
-0.50752224
-1.0894426
-1.0773711
-1.1613256
-0.8261455
-1.0238942
-0.99608705
-0.62149018
-1.4625818
-0.33090151
0.19187792
-1.1325025
-1.3534381
-1.475331
-1.1598331
-1.0001587
-1.2091985
0.34906837
-1.0413401
-1.1052072
-0.65349229
0.63625539
-0.96228063
-0.35171291
-0.56355584
-0.84085891
-0.59030957
-0.96794643
-1.2271663
-0.94405156
-1.2707836
-0.66959294
-1.5983598
-0.80576425
-0.89744673
-0.65944077
-0.89493896
-1.2117126
-1.1359373
-1.3360597
-1.2197817
-1.1589551
-1.0102349
-1.4086473
-1.0228979
0.49924222
-0.89709297
-1.3448877
-0.61772903
-0.5747664
-1.2070453
0.28552143
-1.1119291
-1.4798077
-1.1888153
-1.5561511
-1.1947519
-0.20571997
-1.3554143
1.0113365
-1.3940499
-1.4785405
-0.36184321
0.9851569
-0.87215805
-0.59796383
-1.0082718
-1.2862017
-1.0484622
-0.018898318
-1.2968847
-1.1135287
-1.0162717
-1.5227033
-1.2734706
-1.1073671
-1.2432212
-1.0961762
-1.6006964
-1.1719453
-1.6885048
-1.6199317
-1.2595551
-0.77629549
-0.94891617
-1.2522712
1.284414
-1.3316939
-0.5342565
0.23628113
-0.71875314
-1.3408511
-0.26267804
-0.99819973
-0.032199974
-1.1293781
-1.1132775
-0.98843389
-1.3259855
-1.0762833
-0.81972492
-1.3537411
-0.47109519
-0.75461894
-0.29817944
-0.66599196
-0.91107115
-0.71461859
0.36765155
1.3861033
-1.0928765
-0.84561221
-0.93629111
-1.2037676
-0.99912242
-1.2321944
-1.1845042
-1.162803
-1.0202981
-1.3761031
0.0013152475
-1.5059163
-1.1966357
-0.91490111
-1.0686133
1.9579057
-0.98825062
-0.62994837
-1.1755411
-0.67487954
-1.3189771
-0.10650726
-0.9896539
1.2112579
-0.62367908
-0.62366455
-0.41956214
-1.1561417
-1.0915816
-1.3527074
-0.38711103
0.81137309
-0.57797305
-0.53860398
0.14107383
0.062525519
-0.3360892
-1.3225142
-1.1035524
-1.0765062
-1.0538982
-0.55174314
-1.2163023
-0.61991934
-1.3471165
-0.68367754
-1.3128152
-1.1633168
-1.0506926
-0.64774608
-0.95295686
-1.0772769
0.67231632
-1.2240363
-0.72590892
-1.1333971
-0.87829735
-0.72928099
-0.9808963
0.90388214
0.46534953
-0.051089855
-1.1755454
-0.79608917
-1.0328124
0.45072579
-1.3262644
-1.216442
0.048476372
-0.93639227
-0.71281788
0.27238853
-1.0832771
-1.1013548
0.10752277
-0.82620049
-0.32559127
-0.71008212
-0.91673151
-1.0849074
-1.2542199
-0.88350398
-1.1722016
-0.88080864
-1.2723468
-1.4552665
-1.1993335
-0.89142796
-0.95038296
-1.0603316
-1.9190975
-1.178899
-0.98542208
-0.66423022
-0.65780067
-1.1371912
-1.1942559
-1.014434
-1.3439408
-0.9879209
-0.63917109
-0.2140082
-0.39906504
-1.1524196
1.9076516
-0.9427482
0.084915994
-0.92149216
0.059177616
-1.4654912
-1.0302906
-0.95118944
0.24453434
-0.93113476
-0.9501604
-0.52201757
-0.034934531
-1.0689242
0.040803106
-0.35222704
0.69770513
-1.032153
-1.2195385
-1.1144005
-1.1523837
-0.25095912
-1.0935916
-1.2548503
-1.5619377
-1.2395983
-1.4209303
-0.94836787
-0.73059526
-0.80112589
-0.35589631
0.04217383
-0.58760192
-0.1818785
-0.54099586
-0.92931892
0.89263263
-1.0059572
-0.10050373
-1.4855403
0.025677784
