-1.3892839
-1.0337124
-1.0551426
-1.0767632
-0.82323416
-1.129351
-0.99003713
-0.96547242
-1.0053363
-0.44642916
-0.72045465
-1.5261863
-1.2090055
0.048750136
-0.59819251
0.18465999
-1.3288141
-0.62683889
-0.7747726
-1.2819742
-0.90609433
-0.99299853
-0.90842224
-0.7780454
-1.080522
0.0025378277
-1.0296631
-0.94094341
-1.0279137
-0.8449973
-0.77502071
-0.67789891
0.40017812
-1.0847389
0.2535125
-0.6786835
-0.85039978
-0.90733489
0.63421163
-1.1872282
0.5559465
-0.88778727
-0.28479432
-1.2961037
-1.1956827
-1.1567346
-1.2103505
-1.1541726
-1.1655526
-1.3363336
-1.1483942
-1.0548201
-1.3648809
-1.3802645
-1.3370646
-1.410661
-1.0766135
-1.1131595
-1.0991106
-0.83138297
-0.57733888
-0.86721901
-0.69890001
-1.0205559
-0.25525719
-1.0105108
1.6278197
-0.94562852
-0.53815938
-0.91154098
-0.79108146
-1.0945533
-1.1724107
-0.73496981
-1.0702782
-0.81253426
0.4320547
-0.77242656
-0.53386465
-1.0033515
-0.4885063
-1.0665049
0.099159115
-0.7664033
1.2664027
-0.79669739
0.017495158
-1.3336078
-0.20577337
-0.97232447
-1.2491016
-1.5761844
-0.93568236
-1.2383562
-1.1366034
-1.2273444
-1.3858597
-1.0860819
-1.1637834
-1.3855244
-1.2816164
-1.2691665
-0.99033382
-0.99750017
-0.16380797
0.57901239
0.02239086
-0.85434222
-0.83302613
0.24838442
-1.0710215
-0.52186664
-0.91013622
-1.0956184
0.19209997
-0.89449736
-0.91636594
0.3435669
-1.0370104
-0.73064034
-0.84493177
-0.86996777
-0.6397741
-0.52621609
-0.28492456
-1.0075548
0.34932392
-0.66078889
-0.95648014
-0.60899934
-1.0430965
-1.0647556
0.059746728
-0.99805722
-1.0261303
-1.1828922
-0.24591748
-1.294626
-1.4684821
0.85880237
-0.92341454
-1.4417796
-0.99536119
-0.53040666
-0.46621433
-0.50810488
-1.5638304
-1.0710165
-1.4137914
-0.67868388
0.99606974
-1.3283982
-1.0360229
-0.97488434
-1.1698075
-1.001948
-1.1199529
-1.2187043
0.60129216
-1.0627615
0.0033130311
-0.88376033
-1.0265409
-1.0213516
-1.1508086
-1.4338431
-1.5080191
-1.2378228
-1.2805471
-1.0663965
-0.92994263
-1.2940166
-1.1139245
-1.2664302
0.49786732
-0.92033518
-0.95620282
-1.2623838
-1.0109106
-0.95955221
-1.3416636
-1.3770094
-1.0814096
-1.2275681
-1.4062513
-1.1416778
-1.2732567
-1.4623591
-1.1385931
-1.2275681
-1.3846749
-1.0441383
-1.2597392
-1.1098652
-0.8792035
0.96858721
-0.91309179
-0.82986111
-0.92965001
-1.481396
-1.1870551
-0.49407077
-1.2200619
-1.8553807
-1.2225983
-1.1168112
-0.40421344
-1.0724132
-0.15543291
-0.71830864
0.39681315
-0.7867321
1.4021393
-0.46704148
-1.1408066
-0.85317912
-1.0922329
-1.2488666
-1.0655764
-1.3858587
-1.3990205
-1.1339623
-0.98573272
-1.003662
-1.5168887
-1.2788854
-1.2331234
-0.95763781
-1.1686856
-1.2010275
-1.2892653
-1.1548394
-1.1317237
-1.0800611
-1.2306704
0.55350539
-0.53933597
1.6281948
-0.35843428
1.3099296
-0.91810841
-0.74240083
-1.1810225
-1.0603167
-1.2398684
-1.5497191
0.10429387
-0.72554921
0.95973014
-0.8452822
0.38375889
-0.75507944
-0.48997626
-0.42437955
-0.82648398
-0.33871573
-1.1600662
-1.0734724
-1.2337466
-1.4235869
-1.2101207
-1.4073669
-0.97332665
-1.1851029
-1.3382577
-1.3743371
-1.2996657
-1.2986484
-1.6156111
-1.2974402
-1.2088209
-0.85750852
-1.338347
-1.1001916
-1.0475396
-0.47922634
-1.0071058
-1.3510443
0.91105575
-0.81109524
2.4234367
-0.99161473
-0.75595662
-1.0080594
-0.42070046
-0.836397
-0.045416658
-1.2524931
-0.94060791
-0.56664519
1.6333549
-0.70649065
-0.79943259
-0.68736069
0.057766082
-0.073576205
0.087504146
-0.55902899
-1.0554594
-0.66013078
-1.0773958
-0.85987171
-1.1247533
-1.1337306
-1.5450362
-1.0012196
-0.80174367
-1.5144506
-1.3100284
-0.98528333
-1.1936317
-1.1366421
-1.673463
-1.0286736
-1.0541743
-1.1423783
-0.10041368
-1.0910902
0.13276209
-0.76869187
0.51262978
-0.39914376
0.3889175
-1.1177159
-0.89952487
-1.0385747
-1.1234777
-1.0060701
-1.3995745
-0.71351021
-0.34132932
0.11031829
-0.49741857
-0.88874806
-0.22477344
-1.0040539
-0.84652638
-1.032538
-1.2086565
-1.4883179
-1.0381481
-1.0395634
-1.2152846
-1.0929655
-1.3805745
-1.0046955
-1.2476409
-1.3222727
-1.5039444
-1.1023626
-1.0317314
-1.001183
-1.165657
1.5336908
-0.63912045
0.36888051
-0.5961877
-0.34363903
-1.0286276
-0.32613185
-1.0004799
-0.71386094
-1.1177705
-1.5374052
-0.98695009
-1.1925768
-1.3507858
-0.66250405
-0.28904911
-0.88088183
-0.40555335
-0.51425382
-0.54039589
-0.48557217
-0.28581683
-0.80483568
0.70754874
-0.8363958
0.57688018
-0.55129203
-1.7085036
-1.0375396
-1.2966226
-1.5107092
-1.0373474
-1.0918796
-1.512499
-1.3623661
-1.631364
-1.3604217
-1.3382199
-1.6714835
-1.1028905
-1.4513383
-1.4576965
-1.2472019
-1.7047923
-1.2347336
-1.611431
-1.7207282
-1.3376202
-1.3413523
-1.3195042
-1.4386015
-1.0413806
-1.4480468
-1.1301886
-1.3501047
-1.6295974
-1.1476659
-1.2439784
-1.327015
-1.37947
-0.031385461
-1.3234944
-0.84875757
-0.69850851
0.30141168
-0.38749723
0.098517876
-0.93622086
-0.09925131
-1.1467226
-1.2163384
-0.780713
-1.2029446
-0.36032824
-1.9324737
-1.0927339
-1.3798915
-1.1695438
-0.79789772
-1.3432263
-0.24805317
-1.1999247
-0.96994126
-1.2326791
-1.2110415
-1.2422383
-1.0026519
-1.0860154
-1.3218597
-1.080347
-1.122833
-1.4655682
-1.1672496
-1.377098
-0.9999697
-1.281584
-1.1947255
-0.9999697
-1.3713905
-1.4452656
-1.3789704
-1.5354037
-1.5411078
-1.5544175
-1.1241366
-1.2379889
-1.4074991
-1.5754868
-1.0545113
-1.1523128
-1.3957602
-1.7304684
-0.79911847
-1.2304703
-1.0226136
-0.9999697
-1.284223
-1.1230262
-1.1879748
-1.3828034
-1.1753263
-1.3667041
-1.1140487
-1.0180096
-0.5029642
1.4476692
0.34731432
1.1706474
-1.1042244
-0.30924735
-0.11887918
1.1733135
-1.0690564
-0.59854124
-0.9892698
-1.4729096
-1.4464133
-0.83808164
-1.5099795
1.0395964
-0.79387335
-0.99026672
0.53260488
0.6043437
-0.4938132
1.2537339
-1.0174422
0.87923335
-0.42601591
2.546754
-0.67116371
-0.97182964
-1.2683988
-1.1232482
-0.18306447
-1.1986679
-1.4634735
-1.2924047
-1.4740127
-1.1681299
-1.3498592
-1.2422383
-1.1354748
-0.85974679
-1.43929
-1.6904939
-1.4408053
-1.4918526
-1.8622036
-1.4886896
-1.5866153
-1.4871306
-1.139815
-1.7510772
-1.4697679
-1.2437676
-1.7460373
-1.6316163
-1.5001196
-1.6267117
-1.7207496
-1.551033
-1.664352
-1.3008155
-1.2661308
-1.381654
-1.2834561
-1.3868439
-1.7177858
-1.0729429
-0.80146699
-1.2971516
-1.3611497
-1.0724248
-1.0021629
-0.95056679
-0.85991633
-0.90232987
0.30878456
0.06611602
-0.97023127
-1.3627103
2.2433549
-0.31929477
0.034910156
-0.7382683
-0.5481109
-0.68317255
0.12990904
-1.1709018
0.54731737
-1.1111856
-0.94998146
-1.1609527
0.88538318
-1.1815117
0.72127965
-1.0249236
0.91654122
-0.29692087
0.11468459
-0.96944474
0.01381752
-0.78460866
-1.0781518
0.19577011
-1.1427938
-1.1368001
0.83306382
-1.0526318
-0.9299656
-1.2380448
-0.97175833
-0.12064636
-1.2882529
-1.1795042
-0.60007455
-0.78105419
1.624629
-0.22764423
1.6455504
-0.92962469
0.97441057
-0.99407199
0.64972416
-1.1805754
-1.0987666
-1.2759173
-1.0731134
-1.3755518
-0.9586105
-1.2325019
-1.4698421
-1.1853312
-1.4897876
-1.2267529
-1.6432414
-1.3063942
-1.050879
-1.627481
-0.87352345
-1.2873671
-1.8645399
-1.5622403
-0.91366321
-2.8924499
-0.76191706
-0.7619288
0.17961555
-1.5665866
-1.5375484
-1.8742646
-1.5335817
-1.2391953
-0.75867153
-1.3087885
-2.0205632
-0.81372208
-0.64326127
-1.4292017
-1.8087435
-1.9661571
-1.4366218
-1.6442174
-1.5422389
-1.3129956
-1.6930415
-1.5461415
-1.6080953
-1.4511189
-1.6293445
-1.1194526
-1.4735314
-1.4335784
-0.76707563
-1.3789596
-0.70439596
-1.1805998
-1.1747764
-1.2720495
-1.6001305
-0.90822321
-1.256546
-1.3726904
-0.97804702
-1.2477539
-1.2133008
-0.9355429
-1.152833
-1.4164567
-0.1028907
0.21537406
-1.1108092
-1.2784721
-1.0009229
-1.1521116
-0.35265144
-0.91309734
-0.65803712
-0.36972881
0.98624065
-1.3415948
-1.3176215
-1.3659827
-1.3419146
-0.47877184
-1.0496602
-1.1956559
-1.0622323
-0.80033466
-0.97092163
-1.2571578
-1.0118689
-0.63672335
-1.0010444
-0.84784806
-1.2750422
-0.33407185
-1.4192281
-0.64443315
-1.2276977
-1.1330739
-0.44095755
-1.2203719
-1.0087968
-0.79281942
-1.4898464
-1.1321995
-1.0171119
-1.0265789
-0.96539078
-1.3940105
0.22433746
-0.83730063
2.2671009
-1.4206436
-1.7776555
-1.2615095
-1.6166669
-1.6031381
-0.83831496
-1.027383
0.16593221
-1.3748182
-1.0154064
-1.2221395
-1.3096632
-1.7027881
-1.6390916
-1.3813301
-1.6026663
-1.3681153
-1.4517541
-1.492057
-1.4805106
-1.5540733
-1.7681948
-1.186166
-1.3422823
-0.83766462
-1.391111
-1.1580945
-1.2456573
-1.1292509
-1.3518585
-1.3339933
-0.47383495
-1.1689132
-0.83890479
-1.454253
-1.1099741
-1.175667
-1.4834933
-1.393541
-0.96022184
-1.146659
-0.98812826
-1.394352
-1.049302
-1.1350475
-1.259693
0.16723465
-0.43894743
-1.5477185
-1.0802553
-1.2221787
-1.2183895
-1.0614786
-0.91863058
-1.0863382
-1.064195
-1.9117797
-0.99479773
-1.0573711
-1.1534275
-0.65213371
-0.83552552
-0.66361291
-1.0020772
-0.4988502
-1.6176136
-0.95303014
0.40128293
0.64371533
-1.0577359
-0.89627494
-1.2268691
-1.161182
-1.0200383
-1.2873194
-0.95331219
-0.74732059
-0.98649162
-1.4174519
-1.0665037
-1.504978
-0.68299588
-1.2685715
-0.98347145
-0.27684759
-1.3909004
-1.1460692
-1.2815491
-0.86217097
-1.2138046
-0.63340673
-0.87088906
-0.73602346
-0.091578793
-0.9142538
-0.64081424
-0.74385919
-0.97498903
-1.4122707
-0.63755555
-0.9269546
-0.80532994
-1.1738304
-0.95396797
-0.91003955
-0.84930558
-1.119759
-0.91625944
-1.2542778
-1.4834046
-1.1010197
-1.1735015
0.21208976
-0.86464656
-0.93754779
-1.0733967
0.053747813
-0.9931289
-0.59692372
-0.78391349
-0.73529577
-0.71568037
-0.85471566
-0.38743458
-0.98094224
-1.0839519
-0.88153746
-1.6325097
-1.0847562
-0.63022063
-0.29364016
-1.2438068
-0.97240748
-1.397124
-1.114046
-0.93001593
-0.81151059
-1.3173081
-1.2067025
-1.2281528
-1.013771
-1.2420596
-0.23564969
-0.68129646
-1.2112167
-1.0562002
-0.40756453
-1.791922
-0.26111585
-0.85036364
-1.2981583
-0.76947825
-0.98703738
-0.84786172
-0.87390588
-0.97926634
-1.1200908
-1.0527037
-1.1081105
-1.1681497
-0.99090328
0.006773179
-1.052429
-1.1708767
-1.1131812
-1.1090907
-1.1678522
-1.284198
0.14390038
-0.14956005
2.6023843
-1.4441393
0.21487032
-0.75772566
1.2693077
-0.33523887
1.1337884
-0.96040229
-0.90037054
-1.1057109
-1.2867316
-1.1147853
-0.81400106
-1.4176375
-1.2428863
-0.089396772
0.15306755
0.38261274
-0.12273468
1.3584495
0.79813461
0.79813659
-0.94794483
-0.92489278
-1.1242
-1.151379
1.0173682
-1.0760987
2.9104752
0.015148482
3.5214206
-0.22563779
2.0234788
-0.7910019
-0.43167807
-0.86079931
-1.1650279
-0.93253802
-1.163758
-1.133594
-0.58848258
-1.081501
-1.522227
-0.73862334
-1.069401
-1.1494029
-0.99680648
-1.2541134
-1.5239774
-1.3209202
-1.3426409
-1.4656488
-1.1571624
-1.633906
-1.4777458
-1.3375364
-1.3651798
-1.378736
-1.3549448
-1.462661
-1.4855683
-1.3285088
-1.3132718
-1.6042631
-1.4874955
-1.3533776
-1.3829743
-1.6776558
-1.2649919
-1.4781801
-1.0401342
-1.2069975
-0.93729849
-0.82623787
-1.4319879
-0.77253129
-1.2214033
-1.4978286
-1.0902981
-1.5287591
-1.1393108
-0.62726309
1.6536527
-1.56459
2.7616384
-0.9474946
1.7243182
-0.91577417
1.1769926
-1.3330128
-0.75432749
-1.5403998
-1.309583
-0.77391054
-0.87801874
-0.9866659
0.15090881
-0.33460714
-0.40257681
-0.34143027
2.2147645
-1.1068724
-0.89603204
-0.64146079
-1.2340145
-1.1535866
-1.1282643
-1.187243
-1.2421076
-1.2489978
-1.314067
-1.5766873
-1.1966872
-1.7696138
-1.2219336
-1.3216311
-1.7022421
-1.5999412
-1.5779544
-1.293496
-1.4454539
-1.696772
-1.3478733
-1.1969447
-1.3655039
-1.4641583
-1.207815
-1.2083963
-0.98638696
-1.3218759
-1.5334483
-1.5490941
-0.93690502
-1.0776901
-0.99533929
-0.95430507
-0.73655959
-1.1626803
-0.93959869
1.1753489
-0.52849465
1.4931545
-0.84396594
1.3708309
-1.1797093
-0.48149142
-1.1947313
-0.9654584
-1.277268
-0.96190948
-1.2123653
-1.0581352
1.1086261
0.19085755
-1.0324573
1.1902999
-1.2847516
0.71057519
-0.46467364
2.3657848
-0.71620912
0.70525353
-0.076587997
-1.19103
-0.99190111
-1.110377
-0.89210037
-1.0992062
-1.0498265
-1.100834
-1.2575501
-1.2370929
-1.7562727
-1.5904551
-1.6502061
-1.3084555
-1.5865625
-1.6249225
-1.325401
-1.1468378
-0.8613845
-1.1664263
-1.1925959
-0.85639992
-1.2226396
-1.3382867
-1.0650979
-1.3830513
-1.1268035
-0.82749096
-0.62709944
-0.84657354
2.3626276
-1.0164669
0.13840055
-0.64550829
-1.0292737
-0.9177926
-0.69305788
-1.2931671
-0.32983238
-0.87217872
-0.70278496
-1.2214629
-1.4285109
-0.98809197
-0.46935609
-1.2319611
0.86654562
-1.1863452
1.4753064
-1.0093808
0.30520092
-0.85241358
1.7995367
-0.94752276
1.3064712
-0.99049409
-0.82920176
-0.93451806
-1.0804726
-0.9684002
-1.0250326
-1.3785584
-1.3166865
-0.96495179
-1.7429466
-0.86908453
-1.6227379
-1.8820052
-1.670395
-1.1880496
-0.91724552
-0.98934431
-1.1937495
-1.0966214
-1.4132727
-0.43564755
-0.95375703
-0.91168174
-0.97664689
-0.85933239
-0.30314878
-0.41630968
3.4665745
0.08931678
0.0043767696
-1.0198316
-0.88849371
-1.074429
0.86601937
-0.99507163
-0.080447427
-1.2777274
-1.3046552
-1.4684487
0.48478193
-0.8218253
0.78883622
-1.3267284
-0.091539558
-0.93399295
0.77561697
-1.0016989
1.1886773
-1.0733504
-0.91222078
0.11872013
-1.1511211
-1.0239392
-1.0994372
-1.4178781
-1.1568829
-1.3781348
-1.5742912
-1.5324568
-1.622006
-1.9189917
-1.4571925
-1.2386453
-1.6172463
-1.6577682
-1.5283562
-1.3044261
-1.5148965
-1.3860674
-1.49784
-1.7675385
-1.6138617
-1.4993375
-1.4434194
-1.2467116
-1.2677501
-1.8100037
-1.370061
-1.4812123
-1.4330665
-1.2727817
-1.5975781
-1.3956866
-1.3766995
-1.5539089
-1.4308752
-1.7067403
-1.7025083
-1.5955562
-1.4091188
-1.2495473
-1.0493649
-1.0964495
-1.3593875
-1.5448761
-1.1367616
-1.1574045
-1.113694
-0.61747325
-1.0876348
-1.1676727
1.4184485
-1.0465779
-0.88584539
-0.45929307
1.9074694
-0.15201226
1.1218077
-0.84396899
1.6529285
-1.19836
-0.069457626
-1.7150842
-1.2743325
-0.98803305
-1.0262225
-0.50060296
-0.59616465
1.4439239
-0.1681568
0.50773117
-1.0328256
1.0011719
-1.1364271
-1.1436318
0.0019337423
-0.31403104
-1.0221014
-0.96634597
-1.0201968
-1.3227626
-0.49745062
-0.85138889
-0.98325518
-1.0142814
-0.72044918
-1.6036115
-0.89870821
-1.3337186
-0.97029523
-0.79197452
-1.4368695
-1.5078038
-1.4100746
-0.95725217
-1.8989827
-1.6876327
-1.1689168
-1.3479153
-0.69919945
-1.2311558
-1.2023679
-1.1612934
-1.0858572
-1.08571
-0.79168599
-1.1644323
-0.62717053
-1.208636
-0.24279941
0.15382473
-0.9565146
1.6843197
-0.90899441
0.97900185
-0.69719745
0.49983968
-0.91953886
-0.84830911
-1.1609809
-1.1780932
0.05832057
-0.063469776
-1.4712845
-1.3108314
-1.1510852
-0.93240279
-0.91828824
1.6171514
-0.49948733
1.267704
-1.1417981
1.1666427
-0.82122065
2.5113082
-0.85136588
-1.137864
-0.99430633
-1.0559282
-1.2663181
-1.0076061
-0.9723952
-1.1317886
-1.0323594
-0.85533098
-1.1891281
-1.0832441
-0.92367725
-1.554432
-1.4837736
-1.344504
-1.5256797
-1.5328505
-1.5867265
-1.8928296
-1.6210222
-1.3970501
-1.6061938
-1.7672992
-2.0500231
-1.4458577
-1.3708738
-1.5087747
-1.4898168
-0.56688259
-0.22113981
-1.1796749
-0.98296282
-1.6746404
-1.3700901
-1.4337243
-0.71175007
-1.0882913
-1.4001783
-0.75098852
-1.0051439
2.5880292
-0.96989013
1.7794423
-0.31114964
0.82876824
-0.71295287
0.39785802
-1.0759173
-0.83240219
-1.2545593
-1.4521659
2.5470906
-1.3219893
1.4866732
-0.98334471
1.7767624
-0.79704771
1.2945714
-0.56731816
0.0084959746
-0.99166629
-1.275822
-0.95028612
-1.0738159
-1.0547573
-1.0182385
-1.5578077
-1.4277666
-1.1863718
-1.2310928
-1.1414249
-1.7930442
-1.5492228
-1.9005516
-1.3864396
-1.2843791
-1.3597904
-1.5356461
-1.5168456
-1.5792384
-1.4787019
-1.4249196
-1.4799454
-1.4314763
-1.4453274
-1.6565571
-1.5798055
-1.3330685
-1.6392124
-1.6628052
-1.3555573
-1.1897814
-1.4257974
-1.3699363
-1.4698363
-1.6353056
-1.624004
-1.4510638
-1.3003317
-1.6541607
-1.5779479
-1.5262534
-2.0461861
-1.6732616
-1.587241
-1.6771154
-1.4934641
-1.4649981
-1.0024284
-1.3954664
-1.6119149
-1.7419877
-0.8793647
-1.6565276
-2.0724645
-0.47926049
-0.88505467
-0.93219649
-0.78328576
3.3963342
-0.9899511
1.2575067
-1.0284855
0.45539945
-0.8991987
0.94471602
-1.0100317
0.24939037
-0.5912997
-1.0637274
-1.1488503
-0.95431677
-0.51574056
-0.94302762
0.77370507
-1.0302493
0.26517767
-0.87744918
2.0533185
-0.73711696
0.95757818
-1.1485565
-1.3567272
-1.0075472
-1.3614168
-1.2062502
-1.141516
-1.3409577
-1.3900336
-1.3854362
-1.4074175
-1.3352282
-1.2076333
-1.4281377
-1.7733945
-1.5852402
-1.5124515
-1.6111124
-0.94855082
-1.0087746
-0.94158267
-1.3401116
-0.76166566
-1.0500616
-1.0771008
2.0695014
-1.0110728
1.7037436
-0.47363613
1.2633748
-1.0200215
0.56467257
-1.0839376
0.57290053
-0.6540749
-1.2071869
-1.1009192
1.586704
-0.76529742
1.1065978
-0.89631543
2.6258073
-0.56443226
-0.16178196
-1.137586
-0.99287983
0.12226694
-0.89824916
-0.98980574
-1.0297602
-1.2171714
-0.51766882
-0.77081757
-1.1935415
-1.2260867
-0.70894745
-0.85614749
-0.93928379
-1.3368521
-0.95123645
-1.227878
-1.7733352
-1.446344
-1.2616282
-0.43274318
-1.1740751
-0.8194705
-1.0187578
-0.82450841
1.9926358
-0.64701543
3.3580834
0.17960064
2.2863347
-0.50333719
1.3044998
-0.86423194
-1.0229645
-1.3551384
-1.0310847
-1.1736961
-1.1967782
-1.3327731
-0.33206745
-2.0642261
0.41893787
-0.83704495
-0.87456044
-2.7845938
-0.81445195
-2.3966052
-1.2815261
-2.350888
-1.0516524
-1.6205839
-2.1904223
-1.6760592
-1.1134124
-1.5017727
-1.6388178
-1.1554495
-1.1901501
-1.6717101
-1.7593492
-1.5099637
-1.3957531
-1.4699768
-1.4658949
-1.0780342
-1.2507781
-1.1653501
1.2696331
-1.1595658
1.1600609
-0.64051391
-0.070528575
-0.77407478
-0.55552667
-0.90991707
0.43808457
-1.4812729
-1.2233669
-0.81579023
-0.9944561
-0.67306811
-0.85420104
-0.82498049
-1.0931864
-0.48946638
0.85615102
-1.2138148
-1.4119852
-1.2757487
-1.1654405
-1.4206935
-1.2398978
-1.0029961
-0.57151709
-0.86681296
-0.87400906
-1.092166
-1.1808827
0.18725931
-1.138652
-1.6074356
-1.0815104
-1.3810226
-1.1809326
-0.10046287
-0.62077742
0.044389184
-1.1704453
-0.019551868
-0.81644492
1.3120419
-0.85868968
0.35450444
-1.2387425
-0.89275052
-1.522071
-1.2713409
-1.2351423
-1.0376538
-0.7551433
1.041077
-1.1406462
-0.14101206
-0.86177238
-1.2008101
-0.84755005
-1.043027
-0.77734215
-0.4897065
-1.6624409
-0.96655236
-1.4409935
-1.3335927
-0.73811962
-1.3986561
-0.98267947
-1.0102946
-1.0160614
-1.0048895
-0.73667099
0.053639312
-1.2106613
-1.2620718
-1.3109576
-1.1380524
-1.0564408
-1.3583935
-1.2196107
-0.91478808
-1.7986861
-1.0648561
-1.2852344
-0.90168174
-1.3923215
-0.10805174
-1.2054606
-1.1850514
-1.2977004
-1.2698049
-0.74798671
-0.9213851
-0.36478163
-0.23940264
-0.96017508
-0.53402994
2.3891969
-1.2031205
0.60292661
-1.0406698
0.47911443
-0.86962713
0.54567535
-1.5482608
-0.50572533
-0.69055533
-1.3484146
-1.2787331
-0.95451186
-1.2529525
-0.435499
-1.0635106
-0.49177301
-0.85303102
0.85415459
-0.46048259
1.3399074
-0.77940503
0.28583703
-1.0203997
-0.25174163
-0.84355928
-0.99731108
-0.79461954
-1.1289986
-0.68072065
-0.95793069
-1.0751511
-0.59810998
-1.1674975
-1.0901059
-0.65145129
-0.47229673
-1.1095288
-0.98205454
-1.3633902
-1.3114508
-1.4270398
-1.3900546
-1.134799
-1.9075202
-1.5478143
-1.3994012
-1.3981926
-1.1828591
-1.3905273
-1.4051937
-1.3730299
-1.1296521
-0.63006416
-1.2299822
-0.78573227
-0.88928968
-0.80158227
-1.1296079
-0.85045118
-0.48691129
-0.92537787
-0.54196704
-0.38065272
-1.2582112
-0.93078126
-0.73667283
0.23655051
-0.94055861
1.7743969
-1.0411345
0.31655285
-1.1339651
-0.1772271
-1.3102901
-0.96786993
0.086586016
-0.81355842
-0.22225323
-0.71394109
0.72981772
-0.92703197
2.6243684
-0.93614748
1.0525565
-0.55140473
-0.96037581
-0.24659664
-0.67154336
-1.3262605
-1.4806949
-1.1288197
-1.3541989
-1.0988445
-0.83797952
-0.96607324
-0.67470259
-0.74274991
-1.3818252
-0.99273216
-1.0922362
-1.9678008
-1.2233522
-1.8200937
-1.3898723
-1.0727494
-1.1330678
-0.2131515
-1.1302595
-1.4120378
-0.33792485
-1.0054264
1.263306
1.5827845
-0.10162913
1.5507257
-0.76297152
2.3382938
-0.92366005
0.48175141
-0.99490397
0.78228618
-1.6533169
-0.43396001
-1.0187302
-1.1381297
-0.77699592
0.49590028
-0.79384501
0.69103487
-0.68190992
1.1723304
-0.12818749
1.6990669
-0.77278291
0.64649886
-0.44076134
-1.007952
0.53913643
-1.7052929
-0.647072
-0.26909575
-1.094343
-0.72399703
-1.1876359
-0.86573414
-1.0037301
-1.105146
-0.55480603
-1.0659765
-1.1273904
-1.3876259
-1.072257
-1.1695393
-1.3040863
-1.3434536
-0.76000944
-1.3223596
-1.242426
-1.6289026
-1.3131306
-1.2063501
-0.694253
-1.212782
-0.90062794
0.825701
-0.83849809
-1.0896329
-0.95637795
-0.52613915
0.13803105
-0.86218296
-0.40933847
0.25582626
1.9314698
-0.43718542
-0.80006027
-1.0327313
0.85204019
-0.56724512
-0.86912284
-1.0553946
-1.1158325
-1.3456914
-1.1036506
-1.2392188
-1.7114987
-0.49949725
-1.2036853
-1.0929687
-1.1083524
-1.5016508
-0.53569358
-0.90848796
-1.1299491
-1.3102158
-1.4070778
-1.8405116
-0.74868864
-1.1354688
-1.7215825
-0.86604858
-1.9083021
-1.5264982
-0.26290776
-0.76466254
-1.381168
-1.0976397
-1.1987737
-1.2193187
-1.0477604
-1.1968136
-1.0477604
-0.9588226
-1.2173098
-1.1495898
-1.2276486
-0.90982783
-0.69452329
-1.2417729
-1.1226186
-1.8839244
-1.166385
-1.2261327
-1.3739261
-1.3929761
-1.5117192
-1.2420439
-1.707499
-1.3755172
-1.0561353
-1.2385298
-1.3816054
-1.1324035
-1.3247144
-1.4337251
-1.1139729
-1.1676042
-1.3439626
-1.1624286
-1.5406336
-0.97979892
-1.1189232
-1.3908972
-1.1144738
-1.3896296
-1.0808758
-1.4529835
-1.2243474
-1.4190626
-1.0030571
-1.5259431
-1.3916685
-1.4452966
-1.2822659
-1.3122315
-1.3541051
-1.8415394
-2.8840249
-2.2627451
-1.9423176
-1.0188669
-1.1680093
-1.5700711
-1.4045644
-1.5305585
-1.2184817
-1.6504776
-1.6068305
-1.3088388
-1.5612924
-1.1166478
-1.2076643
-1.4249487
-1.9192203
-1.3486028
-1.9067636
-1.5349028
-1.1865836
-1.3028208
-1.4798901
-1.2589622
-1.1985276
-1.3766004
-1.5288823
-1.4956961
-1.2043208
-0.76510048
-1.0175182
-1.528347
-1.1433562
-1.2452389
-1.1934247
-0.91016806
-0.93371508
-1.3568775
-1.1527802
-1.5141411
-1.5558166
-1.228264
-1.018744
-1.248688
-1.5556236
-1.0978136
0.015987256
-1.2278323
-1.2862095
-1.0807562
-0.33508543
-1.0154968
-0.86542174
-0.99844061
-1.133415
-1.4302397
-0.94088178
-1.0484234
-0.50058196
-0.9605346
0.35413608
-0.96748844
-0.68144176
-1.3042689
-0.41560719
-1.6645347
-1.3577227
-1.3817851
-1.4408207
-1.5559669
-0.99015112
-0.71307063
-1.3639295
-1.1892487
-0.67137517
-1.4411936
-1.285611
-1.1774076
-1.3085245
-1.300651
-1.3019441
-1.5442235
-1.378666
-1.1055243
-1.6601597
-1.3178041
-1.3053728
-1.3032647
-1.4950572
-1.4408973
-1.4189748
-1.5589796
-1.8046757
-1.5421066
-1.4700416
-1.5307664
-1.5632413
-1.5492832
-1.3466701
-1.5040632
-1.2770408
-1.5137818
-1.5022625
-1.3495703
-1.5040033
-1.2343279
-1.6989255
-1.3150025
-1.4760792
-1.3807525
-1.6516563
-1.4075612
-1.2786838
-1.0470765
-1.3767082
-1.170095
-1.537733
-1.3525183
-1.8581293
-1.3222769
-1.3102915
-1.3488735
-1.3500691
-1.370561
-1.4856269
-1.8104931
-1.3499067
-1.4486335
-1.5645079
-1.2729045
-1.4213207
-1.5150006
-1.3561462
-0.80092879
-0.80842694
-1.2143253
-0.32991459
-0.96794172
-0.170519
-0.11297054
-1.1569026
-0.2376023
-0.31781919
-0.61691668
-0.89779965
-1.5620814
-1.1299558
-1.2536644
-1.2564445
-1.1160252
-1.3054367
-1.234351
-0.39038993
-0.89622484
-1.447652
-1.044753
-0.50632884
-1.1867088
-1.2598713
-1.0310377
-0.99078662
0.65689484
-1.5943412
0.95480188
-1.0571789
-1.6782104
-1.4000351
-1.3074275
-1.613691
-1.444495
-1.4526635
-1.0672802
-1.1979141
-1.7544736
-1.3697219
-1.756083
-1.3113957
-1.6683528
-1.4926348
-1.2778927
-1.3988172
0.4461776
0.21015787
-1.1124633
-1.0451871
-0.21090195
-0.72540992
-1.1272442
-1.1739776
-1.2441594
-0.84004145
-1.0634093
-0.44736873
-0.29628611
-0.96887023
-0.65503581
-0.9237076
0.16455221
-0.78250198
-2.2178649
-1.1325211
-1.4791193
-1.5121827
-1.6940222
-1.1903519
-1.7253552
-1.7130883
-1.2411075
-1.5492228
-1.3274861
-1.3857331
-1.5265738
-1.3922938
-1.4307647
-1.3875862
-1.1684348
-1.360521
-1.535024
-1.548073
-1.3051862
-0.96713317
-1.584324
-1.7794185
-1.5805484
-1.3542267
-1.3948224
-1.4234593
-1.4676981
-1.3412734
-1.4374953
-1.4228888
-1.8644732
-1.5022574
-1.2837054
-1.4727898
-1.8034779
-1.3483599
-1.4140155
-1.7767156
-1.4013563
-1.3378374
-1.4088948
-1.3287213
-0.5847942
-1.5895905
-1.3734295
-0.51102137
-0.7836312
-1.2884137
-1.3051785
-1.3998371
-1.3338065
-1.1657944
-1.4341916
-1.1332305
-0.73204322
-0.97913292
-0.94023422
-1.4706071
0.21643715
-1.322382
-1.102318
-0.7610593
-1.0163135
-0.92999212
-0.94227233
-0.89955717
-1.3243746
-0.82088905
-1.453628
-0.95034659
-1.156224
-1.0929237
-1.1730156
-0.1246855
-0.39834278
-1.0514158
-1.0995423
-0.70009378
-1.1410521
-1.2722528
-1.1058598
-1.1164806
-1.0179836
-1.4212221
-0.89944256
-0.078531732
-1.341319
-1.4746277
-0.96133747
-0.3702027
-0.84809577
-1.0058764
-1.0605835
-1.2858084
-1.3055626
-1.8062374
-1.0532225
-1.2467445
-1.4366168
-1.552788
-1.3501905
-1.3369011
-1.1147632
-0.86620856
-1.6012225
-1.4456129
-1.4797726
-1.5124275
-1.4495757
-1.3348477
-1.4794284
-1.5275959
-1.3588131
-1.6737332
-0.97804645
-1.0999051
-0.8343375
-1.0139089
-1.1809874
-0.81971726
-0.99726355
-1.234813
-0.928303
-1.3464627
-0.78166956
-1.3265831
-1.1012307
-0.5155151
-1.0385087
-1.1806174
-1.3568558
-1.0619476
-1.3383877
-2.1924253
-1.6217991
-1.0358241
-1.0249337
-1.4418706
-1.1840799
-1.6116051
-1.4385534
-1.5329161
-0.46403874
-1.4010764
-1.422796
-1.1973945
-0.99316873
-1.1642307
-1.2378358
-1.3423333
-1.6501533
-0.60529298
-0.96057985
-1.2666786
-1.2160269
-1.49549
-0.85841089
-0.80489084
-0.30842043
-0.65835017
-1.0911057
-0.014815846
-0.66827766
0.0020842247
-0.084092386
-1.0878243
-1.3836585
-0.95302483
0.15301547
-1.2629829
-1.3040798
-1.3955307
-1.0566422
-0.63653629
-0.74624811
-0.9858406
-0.42100156
-0.96516266
-0.29125557
-0.2428393
-0.63255163
-1.4730792
-1.3156547
-1.1612745
-1.8705311
-1.225334
-1.3407165
-1.3478797
-0.34063739
-1.4305826
-1.0803158
-1.5348296
-1.5212523
-1.4999491
-1.0264716
-0.2401425
-0.5346853
-1.107735
-1.3848825
-0.91090608
-1.3568558
-1.3395397
-1.3269809
-1.6566003
-0.94179669
-1.2379808
-0.78455897
-1.1543981
-1.0867083
-0.94179669
-0.87973271
-1.4290359
-0.95867987
-1.3549028
-1.1527898
-0.32440218
-1.2275681
0.072141313
-1.0054236
-0.93336909
-1.2154535
-1.1916933
-1.5450056
-1.4628778
-1.3620753
-0.92509899
-1.4176219
-1.1473038
-1.0844569
-0.2617505
-1.2749178
-1.2640194
-1.3937468
-0.72038361
-1.5028464
-1.0867136
-1.2432308
-0.72276574
-1.1786725
-0.09261282
-1.7224198
-1.0418197
-0.77806051
-1.1515429
-1.1584965
-0.28841809
-0.46939777
-1.0934592
-1.2029893
-1.2607038
-1.0480444
-0.51596707
-1.2355228
-1.4157347
-1.2462857
0.274806
-1.179857
-1.0003092
-1.4053665
-1.1642849
-1.4740392
-1.3618942
-1.0783301
-1.1741245
-0.87651105
-1.4763146
-1.0679502
-1.3360278
0.0087405475
-1.0955037
-1.2136692
-1.0592759
-1.3681714
-1.064302
-0.77897647
-1.5651382
-0.96300294
-1.4482448
-1.1997143
-1.1937612
-1.3284624
-1.4573888
-0.86102003
-0.89318146
-0.72561721
-0.66807928
-0.3677682
-1.2632296
-1.3796299
-0.84283734
-0.61745734
-1.326829
-1.4335789
-1.3283927
-1.3120391
-0.53238209
-1.2549407
-1.4223694
-1.1587393
-0.53325898
-1.6662396
-0.19674615
-1.7791827
-1.2922392
-1.1710517
-1.5631559
-1.3947953
-1.7367167
-1.6126442
-1.5012156
-1.1603966
-1.5164169
-1.8091077
-0.87294493
-1.3672414
-0.37768084
-1.259913
-1.0708183
-1.2865191
-1.1361112
-1.2707387
0.63241258
-1.2856609
-0.01790979
-1.0259865
-1.4821744
-1.2199363
-0.33949235
-1.2284279
-1.223223
-1.4805047
-1.3044431
-1.1079451
-0.61057884
-1.0609234
-1.4856166
-1.3194479
-0.49622151
-1.2192237
-1.6580055
-1.2968947
-0.91414678
-1.2137817
-0.042723277
-1.2207718
-0.61893807
-1.413556
-1.0285737
-1.1921024
-0.60124331
-1.4713474
-0.63311817
-1.2840542
-1.2288014
-1.4173955
-1.5524769
-1.6019036
-1.3908098
-1.5910141
-1.4418168
-1.083315
-0.68648658
-1.4934672
-1.6961789
-1.5214681
-1.0413003
-1.2104314
-1.2209305
-1.4474924
-1.5653928
-0.78149704
-1.3004991
-1.1190418
-1.254211
-1.4278431
-1.264085
-1.2595273
-0.72931738
-0.71345128
-1.3925351
-1.3534943
-0.96396045
-1.1173085
-1.1569164
-1.2961942
-1.8057577
-0.89616236
-1.146099
-1.280046
-1.4743332
-1.4852161
-0.62956435
-1.0530395
-1.2921325
-0.72865238
-1.1701947
-0.5231989
-1.3541745
-1.471747
-0.79357574
-1.1762329
-1.5006539
-1.4763857
-0.86308803
-1.2003627
-1.3865928
-1.3272294
-1.3271151
-1.3507576
-1.1564061
-0.72985788
-1.5869812
-0.0051787196
-1.4174247
-0.88922248
-1.1693689
-1.4364223
-1.4804325
-1.2197401
-0.63595696
-1.367922
-1.4079809
-1.4558975
-1.4379184
-1.2969452
-1.2667696
-1.4979765
-1.3771987
-1.6630209
-1.4960551
-1.5744356
-1.8123536
-1.1445399
-1.5290764
-1.2531288
-1.224451
-1.2729266
-0.99677366
-1.5229117
-1.3000163
-1.5035736
-1.7220742
-1.2011461
-1.3341725
-1.2350231
-0.22191457
-1.170399
-1.4805862
-0.98765633
-1.1862792
-1.5747939
-1.4616734
-0.56673141
-1.2743011
-1.4442991
-1.4222069
-1.5398262
-1.3517106
-1.3358231
-1.4551436
-1.2875448
-1.3903214
-1.3039523
-1.1790802
-1.5541878
-1.2931189
-1.2642326
-1.0969903
-1.3249052
-1.5005969
-1.6744319
-1.4265805
-1.5467827
-1.4922301
-1.1694598
-1.8084734
-1.2325269
-1.6018751
-1.5268598
-1.4901813
-1.6469012
-1.1963201
-1.2956963
-1.3475879
-0.69859243
-1.3192653
-1.2021133
-1.0408951
-1.4760195
-1.6059336
-1.0799965
-0.94170642
-1.4388676
-1.4410583
-1.1582599
-1.4269062
-1.4009065
-1.0704374
-0.93746484
-0.89656558
-1.1305377
-1.8299798
-0.46160211
-1.2254259
-1.0664203
-0.79117425
-0.90325173
-1.112727
-1.1869963
-0.87611797
-0.25853239
-1.4754015
-1.4327612
-1.6939874
-1.1477149
-1.3578733
-0.0067294507
-1.5247845
-0.92623718
-1.1857057
-1.3946045
-1.6891877
-1.1335906
-0.94081683
-1.2902647
-1.3589025
-1.2746662
-1.1600486
-0.33353718
-1.1478901
-1.3642733
-1.4743607
-0.25998826
-1.2305402
-1.5000655
-1.360462
-1.5205838
-1.6279635
-0.95052604
-1.1072068
-0.7035687
-1.3396097
-0.60440223
-1.2245163
-1.5579528
-0.41850459
-1.4168899
-1.2721246
-1.5083759
-1.6161441
-1.003936
-1.3395397
-0.84213507
-1.1195816
-1.3049047
-1.1199348
-1.1081749
-0.72419416
-1.0612635
-0.51741921
-1.1072717
-1.0699321
-1.2256945
-0.6454242
-1.2087406
-0.80383182
-0.38400104
-0.87871016
1.4108369
-0.82825992
1.0050515
-0.98007915
0.06294541
-1.295444
-0.20278963
-1.1462511
-1.3211446
-1.2513529
0.63000522
-0.50467569
0.13513135
-0.62390036
0.4940952
-0.48291549
0.70160959
-0.65079902
-0.94110343
-0.71972893
-1.2140428
-1.228899
-1.066904
-1.3395397
-1.0166125
-1.1072348
-1.3520127
-1.335706
-0.55930351
-1.054668
-1.0726355
-1.1528
-1.2722926
-0.9564778
-0.6686916
-1.3391827
-0.16847214
-0.035443102
0.7385127
2.0585039
0.36554179
2.6377349
-0.34807375
0.13664521
-1.2110883
-0.9549282
-1.4971922
-1.5207416
-1.2156691
-0.45664911
-0.89569087
-0.44224218
-0.93447171
0.22046365
-0.50032013
1.6300417
-0.54917864
1.4612425
-0.063399933
-0.90700537
-0.83914349
-1.1987558
-1.4032638
-1.1694967
-0.87929422
-1.0981255
-0.99806876
-1.0489833
-0.81268743
-0.96915904
0.037452739
-1.4536296
-1.0545993
-1.0141463
-1.3604419
-1.1080582
-0.37234475
-1.0034977
-0.58700422
-1.2076474
-0.73894936
-1.3844494
-1.2577345
-0.072095088
-0.12068824
2.3136078
-0.35990965
0.14701192
-0.60108858
1.0398456
-0.24329691
1.0259687
-1.1763184
0.37283781
-1.0052377
-0.48267858
-1.0979484
-1.2908572
-1.3866071
1.2863221
-1.0972042
1.1126638
-0.54224771
-0.9943724
-0.86126055
0.3840119
-1.1629757
1.5226488
-1.0391444
1.367992
-1.2093246
-0.91807884
-0.0053593024
-1.1919158
-0.3973499
-1.2562017
-0.84428541
-0.78657547
-1.1949074
-0.89850117
-1.0166009
-1.1746481
-0.78237655
-1.7748937
-0.0059881808
-0.79604047
-0.783509
-1.1670675
-0.05191564
-1.2724334
-1.0459118
-1.033713
-1.1941724
-1.1133306
-1.1524783
-1.4080831
-0.70914888
-1.188433
0.089084718
-0.90885703
0.67213491
-0.85048297
0.064056224
-0.94420589
0.87724743
-0.97640698
-0.30676827
-1.1856993
1.8864734
-1.1129863
-0.64929234
-1.0202777
1.3026671
-0.88086175
0.95408197
-1.1191249
0.087187236
-0.53798356
0.7870563
-0.31359358
1.2573554
-1.2669469
-0.090599823
-1.1697744
-0.4120342
-1.1129126
-1.344505
-1.2627095
-1.1878473
-1.3296407
-1.28608
-2.0203354
-1.1391858
-0.23148766
-0.60209593
0.42012812
-1.5618992
-1.0976297
-0.41522376
-1.5104843
-1.2945293
-1.2993176
-1.0883706
-1.0006752
-1.3586932
-1.523419
-1.1579543
-0.47903008
-1.3514627
-1.5845178
-1.0011931
-1.5574983
-1.1179065
-0.99666195
-0.13143678
2.1141242
-0.67602426
1.239522
-0.60971152
1.8504519
-0.64466627
1.2148225
-0.8778939
2.2807575
-1.3295388
0.88120515
-0.66278222
-1.066339
-1.1792383
0.95263944
-0.59372035
1.8518517
-0.54098494
2.6248461
-0.96336992
-0.30773744
-0.84020441
0.091551077
-1.2493417
0.32474035
-0.93232979
-1.41097
-1.2214554
-1.2250465
-1.1608813
-1.0173318
-0.8387178
0.048978125
2.8047622
-0.051472718
1.5044933
-0.68226216
1.8251309
-0.82396938
1.5646515
-1.0412347
-1.0641242
-1.2081613
-0.93962242
-1.2440169
-1.0002328
-1.1072128
-1.2498809
-1.260544
-1.599858
-1.0942145
-1.3028814
-1.4412134
0.19343838
0.049451636
-1.2924626
-1.2007918
-1.5327823
-1.7596752
0.13233697
-0.37456243
-0.58548331
-1.1562728
-1.4001842
-1.0337911
-1.3130735
-1.1791061
-0.98125546
-1.066489
-1.2571121
-1.0319974
-0.23999625
-1.017781
-0.85601755
-1.3319995
-0.84862508
-0.97640151
-1.1660964
-1.2237721
-0.94170296
-0.8159845
-1.1088299
-0.66888311
-1.4641135
-1.1219799
-0.7894323
-0.88692342
-1.0285146
0.0091824888
-1.1160169
-1.8443407
-0.92661221
-0.97501829
-1.2071113
1.149331
-0.98291371
-1.2221827
-1.2869719
-0.9743504
-0.77866293
-1.4174082
-1.0681909
-1.5700813
-1.2550056
-0.95636679
-1.0891465
-1.3516179
-0.63084265
-1.1118992
-0.93266458
-0.96512238
-1.2280675
-0.99791888
-1.092014
-1.0515968
-1.3632717
-0.88534506
-0.085063443
-0.9017766
-1.1658913
-0.97905022
-1.2215736
-1.1103077
-1.4166015
-0.79334273
-1.2932607
-0.39524136
-1.0011006
-0.92493747
-1.2840146
-0.84891003
-0.93489237
-1.0816
-1.5056571
-1.3569149
-0.78293949
-0.93024847
-0.36711525
-0.95540866
-0.45289415
-1.0587867
-0.89715641
-1.0393153
-1.0987174
-1.0558256
-0.1635048
-1.1053098
-1.180465
-1.029334
-1.0664639
-1.4485884
-0.9712216
-1.103086
-1.0154346
-0.52072249
-1.1111353
-0.95060455
-1.2829694
-1.1624171
0.1156818
-0.65951714
-1.3371176
-0.65510705
-1.0521747
-1.5094437
-0.89629423
-1.0006462
-1.1318595
-1.0288629
-0.97565253
-0.65070925
-0.88998214
-0.87028302
0.4544616
-1.3274527
-0.94622398
-0.43025704
-1.4883015
-1.1049138
-1.0798914
-0.95153701
-0.54833853
-1.0410903
-0.72448948
-0.87417092
-0.7114508
-0.70155518
-0.89142205
-1.181711
-1.0158897
-0.9885872
-1.3758864
-1.062367
-1.6579353
-1.1466275
-1.4437775
-1.243914
-1.1094373
-1.4062572
-1.1972391
-0.915092
-1.0123582
-1.0455901
-1.1248665
-1.1912822
-0.97782128
-1.1003738
-0.19745908
-0.9216954
-0.58966841
-1.0669385
-0.844685
-0.93036048
-1.0153485
-1.8739928
-1.0403926
-0.79712132
-1.3022599
-1.0473766
-1.1611721
-1.258024
-1.114377
-0.54516052
-1.5328249
-0.86490109
-1.0217299
-1.0190903
-1.4485718
-0.94162313
-1.34968
-0.98078955
-1.0305824
-0.91556298
-1.4730454
-1.4782438
-1.188501
-1.1131478
-0.85519886
-1.0654332
-1.2481682
-0.93265079
-1.1280062
-1.3820882
-1.2389587
-1.0044136
-0.63121641
-0.64891641
-1.1717161
0.39314823
-0.73925826
-1.1918071
-1.1040337
-1.0511895
-1.0075963
-0.82758551
-1.1452481
-0.98148628
-1.1046383
-0.88931157
-1.0941856
-0.88213258
-0.26565095
-1.0277091
-1.722902
-0.99204118
-0.82831391
-1.3725049
-1.0049572
-0.99635547
0.90202492
-0.46203306
-1.290281
-1.0569502
-0.9931564
-0.85601755
-0.80115003
1.1264525
-1.078115
-0.9196051
-1.2410724
-1.212106
-0.92635621
-1.1298319
-1.4250812
-1.0048584
-0.81538563
-0.70583858
-0.83674249
-1.0304081
-1.1433333
-1.0453135
-0.93456622
-0.96618334
-1.2192488
-0.21573471
-1.0699325
-1.0582398
-0.97722216
0.30655262
-1.1521994
-1.1491671
-1.0928913
-0.83975124
-0.85601755
-1.1795224
-1.0925775
-0.7288252
-1.032892
1.1012962
-0.95601678
-1.1256341
-0.92691004
-1.1217924
0.39614109
-1.3597942
-0.60034033
-1.041741
-0.88178971
-1.2632816
-1.5338121
-0.82236566
-1.0396077
-1.2383379
-1.2248431
-1.0116631
-0.19411585
-1.1280425
-1.3026431
-0.93592536
-1.1601646
-0.92990604
-0.67001098
-1.1339127
-1.2536085
-1.1891413
-1.0089742
-0.95681591
-0.8929776
-0.97954509
-0.84943145
-1.0248818
-1.1207155
-0.87030976
-0.76223946
-1.1229536
-1.1887399
-1.2088916
-1.1016284
-1.1755444
-0.52199914
-0.6350214
-0.98901172
-0.89314114
-0.40862005
-0.52899043
-0.96458677
-1.360842
-0.86420009
-0.72862623
-0.5679234
-1.1350037
-1.3887172
-1.0964202
-1.3225151
-0.94142634
-1.258209
-1.4639981
-1.0442127
-0.99947303
-0.8706637
-0.98660852
-1.0909067
-1.104307
-1.1494826
-1.1089768
-0.83806284
-1.0139281
-1.0484832
0.3594755
-1.1539925
-0.23477261
-1.4086686
-1.1744603
-1.0108805
-1.2390228
-0.86885206
-1.0540244
-0.96065866
-0.24150813
-0.69497475
-1.3182222
-0.85605993
-1.0338865
-1.3097186
-1.012702
-0.61049421
-1.0044768
-0.86212725
-1.0058786
-1.0649445
-0.99087045
-0.9672365
-1.1618786
-0.99925019
-0.7893146
-1.053575
-0.5052808
-1.0000672
-1.0212928
-0.81021079
-0.66470313
-1.0661055
-0.96112122
-1.2302658
-0.88408515
-0.59697551
-0.76696534
-0.5174755
0.39355571
-0.94769828
-0.7033897
-1.2068133
-1.2911249
-1.0555504
-1.0885416
-1.323985
-0.59560546
-1.0107245
-0.92269232
-0.99588289
-1.0659051
-0.98475501
-1.1866916
-1.0603748
-1.3622004
-0.78418367
-0.89829732
-1.0248963
-1.0228415
-1.1777276
-1.0888468
-0.56005895
-1.0785982
-1.342581
-1.1434553
-1.209424
-1.2830908
-1.2249824
-1.0645924
-1.1315706
-1.0897217
-1.0300415
-1.1162684
-1.3311475
-0.96983514
-1.005722
-1.0998969
-0.34482655
-1.1230995
-1.2364761
-0.99415449
-0.93726832
-1.0107684
-0.96317984
-1.08947
-0.83761024
-0.040279242
0.069177792
0.37111832
2.3204861
-0.51874538
0.58950811
-0.79452249
0.38727105
-0.49572155
-0.84220274
-0.87079519
-0.78923442
-0.9185582
-0.0753679
-1.0735353
-0.29983077
-0.22495493
1.2776928
-0.59862907
-0.45738879
-0.59194911
-0.56499799
-1.262118
-1.0140955
0.85992248
-1.3577292
-0.85601755
-0.43545172
-0.85043707
-1.0825803
-1.067759
0.80109917
-0.78554263
0.98201817
-0.84692147
2.585026
-0.38748146
-0.7985407
-0.53922746
-1.0742599
-0.82097207
-0.36670412
-0.75231149
-1.0810876
0.79776135
-0.93995952
0.27423397
-0.68122875
0.514242
-1.0325211
-1.0107765
-1.0022843
-0.55043666
0.27120024
-1.0550646
-1.1179669
-1.0497254
-1.0696841
-1.214622
-0.85151263
-1.4070236
-0.48265704
0.055351282
-0.98814291
0.68945898
-0.38687184
0.7210371
-0.68295762
-1.0215156
-1.3575032
-1.0645184
-1.3082708
-1.1198856
-1.0962977
-1.6361954
-1.1384947
-1.6016176
-1.0478277
-1.3987192
-1.2609209
-1.0943478
-0.40210494
-0.93898931
-1.0857754
-0.95744257
-0.6250009
-0.44022998
-0.81004491
1.3780975
-0.85011366
0.27161502
-0.74206701
0.027624653
-0.80209005
0.19668777
-0.99601359
0.013337849
-0.98482592
-1.0075923
-1.2652605
-0.79266437
-0.76592761
-0.39987703
-0.34652788
1.5085695
-0.83132858
0.62890748
-1.1806473
1.3302694
-0.9752338
-1.1618978
-1.0209046
-1.0925938
-0.48708125
-0.94869734
-1.4805129
-1.4889678
-1.2254401
-1.3645787
-1.8128642
-1.6043698
-1.3980837
-1.132889
-0.45724855
-1.5387603
-1.1270363
-0.57372007
-0.99674911
-1.1331169
-0.99817203
-1.3092723
-1.2398639
-1.2458255
-1.3152878
-1.3504931
-1.2815894
-1.3887402
-1.2682166
-1.5697375
-1.4118859
-1.3382071
-1.2131124
-1.3677267
-1.1414866
-1.2417397
0.76463401
-0.92950317
0.85688931
-0.5266799
0.30976918
-0.63242853
0.26001524
-0.9492978
-0.64041531
-0.96932799
-0.84775157
-1.3395784
-0.9965668
-1.2182552
-0.0076724104
-0.38851431
0.039994557
-1.0609613
-0.94229163
-1.081952
-0.85033592
-0.44002709
-1.0411497
-0.93673612
-0.56140869
1.864326
-0.69549171
-0.12918341
-1.0215294
1.4644907
-0.15170498
0.051210803
-0.94249606
-1.1579134
-0.45256122
-1.1208654
-1.079285
-1.0521081
-0.11239274
0.43203407
-0.92953685
-0.23125475
-0.9062977
1.6536248
-1.1617446
-0.31266081
-0.96678184
-0.094534195
-0.4594722
1.1608373
-1.0571724
-0.18371934
-1.2367411
-1.2569244
-1.1544578
1.6184087
-1.4841524
0.62853708
-0.54086125
0.54288318
-1.0932716
-0.09570228
-1.0532041
1.9025503
-0.89362559
1.2444213
-0.70939327
-1.1338943
-0.62346866
-0.010055995
-0.94063543
-1.2214391
-1.3116809
-1.151918
-1.2500512
0.13220456
-1.0757975
-0.83002107
-0.38423487
-0.99248471
-0.9430038
-0.96864572
-0.99443095
-0.35089611
-0.87484247
-0.85037002
-2.1796614
-0.84296097
-0.68272667
-0.63396929
-1.0122303
-0.84870185
-0.75325056
-1.040448
-1.3082738
-0.60501948
-0.37447811
-0.73597604
-0.84887077
-1.0027518
-0.97289577
-1.1081282
-1.4765332
-1.3092201
-1.4597701
-1.227819
-1.62835
-1.0500445
-1.4917946
-1.0831909
-1.6017797
-0.22881996
-0.83124696
-0.7945425
-1.126975
-0.85562624
-1.071678
1.2934405
-1.3289545
0.00087168781
-0.32473373
-0.02411847
-0.83640717
-0.34586801
-0.94205994
0.40184325
-1.0235875
-0.48176439
-0.99581748
-0.4082521
-1.1751699
-1.2532123
-1.0784702
-1.0410618
-1.1422228
0.1649127
0.94747368
-0.97341956
0.24405764
-0.62447414
2.02278
-1.0581891
0.84730263
-1.0795648
1.3162044
-0.88626964
-0.357353
-0.91167496
0.078042076
-1.2534467
-1.2495764
-1.2252079
-1.6567352
-1.3936814
-1.5926907
-1.5151475
-1.5397862
-1.6029184
-1.4639808
-1.4642353
-1.350009
-1.4209723
-1.4850591
-1.4580772
-1.5212024
-1.5626129
-1.4676713
-1.3200134
-1.4065099
-1.9599741
-1.4577056
-0.99631769
-1.4501636
-2.0179868
-1.0266512
-1.5523496
-1.0939483
-1.099353
0.013447407
-1.0108626
-0.72949436
-0.95454445
-0.6580263
-0.85036364
0.90387571
-0.2787382
1.2688496
-0.30053541
-0.36631175
-1.3539002
-0.95804415
-0.96290923
0.25932009
-0.82240847
-1.0053424
-1.7667784
-0.93802311
-0.07243952
-1.1428404
0.93656013
-0.47629811
0.18931651
-1.0595559
0.18141839
-1.025574
-1.1453392
-1.0634935
-1.1855259
-1.1340091
-0.96701656
-1.0905375
-1.5371572
-0.79357124
-1.1774827
-0.8783214
-0.85373306
-1.1339509
0.2101945
-0.67002977
-0.70221173
-0.19877048
-0.50578647
-0.43214175
-1.1788825
-0.36164264
-0.81235276
-1.116815
-0.33434766
-1.4175118
-1.4835347
-0.79679734
-1.2763878
-1.3810294
-1.129835
-2.1262144
-1.5463965
-1.2309729
-1.4455779
-0.66039783
-1.3952108
-1.2353081
-1.2657371
-1.1331215
-2.1107383
-0.95143333
-1.1788928
-1.4345227
-0.91317563
-1.5040278
-1.7705133
-1.3291993
-1.3841114
-1.3302106
-1.6948487
-1.1324611
-1.3549252
-1.5397222
-1.4576818
-1.530049
-1.5352466
-1.2115719
-1.302795
-1.4533781
-0.92644361
-1.1150175
-1.3679589
-1.239702
-1.5272447
-0.53478983
-1.0566272
-1.056862
1.3650638
-0.80751171
-1.0323522
-1.2452409
-1.078343
-1.1173228
-1.3040578
0.11218376
-0.70256173
0.73353274
-0.86030968
0.018660661
-0.80369804
-0.62695944
-1.1105368
1.1867276
-0.87497909
2.394051
-0.95966676
2.4710284
-0.86319287
-0.64654385
-0.57220835
-0.95976577
-1.3772163
-1.247474
-1.2145791
-1.3031937
-1.2857196
-1.3341818
-1.3432787
-1.1510764
-1.7158259
-1.3364481
-1.0746069
-1.0232447
-0.46346197
-1.0476326
1.6899558
-1.1468699
-1.124539
0.72421766
-0.69781707
-0.55242465
-0.78215553
1.9268965
-0.79036444
-0.14963351
-1.0730037
1.567377
-0.55238385
-1.1999908
-0.96060167
0.77727821
-0.8566001
0.92614204
-1.0966045
2.1782293
-0.55705664
1.0793714
-0.93308341
-0.23669208
-0.56029459
-1.4235736
-1.3307935
-1.28894
-1.0930465
-1.2770608
-1.5436467
-0.92195705
-1.2312371
-0.34675371
-1.1147934
1.0528464
-1.0156812
-0.91682341
-0.032159677
-1.1309325
-0.37446685
-0.9397148
0.30656863
-1.1683776
-0.99722423
-2.1766001
-1.1423566
-1.190264
1.6303437
-1.0420104
0.60801898
-0.43690504
2.2409082
-0.84479325
-0.89057759
0.34772857
-1.1534579
-0.95560883
-1.2172101
-0.34584771
-0.40189208
-1.6409982
-0.99092258
-0.8339014
-1.298596
0.17608791
-0.65433262
-1.3030803
-0.88700467
-1.3831572
-1.3386374
-1.2451615
-0.78346526
-1.5863148
-0.98624101
-1.1294368
-1.2709959
-1.0715558
-1.6380278
-1.1754928
-1.0664119
-1.1956317
0.51394382
-0.90627694
-1.7157875
-1.6770268
-0.98852754
-1.1705144
-1.1545325
-1.550025
-0.56257151
-0.25286798
-0.0090046188
1.3429494
0.46403496
1.577662
-1.1855992
-1.2496255
-0.86837296
-1.4275771
-1.6472269
-1.1029497
-0.64780241
0.70253096
2.0716678
-0.51357338
-1.1507954
-0.18088924
-0.8802899
-0.86906218
-1.1057401
-0.81340746
-1.0924913
-1.1093023
-1.3458767
-1.3152956
-1.2648353
-1.3053526
-1.3827275
-1.3007578
-0.94200377
-0.88900816
-1.1484883
-0.56297758
0.087607018
2.8659741
-0.47105684
0.47323001
-1.0035831
3.3293228
0.27242842
1.0687423
-0.85055849
-0.93719213
0.86554433
-1.0721115
-0.99462466
-1.1873792
-1.1203515
-1.2260625
-0.13573994
0.99268434
-0.70351615
0.63552868
-0.78859604
3.2635534
-0.85837034
2.2446888
-0.69246892
0.031728858
-0.78554917
-0.97131464
-1.3219946
-1.2842021
-1.4512364
-1.5732354
-1.0715031
-1.4718553
-1.1997917
-1.4273331
-1.1087871
-1.7864464
-1.0559622
-1.5412917
-0.78521859
-1.6715349
-0.9713357
-1.4896966
-1.1443657
-1.6700345
-1.5477842
-1.3443749
-1.6155494
-1.4426782
-1.3231253
-1.3763936
-1.5115792
-0.88146594
-1.644322
-1.2259041
-1.3432382
-1.6177093
-1.4194599
-1.2502181
-1.2347867
-1.5532536
-1.3720813
-1.6513871
-1.5387585
-1.3378076
-1.58674
-1.3999588
-1.3037588
-1.3652106
-1.5891611
-1.5261408
-1.611152
-1.5475971
-1.1600385
-1.2219723
-0.95117809
-1.1922451
-0.98920992
0.20069294
-0.70574491
1.1120677
-0.87931639
0.65112018
1.0565317
2.054167
-0.75975229
-0.55290437
-1.1376911
-1.1158718
1.5596867
0.49483628
2.3637237
-1.0654276
-0.20356511
-0.72057804
0.96729917
0.26050727
-0.67318128
-1.1032682
-1.1562531
0.07993438
-1.1470114
-1.148846
-1.2403217
-1.3861481
-1.6507347
-1.0242588
-1.2018205
-1.1007061
-0.09640417
-1.1316486
-0.4960068
-1.1539527
-0.47255149
1.2155982
-0.14607387
1.3846337
-0.097376037
1.5469806
-0.40135108
0.4399108
0.66933859
-0.79546139
-1.4134667
-1.4189017
-1.3129268
-1.195796
-0.6709499
-1.2913668
0.35983817
-1.0050549
-1.5039208
-1.172927
-1.4357991
-0.67874911
-1.2262349
-0.97606964
-1.1449324
-1.2463308
-0.53367078
-1.0112117
-1.1416755
-1.3381178
-1.2230049
-1.2879364
-1.4796819
-1.074976
-0.92958269
-0.96661916
1.4568425
-0.65811964
-0.050471791
-0.187693
2.0927457
-0.94338162
0.78219719
-0.99522578
-0.6337535
-0.072265944
-1.0316464
-0.65952776
-1.0639964
-1.089294
-1.0523504
-1.4371635
-1.4537586
-1.4541371
-1.392756
-1.4411631
-1.4432511
-1.4871165
-1.4208369
-1.3303965
-1.2693466
-1.6531709
-1.4503917
-1.112465
-1.2756993
-1.0892089
0.20482843
-1.0735169
-1.2449262
2.302573
-0.73838186
2.3794926
-0.48313607
2.1598992
-0.87795641
0.58302712
0.33691782
0.27821939
-1.004769
-1.2735962
-0.63305342
0.80934574
-0.94343725
1.3285104
0.037797647
2.1905021
-1.0421091
1.1492963
-1.4626264
-0.81894378
1.0512711
-1.208185
-1.1290307
-0.94872696
-1.0880075
-1.485761
-1.701155
-1.6266561
-1.0029925
-1.3789396
-1.360452
-1.1960764
-1.0541158
-1.2186354
-0.31211581
-1.1258743
-0.65398257
1.488544
-0.18976172
1.7822027
-1.0132897
1.726654
-0.83791177
2.0218081
-1.3764154
-0.22916577
