-1.1221651
-0.97244337
0.34313954
-1.7495893
-1.0725443
-1.3943629
-0.93502948
-1.2137792
-1.1242531
-1.0651523
-1.1172952
-1.0901967
-1.4371325
-1.506937
-1.7982997
-1.2756719
-1.1981928
-1.4457876
-1.1388997
-1.1691889
-1.3544163
-1.0410929
-1.5248125
-1.7269441
-1.5078243
-0.040324082
-0.17779946
-1.5867557
-2.0426745
-1.621383
-1.7895466
-1.6287809
-1.2967334
-1.3576358
-0.95736514
0.032462258
-1.0115119
-1.6752196
-1.2087907
-1.8920484
-1.4604844
-1.6161739
-1.3688899
-1.0649791
-0.99010897
-1.0010218
-1.1226175
0.11206748
-1.2161164
-1.0768554
-1.2471943
-1.0412679
-1.0117353
-1.1905121
-1.0002068
-1.2533378
-1.3259333
-1.4112857
-1.4126365
-1.3889664
-1.4539281
-1.5731672
-1.010486
-0.87877962
-1.0542088
-0.80841275
-0.93321175
-0.66679544
-1.0179281
-1.4958666
-1.2299652
-1.4023823
-1.0667543
-1.5892371
-1.1423382
-0.92297989
-1.0749334
0.34069958
-1.2128041
-0.68231615
-1.0652728
-1.218629
0.44451924
-0.65901363
-1.0362392
-1.029515
-0.9607495
-1.1413182
-0.86625631
-0.6864539
-0.87317639
-0.9082698
-1.0985322
-1.2116824
-1.1211525
-1.0113155
-1.5942834
-1.4857332
-1.4266558
-1.1118119
-1.3751434
-1.269556
-1.0985191
-1.1631223
0.32183877
-0.93893395
-1.1106247
-0.95414937
-0.68191167
-1.1241683
-1.3416458
-1.0962474
-0.96793048
-0.81652015
-1.0476649
-0.99331888
0.36720349
-1.0017692
-0.66641999
-0.99072663
-1.4140074
-1.2632722
-1.2662485
-0.20896707
-1.306786
-1.1745253
-1.3408691
-1.1059377
-1.3216658
-1.3485095
-1.3749429
-1.2917464
-1.02218
-1.368154
-1.3607981
-0.077584228
-1.0455981
-1.1361977
-1.3915568
-1.1492276
0.28578237
-1.0112425
-1.1486879
-1.039726
-1.0453478
-0.75269016
-0.41370892
-1.0757615
-0.74723421
-0.99721021
-1.0935574
-1.2579064
-1.0153904
-1.2489261
-0.83172833
-1.0495246
-1.0913193
-0.60116645
-0.77705215
-0.77630804
-0.99512786
-0.90304431
-1.2742469
-0.26905946
-1.4111369
-0.97658481
-1.041618
-1.1502186
-1.4324505
-0.89437513
-1.0822954
-0.07705747
-1.3343462
-1.1168641
-1.0785438
-1.0816137
-0.92356614
0.13281983
-1.0471923
-1.0658222
-0.92153013
-1.3281609
-1.0006587
-0.96821909
1.6410331
-0.81457872
-0.87473295
-0.96777718
0.88780349
-0.66581822
0.91389732
-0.71726633
-0.25453227
-0.85919147
-1.1285109
-0.77355659
-1.1011295
-1.0646109
-1.1434592
-1.0791266
-1.1875151
-1.2865923
-1.0615322
-0.92249927
-1.0702677
-0.36122338
-0.60150911
0.39092281
0.42613382
-0.60047581
-1.0454888
-1.0063704
-1.317926
-0.91374704
1.6789118
-1.0042508
0.94104212
-1.0240884
-1.3640515
-0.33018768
-0.53277729
-0.4387769
-0.98917
-1.0218521
-1.0289279
-0.073513681
-0.89728098
0.77246624
-0.69192711
-0.87111277
-1.157112
-1.1887183
-1.3876087
-1.2451128
-1.1581815
-0.88165659
-1.3231228
-1.2621394
-0.67229157
-1.2693385
-0.99404638
-1.1756116
0.61855765
-1.0755162
-0.80120164
-1.2816869
-1.0297716
-0.97907882
0.64441822
0.74486498
-0.67372939
-0.92968066
-1.1704804
-1.0427346
-1.650549
-1.4302282
-1.1343913
-0.95707883
-0.60026388
-0.96919724
-0.37879991
-1.1998802
0.46964187
-0.92667647
-0.9924408
-1.0359493
-0.81752977
-0.96954128
-1.2180563
-0.79258609
-0.9902295
-0.93442209
-1.1318861
-1.0413322
-0.83339234
-0.64362825
-1.2764631
-1.0336616
-0.86273746
-0.92667647
0.45576302
-0.62534256
-1.3644567
-0.27219272
-0.96725634
-1.0451013
-1.0593291
-0.95955968
-1.0884917
-0.85509464
-1.0303941
-0.94352704
-0.87195385
-1.0150591
-0.87739599
-0.92608003
-0.78398418
-1.03924
-0.99531147
-1.3786492
-1.5042301
-0.94990993
-0.92111558
-1.4697078
-0.98439338
-1.0645344
-0.9047997
-0.82600382
-1.0407769
-0.89038291
-1.4662131
-0.89877836
-1.5042301
-0.88498063
-0.91949784
-1.0283881
-1.073411
-1.1292236
-1.4881765
-1.2045717
0.26668718
-0.59048879
-1.0060262
-0.87985749
-1.0371077
-1.4954281
-1.0677537
-0.92153013
-1.2597498
-1.2161164
-1.0907284
-1.2746401
-1.0786681
-0.98783582
-1.6343682
-1.3812318
-1.3866738
-0.91091357
-0.71782822
-0.55268874
-0.72584253
-0.91137502
-1.0133509
-1.1979471
-0.86105346
-1.414641
-0.98948005
-1.5042301
-1.1585368
-0.91778233
-1.0048315
-1.0058689
-0.93457976
-0.93194781
-1.3183133
-0.84494845
-1.025714
-0.68092071
-1.4728042
-1.2193396
-1.1659443
0.31154306
-1.1111499
-1.043771
-0.93407869
-1.1273805
-1.5112746
-1.5481039
-1.0300573
-1.0116803
-1.147576
-0.98109618
-0.34669555
0.36483159
-1.0199776
-0.6794727
-0.80352432
1.0963433
-0.82477772
-0.16656604
-0.88297729
-1.046664
-0.36802308
-1.0673785
-1.3882833
-1.4942392
-0.97529798
-1.2427846
-1.114917
-1.660281
-1.08639
-1.1143788
-1.0225436
-1.5850662
-0.46852874
1.4358217
-0.70462322
-0.28660236
-0.93767519
3.1525019
-0.94437355
1.2064954
-0.92153013
-0.55252354
-1.0238633
-0.99015606
-1.0444446
0.91078481
-0.99309125
1.7834417
-0.74995218
-0.80741883
-0.92119543
0.63736836
-1.3355483
1.8743569
-1.0581404
-1.1555486
-1.015402
-0.49031692
-0.64999877
-1.0797718
2.3840833
-1.1450083
1.8212418
-0.92153013
-0.07983333
-0.47456275
-0.59899023
-0.90962565
-1.2550179
-0.97739056
-1.1053788
1.1437962
-0.921839
-1.0563936
0.10841217
-0.72574536
1.6048542
-0.99844994
-0.31540541
-1.0461281
-0.15555358
-1.0527569
-1.2168797
-0.86703516
-1.071003
-1.2148572
-1.2520772
-1.0915794
-1.0753374
-1.2054175
-1.1636822
-0.73700912
-0.92722999
-0.92153013
-0.80071269
-1.039342
1.7857492
-0.98047103
1.0300152
-0.96023963
-0.21813427
-0.92443817
-0.98633188
-0.85288614
-0.53431058
-1.2408913
-1.2596976
-0.75688492
-1.0702579
-0.99106505
-0.92153627
-0.12972079
-0.99294505
-0.43801337
-0.68053315
-0.54390226
0.26180487
-0.96122741
-0.65768067
-1.0929019
-0.97879484
-1.1921978
-1.0986325
-0.78554786
-0.29294814
-1.1125513
-1.6574043
-1.1192855
-1.0125948
0.55082727
-0.77829763
-1.3447627
-1.2698405
-0.80205373
-0.97503515
-1.2048723
-1.3196184
-1.3250208
-1.2634947
-1.6160518
-1.3269034
-1.5722058
-1.3728031
-1.1645941
-1.3690191
-1.4143746
-1.5010514
-1.3194039
-1.5322839
-1.3928083
-1.2625117
-1.300737
-1.5579226
-1.6050227
-1.1447806
-1.7559747
-0.80939603
-1.6201795
-1.6566834
-1.4657556
-1.511836
-0.94064173
-1.1386997
-0.94158804
-0.83342134
-0.89071681
0.26084708
-0.92897857
1.3754496
-0.38174921
-0.49468399
-0.81856558
-0.86047904
-1.0093378
-0.98756623
-0.99577569
-1.0400428
0.15469779
-0.85065602
-0.60739168
0.075157957
-0.88016562
1.620669
-0.6693548
0.81698871
-1.0347579
-1.068259
-0.95839071
-1.0250564
-0.41499862
-0.30373315
-1.0781207
-0.79798224
-1.3281059
-1.1497307
-1.137238
-0.71664473
-0.98187272
-0.20959292
1.7442619
-0.11314852
1.4871268
-0.76965162
0.58548954
-0.69822012
-0.88321975
-0.37561245
0.80471471
-1.0853485
-1.1861997
-0.62196269
-0.72930589
0.8156141
-0.62811994
-0.42404968
-0.72472799
1.7150039
-0.36066086
-0.038549816
-0.66512351
-1.0019269
-0.76639637
-1.4752044
-1.421998
-1.0254418
-1.3193045
-1.0031476
-1.1405452
-1.0448403
-0.9382155
-1.0874319
1.0979746
-0.74067529
0.23589923
-0.72793984
-0.057791241
-0.32770354
-0.53182923
-0.99585189
-1.1026098
-0.94401735
-1.0703629
-0.60506803
-1.6520595
-1.2291039
-1.443899
-1.373611
-1.4905556
-1.3746615
-1.3918099
-1.602841
-1.6255401
-1.2147588
-1.1707233
-2.0245183
-0.57118328
-0.91922798
-0.69849505
-0.08449176
-0.51440319
-0.1015168
-0.58200469
-0.70401682
-1.0640642
-0.87463172
-1.1227404
-0.90060654
-1.2293604
-0.9445172
-0.49925808
-0.18904794
-0.30865492
-0.8834849
-0.69724968
-1.1225688
-0.61467099
-0.9103515
-0.83533103
-0.65865373
-0.7150662
-1.0693805
-1.0025596
-1.0554237
-0.98276392
-1.1627962
-0.72693149
0.96555398
-0.90229495
-0.33736241
-0.04649763
-0.75212959
-0.68561328
0.11495106
-1.0978418
-1.1301883
-1.0434367
-1.170764
-1.22865
-1.1227579
-1.1564675
-1.0628057
-0.99819148
-1.1270958
-0.91893418
-0.87221733
-1.0574106
1.1620288
-0.88895168
1.8696269
-0.85967286
1.045921
-0.99818009
-0.43436369
-1.2437377
0.59081934
-0.30415028
-0.76523637
0.44115028
-0.76587646
1.0986661
-0.69991939
-0.22010699
-0.75421523
0.71643263
-1.0427177
-1.2405661
-0.98623978
-0.37689496
-1.0198747
-0.89719908
1.4442536
-0.85839429
1.6289858
-0.91010043
0.98950128
-0.82656976
-0.92133456
-0.44127953
-0.83565977
-0.97973635
1.2432444
0.21028921
-1.459622
-1.0131451
-0.92059396
-1.0921152
-1.0253384
-1.1731902
-0.46934687
-1.1115107
-1.2191897
-1.1689327
-0.82739093
-1.0445384
-1.0070376
-0.48566445
-0.41073096
-1.0603138
-1.397429
-1.1142627
-0.63691057
-1.0632553
-1.12905
-0.60637476
-1.2080875
-1.1277717
-0.63520621
-1.2867617
-0.44987887
-0.73530718
-0.83664184
-0.50079042
-1.1068983
-1.0198147
-0.87850558
-0.73427253
-1.289135
-0.99858403
-0.61240092
-1.0032078
-0.92144798
-0.81097636
-0.77782749
-1.3197685
-1.2937161
-1.0777298
-0.56545519
0.30921912
0.17260355
-1.2883271
-0.037040149
-0.9371285
-0.74538065
-1.011162
-0.91860097
-1.2088048
-0.67223936
-1.3051833
-1.0279658
-1.031027
-0.968813
-0.96735767
-1.2677748
-1.5280102
-1.1636482
-1.0466292
-0.74646208
-0.98054181
-0.74060694
-1.1748257
-0.69351525
-1.279445
-1.3393502
-0.98150323
-0.85113906
-1.1854574
-1.121158
-0.99468975
-0.82830434
-1.0979327
-1.0329333
-1.0806879
-0.78397395
-1.3390922
-1.3702494
-0.1500748
-1.1617494
-0.8849896
-1.1051983
-0.8151146
-1.2053661
-1.6162024
-0.92194513
-0.50933739
-1.121784
0.32849292
-1.1863954
-0.35920345
-1.0553711
-0.34161965
-0.63042653
-0.82315517
-1.0992849
-1.1641081
-0.85565593
-1.2427001
-0.90442675
-0.99625698
-1.140914
-0.911252
-1.0561973
-1.0047283
-0.346047
-0.96061475
-0.93650525
-1.1522215
-1.0855209
-1.1069217
-1.1621796
-1.2274626
-1.3524622
-0.46347522
-1.5259974
-1.2232017
-0.95592531
-1.1425789
-1.0191151
-0.84397702
-0.99824201
0.010655859
0.0040731066
0.37353695
-1.0491245
-0.80265051
-0.96306343
-1.2613742
-1.1198321
-0.87017245
-0.92503856
-1.0331633
-0.3141255
-0.98527857
-0.46086096
-0.65746069
-0.1361326
-1.0065712
-1.1286491
-1.089918
-1.4336466
-1.0689048
-0.9944024
-0.84255529
-1.057675
-1.0206075
1.4081692
-0.96802366
0.57230565
-1.0942655
-1.0861771
-1.2776709
-1.3078123
-1.2492352
-1.2449084
-1.1889481
-1.3148612
-1.2005458
-1.4131009
0.1599682
-1.4885648
-0.67775894
-0.014173172
-1.0520911
0.053433895
-1.6699179
-1.0576237
-0.95882322
-1.3247538
-0.96922732
-0.95168916
-0.79512498
-0.79100682
-1.2053084
-1.8587172
-1.2295556
-1.8230601
-1.4798527
-0.95904766
-0.16657424
-1.4116098
-1.7523345
-1.5688214
-2.1726068
-2.2484226
-1.1556562
-1.7764185
-1.3544759
-1.0913928
-1.0410986
-1.4449306
-1.7086078
-1.6026303
-1.1572841
-1.3182768
-1.1025482
-1.7043531
-0.82600958
-0.97752607
-1.4139113
-1.0876473
0.22890379
-0.21428734
-1.1725028
-0.38145008
-0.90740861
-0.91006332
-0.67672975
0.13806008
-1.2631784
1.1715168
-0.9041798
-1.3556626
-1.2292858
-1.3265659
-1.1207607
-1.0232951
-1.4662139
-1.0961122
-1.2651469
-0.95063193
-1.1226213
-1.1119752
-0.97129
-1.1295233
-1.2634859
-0.54523371
-0.78184119
0.11110203
-0.95323178
-1.1645671
0.562299
-0.50010756
-0.84604215
0.8475991
-1.2407678
0.08645755
-0.62693631
-1.024072
-0.32301692
0.097042142
1.1424222
0.36543027
-0.5178483
-1.0070523
-1.1857581
-1.905897
-1.5734758
-1.212767
-1.5456577
-1.424256
-1.2923992
-1.1410321
-1.2226586
-1.2165686
-1.2715664
-1.3651558
-1.1593433
-1.2112795
-1.3583577
-1.1060416
-1.3445221
-1.3622811
-1.1615883
-1.0862839
0.47674878
-0.073997629
0.50288706
-1.0482334
0.70668806
-0.85185403
-0.94959293
-1.0814269
0.41214898
-0.9650604
-0.64692614
-1.1547379
-1.017788
-0.7278647
-0.8323379
-1.2079789
-0.83513297
-1.1045178
-0.21779787
-1.3770346
-0.8534536
-0.97534943
-1.0943396
-0.34961088
-0.73410506
-1.0381258
0.91451323
-0.97069539
0.14687535
-1.0597581
-0.3063846
-1.0733433
0.87148517
-1.1599249
0.25111161
-1.0729736
-1.1038334
-0.8922796
-1.2812307
-1.3068738
-1.2228813
-1.1799795
-1.3385923
-1.0551582
-1.0524696
-1.4613153
-0.95580842
0.44503357
-1.0934351
0.32587482
-1.0107021
-0.67269854
-0.79390311
-1.160546
-1.0653883
1.0933792
-1.0271983
-0.32258174
-0.9673126
-0.15458195
-1.6018016
-0.85041599
-0.16092178
0.82098632
-0.67433808
0.066328825
-1.0068551
0.13394982
-0.77211967
-0.48973043
-0.8945229
-0.48350633
-1.0158763
-1.3101365
-1.1994354
-1.2225612
-1.3920105
-1.2638608
-1.3027223
-1.499434
-1.2453024
-1.1359379
-1.2789781
-1.0198445
-0.79508307
-1.1057558
-1.2226274
-0.25984896
-0.80372941
0.38490964
-0.98469756
-0.97005569
-1.0705816
0.92940608
-0.26127689
0.9632548
-1.0374818
-0.8316846
-1.2137294
-0.93398002
-0.48425498
-0.689563
-1.4565376
-1.2023964
-1.0975679
-0.21955253
-1.0223238
0.81023121
-0.95056156
-1.200618
-0.78861456
0.5188577
-1.2821981
-0.21599496
-1.0523814
0.038156801
-1.2086353
-1.1680229
-1.1530822
-1.157338
-1.2184374
-1.2508934
-1.0945212
-1.0891231
-1.1566368
-1.2400185
-1.1009394
-1.2748102
-1.6554212
-1.2687663
-1.5001201
-1.2919257
-0.92443563
-1.2500129
-0.84007375
-1.2854884
-0.97443468
-0.96323346
0.56350495
-0.97954083
-1.2101146
-1.5067308
-1.3118502
-0.45075979
-0.57369131
0.11299228
1.1638941
-1.1518232
0.14567774
-1.1355186
-0.38430546
0.31679854
-0.59985829
-0.95289291
-0.63660458
-0.15247013
-0.44956936
-0.20031991
-0.89930761
0.59412522
0.2409504
-1.0891817
-1.0028435
-0.40758307
0.41084111
-1.3366919
0.48385949
-1.2310784
-1.1337143
-1.3561794
-1.6774064
-1.0460777
-1.1678334
-1.0853986
-1.3647246
-1.3667426
-1.2383037
-1.213053
-1.3430748
-1.343753
-1.2387688
-0.65450093
-1.0872386
-0.9067748
-1.0377022
-0.94944935
0.4079404
-0.74025179
0.31968326
-0.20620746
0.62823112
-1.1600945
-0.17814696
-0.90295677
0.78486681
-0.92507304
-1.1113385
-1.6072031
-1.3585978
-1.0224436
0.063276101
-0.99566516
-1.2646353
0.13894509
-0.78370559
-0.46521421
-1.6183381
-1.897558
-1.5169318
-0.97062383
-1.5532078
-1.8095935
-2.0566555
-1.2699687
-1.494759
-1.4362796
-1.5100478
-1.5039053
-0.81874656
-1.2262438
-1.5040653
-0.54575983
-1.1592265
-1.3777764
-0.69375615
-1.1802453
-1.0876841
-1.4656244
-1.6940818
-0.35981903
-0.62944529
-1.3619269
-0.90303716
-1.7755085
-1.0221208
-0.70096374
-0.95392489
-1.4381668
-1.0656806
-0.50083255
-0.72014425
-0.11413211
-1.1477465
-0.99033065
-1.0388717
-1.0689576
-1.3002175
-0.4203587
-1.3455076
0.68187237
-1.023391
0.69064916
-1.2354279
-0.65227032
-1.1125171
-1.0027604
-0.32947358
-1.0699864
-1.1771717
-1.0074311
-1.1600205
-1.1857697
-1.015235
-0.16612375
-1.0372147
-1.2036249
-1.2891193
-1.1612384
-1.1651871
-1.2408406
-1.0001094
-1.2896155
-1.1417439
-0.90269046
0.45283673
-1.1065411
-0.43002653
-1.0994906
-0.82341869
-0.93261198
-1.0274408
-0.71758166
-1.1400053
-1.574001
-1.2946592
-1.1935766
-0.88233567
-1.0381189
-0.66298696
-1.1042421
-0.60025591
-0.82531825
-0.69097857
-0.39795278
-0.73276043
-1.0102894
-0.91942023
-0.94215119
-1.1793258
-1.5471207
-1.3262216
-1.497571
-1.5954076
-0.87409425
-1.1880771
-0.92910875
-0.78970069
-1.1866337
-1.2192125
-1.3972465
-1.0486541
-1.0786002
-1.1615588
-0.84289357
-0.59635957
0.82245512
-0.89650155
0.065107318
-1.051802
-0.21361409
-0.63876295
-1.5105523
-0.85121387
-1.2574912
-1.0730391
-1.6403885
0.79018603
-1.0965742
2.0483659
-0.86039554
-0.37153257
-0.83979052
-0.35878249
-0.92825214
1.4285796
-1.169137
-1.0776485
-1.4136428
-1.3360587
-1.5085772
-0.91443552
-1.4934157
-0.98698335
-1.2023386
-1.1650757
-1.1548527
1.3843275
-1.5488466
0.70919546
-1.2625201
-1.1098341
-0.27726636
-0.58813042
0.76144941
-1.0745342
1.2761359
-1.0448768
0.70351686
-0.96863958
-1.3630833
0.21738107
-0.97234602
0.59273097
-0.79658682
1.8137286
-0.67275935
-0.79437833
-1.2355048
-1.1839683
-1.1692604
-0.44198329
-1.2077825
-0.91862546
-0.92114905
-0.028628064
-0.73152323
-1.258394
-1.012559
-1.3910533
-1.3152494
-1.0548437
0.1192166
-0.86324775
-1.1322191
-0.93112746
-0.9917129
-1.268938
-1.2100975
-0.35209052
-1.0359681
0.16865358
-0.063900457
-0.51985282
-0.27723473
-0.97449117
-1.0085764
-1.4883622
-1.1417006
-1.3043447
-1.7069523
-1.4317787
-1.822328
-1.5976348
-1.1085912
-1.319898
0.12044405
-1.1080455
-1.352552
-0.042479145
-1.3091066
-0.99465747
-1.0492501
0.82669191
-1.0196953
1.9247754
-0.71348007
0.5750072
-0.99222811
0.29327917
-0.89397864
-0.40001113
-1.7017198
-1.1482624
-1.1411726
-0.97561797
-1.0886494
-1.6192694
-2.0685714
-1.1431152
-1.2969728
-1.0110293
-0.12903553
-0.15134748
-0.99365098
-0.25711437
-0.74740231
-1.1085885
-0.039907455
-1.2463156
0.32780056
-0.8267821
-0.98635661
-0.79198812
-1.125877
-1.341401
0.2773368
-1.0525656
0.27732245
-0.83946922
1.2457056
-0.51857188
-0.5168686
-0.59984792
-1.2055755
-0.33637
0.2530278
-1.3927397
-1.4175319
-1.1249554
-1.4978588
-0.99974341
-1.1569433
-1.2030978
-1.4313557
-1.1713749
-1.0889651
-1.2956741
-0.25185788
0.058058458
-1.1237517
-1.1195234
-0.9215252
-0.62521337
-1.5309345
-1.2730928
-1.5949902
-1.1832891
-1.4502197
-1.1229034
-1.4358428
-1.1840764
-1.1355845
-1.1763811
-1.0890306
-0.88625849
-1.4829297
-0.99829705
-1.0128398
-0.81074934
-0.69522592
-0.079515995
-0.50069771
1.3690407
-1.2695984
0.99305305
-0.8379841
1.450626
-1.0269329
-0.29285048
-1.1308689
-1.2638094
-1.47272
-1.0054582
-1.1391475
0.139168
-1.2815547
1.7071914
-0.35028466
1.1976625
-0.2691662
1.2954901
-0.95123889
0.26216134
1.6364274
-0.2567617
-0.97550196
-1.0318979
-1.0752059
-1.377362
-1.1919247
-1.8140736
-0.4886995
-1.1601185
-1.1526742
-0.98772679
-1.173935
-0.36626674
-0.79392597
-1.2758471
0.28830959
-1.0828271
0.73320474
-1.0251114
-0.044280013
-1.5314438
-1.8496496
-1.2610573
-1.2085119
-1.5555478
-1.1938615
-1.383945
-1.5111988
-0.91436665
-1.1175469
1.1098654
-1.104113
1.1409098
-0.99842751
1.7362117
-1.6492708
-0.86132568
-0.45854293
-0.82001622
-1.9250877
-1.0379674
-1.2837432
-1.0473059
-1.1602008
-1.8174191
-1.153698
-1.0702866
0.59320781
-0.28041261
-0.77618099
-0.95508603
-1.1938834
-1.5518469
-0.81118071
-1.0633626
-0.8499966
-1.0250331
-0.35857816
-0.69700035
-0.38942816
-1.1889941
-1.1250761
-0.94511252
-1.6223476
-1.6270762
-0.71299624
-0.88759077
-0.60903739
-1.3453474
-1.012398
-1.3449446
-1.1447561
-1.2458151
-1.1636665
-1.5273546
-0.9393103
-1.7200274
0.33559904
-1.2460853
1.2055826
-1.4619554
0.46453349
0.17980005
-0.7043713
-1.1055822
-1.2596701
-0.97148108
-1.4687748
-0.91945397
1.0780831
-0.65473813
1.2197241
-0.94717659
-1.104556
-1.2379613
-0.34838711
-0.16842312
-1.1668657
-1.0455901
-1.1298798
-0.96177114
-1.0481417
-1.0201542
-1.0055181
-1.3047764
-1.841147
-1.0248815
-1.2907743
-1.2437293
-1.2434967
-1.4337664
-1.2623102
-1.5849222
-1.0393014
-1.0415696
-1.5589269
-1.1820651
-0.3701728
0.6630447
-0.955978
-0.16212081
-0.89886338
0.95246151
-0.57362596
0.99921708
-1.2894906
-0.03361252
-1.3868769
-1.0137728
-1.2725064
0.89496516
-1.2213334
0.091320068
-0.96105272
-0.61615148
-0.66855414
0.82281075
-0.81566956
0.78657223
-1.200423
-1.0440628
-1.543228
-1.0075111
-1.0477251
-1.283893
-0.95783696
-1.0558059
-1.174994
-1.0797356
-0.28243266
-0.68532357
0.91458004
-0.65277637
0.79074563
-0.49152379
1.4248004
-0.95449451
0.97567421
-0.91493271
-1.0313055
-1.0890326
-0.91106313
-1.6823556
-1.0109708
-1.0797608
-1.4751853
-0.89660811
-0.90613711
0.072891463
-0.60312607
-0.72142608
-0.40296585
-0.50283006
-1.2450617
-1.2687137
-0.93808286
-1.9414399
-1.4383225
-1.5376819
-1.1423345
-1.7376526
-1.6560107
-1.247701
-1.1085935
-1.6106517
-1.6272693
-1.9571997
-1.2486609
-1.1862173
-1.7416387
-1.1175156
-1.0941434
-1.1907582
-1.1631764
-1.666345
-1.2958305
-1.4116862
-1.1802378
-1.0682688
-1.3665999
-0.76844831
-1.1311619
-0.80692587
-1.0794743
-1.2931605
-1.0894403
-1.3480922
-1.108455
-0.89117576
-1.1674653
-1.1671599
-0.91214211
-1.518924
-0.79690765
-0.57007911
-1.0354161
-0.29607681
-1.0690794
-1.1229907
-1.0383012
-0.83096231
-0.041225896
-1.4418743
-1.0226102
0.93273695
-0.57203893
-0.63574112
-1.2026672
-1.0986693
-1.6716445
-1.1381465
-1.1725581
-1.1623187
-1.5644619
-2.074748
-1.2313242
-1.2720354
-1.8461661
-1.1847729
-1.4420014
-1.5297752
-1.0725474
-1.2019712
-0.81706372
-1.0287317
-1.1774995
-1.2310409
-1.0166788
0.21077687
-1.0647904
-1.0123492
-0.8966129
-0.16738932
-0.93707598
-0.2104871
-0.99454543
-0.36591245
-1.119051
-0.52457727
0.68848743
-1.0673592
-1.2853786
-0.58669289
-0.32817478
-1.4146374
-1.3013094
-1.2357288
-0.98067633
-1.2046946
-0.60069234
0.70106679
1.501453
-0.32510066
-0.74472712
-0.9820595
-0.88367822
-0.73423836
-1.0538752
-0.24903546
-0.30705204
-1.0235859
-0.31672934
0.013354224
-1.1979098
-1.3041238
-1.22303
-1.1596499
-1.0545449
-0.98756083
-1.024577
-1.2481943
-0.97727154
-1.0423216
-1.0999117
-1.0182125
-0.14868396
-0.92106887
-1.1168169
-0.8563753
-0.13458694
0.068583278
1.3535448
-1.1903865
0.74020389
-1.0655412
-1.039787
-1.2080554
-0.73660254
-1.1737425
-0.81429682
-1.2094888
-1.3188927
0.57854292
-1.1127707
-1.0537984
-0.84651506
-0.434243
-0.50223069
-0.87676835
0.5196222
-0.73010037
1.0984589
-0.98938003
-0.82246544
-0.57665661
-0.95292731
-1.0058224
-0.93020445
-1.0035029
-1.107346
-1.0461045
-1.1301788
-1.3896414
-1.0069494
-0.99488622
-0.91828169
-0.71628133
-1.0221518
-0.57597156
1.158047
-0.7422181
2.6007456
-0.62317472
-0.017220501
-0.055991516
0.90620604
-1.0495048
-1.2633729
-1.2058743
-1.1353507
0.69619441
-0.72170814
1.5563639
-0.59344324
0.53075621
-1.0662565
-0.20218853
0.51283944
0.66052293
-0.77887862
-0.23154714
-1.350978
-1.0548046
-1.0414896
-1.0925831
-0.99409802
-1.0097047
-1.0629453
-1.0364117
-1.5672033
-1.2979316
-1.0355643
-0.52860155
-1.0119361
-0.90590165
-0.38201279
1.1408078
-0.99986281
1.342464
-0.7168164
2.6911917
-1.0968571
1.2433307
-1.2672933
-1.7268076
-1.2360452
-1.0561476
-0.65016777
-1.1756076
1.3306032
-0.79359298
0.5716358
-0.78353862
0.93646646
-1.0625736
-0.95193746
-1.0511812
-0.88380283
-1.0497902
-1.1038872
-1.3999575
-0.53685041
-0.73604793
-0.36810747
2.1401192
-1.0141309
0.71289567
-0.88986832
1.3505632
-0.95406886
0.84248088
-1.008627
-1.1196273
-1.4246897
-1.1482867
-1.1605626
-0.88105012
-0.49601957
0.50374841
0.62479398
1.1786165
-0.82905007
1.9499999
-0.18953021
-0.68276685
-0.92133079
-0.0056818093
-0.83609512
-1.0016412
-0.92648496
-1.6517599
-1.2452388
-1.0201117
-0.42570933
-1.0123838
-0.67982038
-1.0384425
-0.99330324
-0.76237971
-0.46510748
-0.11087479
-0.81942444
0.071244746
-0.90953739
-0.36257344
-1.8641778
-1.0658483
-0.63659715
-1.1467429
-0.5429064
-1.3552543
-0.79205728
-0.50700125
-0.53830599
-1.2490658
-1.2288578
-1.3929096
-1.0739601
-1.207854
-1.2688249
-0.73107104
-2.0504661
-1.0214712
-1.1747248
-1.1355002
-2.0572185
-1.3720948
-1.3436954
-1.1048475
-0.91656967
-0.21967611
-0.80015042
-1.0348479
-1.0515855
-0.78730647
-1.1282656
-1.509599
-1.3115468
-1.0085446
-1.9192685
-0.74981348
-1.4885344
-0.38081994
-1.8525026
-1.0699839
-1.2104777
-1.2801651
-1.7378469
-1.240189
-1.3564041
-1.02564
-2.197972
-0.96676258
-1.3173965
-1.2093003
-1.9116
-1.5493594
-1.0907171
-0.58633389
-1.7149192
-1.0704487
-0.96723584
-0.88487674
-1.2413179
-1.5787956
-0.95672447
-1.5397355
-1.497986
-1.0826315
-1.2978687
-1.3622965
-1.0834023
-1.1496412
-0.83229966
-1.1170036
-1.2727828
-1.5441223
-1.457468
-1.0979147
-1.4095964
-0.76289353
-1.0947791
-1.0569571
-1.4344823
-1.0093043
-1.7729587
-0.9270336
-1.1401128
-0.88256824
-1.864056
-1.0200162
-1.7320388
-1.1718236
-1.3086058
-1.3602488
-1.2050884
-1.4100152
-1.393922
-1.3440803
-1.331809
-1.1397525
-1.5199384
-1.1872499
-1.1760344
-1.205342
-1.3375576
-1.221511
-1.2676447
-1.62059
-1.2349738
-0.98064088
-1.458867
-0.99671038
-1.2174522
-1.1534084
-1.3541807
-0.82814607
-1.0892974
-1.0729866
-1.5757729
-0.4316797
-1.2315261
-0.99069548
-1.1738673
-1.0435849
-1.0876452
-1.0021794
-0.7823479
-1.3354054
-1.1483483
-1.2398207
-1.6198757
-1.4717126
-0.73299247
-1.0082124
-1.37467
-0.87377459
-0.85687806
-0.98083205
0.13566153
0.86103994
-1.2671506
-1.0223668
-0.36025992
2.0577349
-0.97968634
-1.0464949
-1.2032618
0.091930145
-0.68755921
-1.0214848
-0.85410701
-0.044844835
-0.74302412
-1.1556981
-0.072283563
-1.097219
-1.0045203
-0.96100044
0.379816
-0.78568904
-0.99055038
-0.93730355
-0.85961747
-0.20921339
-0.91858436
-0.16909769
-1.2068444
-0.64228967
-1.0733042
-0.87947977
-1.0500776
-0.95708481
-1.1965379
-0.45139714
-1.0679159
-1.0603388
-1.2350482
-0.81346403
2.4190197
-1.0241125
1.2369981
-0.98724062
-1.1253473
-1.0463632
0.88212202
1.2068211
-1.0168041
-0.828101
-1.1352502
-1.1602406
-1.0627012
-0.61639044
0.95163345
0.44551331
-0.92511397
-0.92295055
0.90079363
-0.83456936
2.3563942
-0.78906701
-0.9013038
-1.1748445
-1.0698081
-1.1172104
-1.0002011
-1.1991879
-1.2580495
0.2658462
-1.0092325
0.84990104
-0.89025944
1.798972
-0.8520486
0.80620601
-0.99525341
1.2276867
-1.3217699
-1.2143827
-1.3266988
-1.1809589
0.31775362
-1.4878488
0.88747501
-0.9184325
1.5819547
-1.0516186
-0.97497114
-0.5353657
1.616238
-0.99297872
-0.80083627
-1.0603801
0.15864411
-1.0545978
-1.1211268
-1.2430997
-0.98584874
-0.95327055
-1.0384115
0.93772664
-0.63363574
0.704248
-1.0248142
0.20096864
-0.99324907
0.62315128
0.017166669
-0.45023459
-1.1627134
-0.97088962
-0.18917717
-1.013175
-0.86511524
-0.6495388
-0.37688374
-0.99447596
-0.25360505
0.41794671
0.14701751
-1.0043337
-0.87586591
-0.94847751
-1.1231781
0.289592
-0.77329873
-1.0893814
-1.1063923
-1.2264087
-1.0215349
-1.5231994
-1.0960232
-1.025962
0.26417535
-0.8691551
-0.88273267
-1.0011167
-1.4239587
-0.99573335
-1.0366531
-0.70483542
-0.63322329
-1.0335172
-0.66973576
-0.82744666
0.68079815
-1.0442037
1.7840078
0.60801875
-1.5723686
-1.090935
-1.1237411
0.21376034
-1.0741983
-0.91836546
0.68211144
-0.99581151
0.84414611
-0.92441231
0.037956307
-1.0700342
2.0265972
-0.77200285
-0.9858011
0.92803185
-0.74333503
-0.011232815
-1.0642655
-1.142627
-0.97800136
-0.94017222
-0.72594824
-1.2228365
-1.2668757
-1.096962
-1.1170965
-0.96377949
-0.66877516
-0.5421528
-1.1617395
-1.0154475
-1.207132
-0.79730732
-0.74968596
0.77385936
-0.76991581
0.64572096
-0.90643125
-0.60154946
-1.0352299
0.87504875
-0.92404608
-1.0154408
0.46832414
-1.1506725
-0.70730653
0.35391614
-0.90836427
0.037737498
-0.76803596
0.008339243
-1.0193475
-0.47873704
-0.97767768
-1.0464642
-1.2421828
-0.914758
-1.1627348
-1.1628596
-1.0097336
-1.1286453
-0.98796261
-1.1203889
-0.64224469
2.0246933
-1.0523683
-0.23315761
-0.98646155
-0.0096137198
-1.0345795
0.27260718
-1.0869588
-1.6007837
-1.1334152
-0.97328086
-1.3914735
-0.096967299
-1.5023665
-0.99114034
-0.54492572
-0.41905067
-1.0273332
-1.1027415
-1.0746092
-1.1046118
-1.2234397
-1.1391795
-1.3793855
-1.1743997
-1.1553181
-1.009299
-1.7249567
-1.0194529
-1.3548095
-0.84694541
-0.9596
-0.57090993
-1.0889272
-1.394666
-1.8914903
-0.89646068
-1.1484685
-1.0232436
-1.3795054
-0.90481574
-0.9227681
-1.8688627
-1.2847009
-1.0148415
-0.31652325
-1.205485
-1.254603
-1.4948436
-1.1839683
-1.2362543
-1.1350554
-1.2002904
-0.89287205
-1.2471615
-0.77256888
-1.4607911
-1.2663615
-1.1153873
-1.2471981
-0.22649418
-1.0355887
-0.70653328
-1.2055385
-1.670051
-1.128983
-0.88037225
-1.1795797
-1.4787427
-1.1836872
-1.4322367
-1.1817794
-1.6151273
-1.289541
-0.87306654
-1.1312795
-1.4682243
-1.2463491
-0.82374287
-1.2018211
-1.3624699
-1.2675695
-1.2623087
-0.59606336
-1.1584244
-1.0314062
-1.1245299
-0.95048465
-1.3418424
-1.0795728
-0.95075046
-1.4052122
-1.357528
-1.6824415
-1.0221518
-1.3062907
-1.1405997
-0.79220669
-1.0366384
-1.0514246
-1.3385605
-1.2836858
-1.279413
-1.2087579
-1.2294188
-0.56343465
-1.017154
-0.57484836
-1.3701821
-1.2301332
-1.0610814
-1.355686
0.021965131
-1.1111978
-1.3599419
-1.1501628
-1.3658829
-1.3375467
-1.5094444
-1.2756256
-1.5931739
-1.7828656
-1.4064086
-1.4030474
-1.2506485
-1.4434306
-1.4139468
-1.5850904
-1.1049129
-1.3439138
1.3253646
-1.2455907
-1.0026697
-0.97954668
-0.57872931
-1.2722169
-1.2255554
-1.5584748
-0.9902751
-1.3223329
-1.0132938
-1.3950702
-0.94533087
-1.0777054
-1.3873335
-1.1833622
-1.3214027
-1.1910965
-1.2750083
-1.7846068
-1.0371216
-0.95679882
-1.0844466
-1.6053397
-1.3766373
-1.5607914
-1.1939345
-1.2530364
-1.5047822
-1.3432639
-1.7961424
-1.2572708
-1.1839683
-1.4604489
-1.366561
-1.366561
-1.167887
-1.1451646
-1.2451244
-1.3673135
-1.5021784
-1.1839683
-1.4329547
-1.6180589
-1.1983184
-1.2356862
-1.1912547
-1.5042018
-1.4506531
-0.84794975
-0.78046104
0.18042114
-1.5169472
-1.0649617
-1.0010751
-1.1207865
-1.0428589
-0.9540106
-1.3026129
-1.1102283
-1.1540389
-1.7653575
-1.4073212
-1.6323258
-0.97091889
-1.4008949
-1.419934
-1.2216341
-0.70455631
-1.5861831
-1.0797175
-1.1710139
-1.4091341
-1.4389005
-1.178754
-0.99331764
-1.5001932
-1.1465964
-1.3032065
-1.6948359
-1.0978022
-0.7569203
-1.2608667
-1.0462742
-1.0923211
-1.3016908
-1.0410661
-0.53574988
-1.4566912
-0.10961361
-1.0290952
-0.33783117
-1.3553406
0.74383523
-0.85603077
-1.1541322
-0.95361334
-1.1100492
-1.4950832
-1.062399
-1.0449563
-1.0352172
-1.4683925
-1.6017326
-1.45303
-1.6323324
-1.3765393
-0.8426967
-1.1358376
-1.4007868
-1.1571312
-1.3748333
-1.452389
-1.5740824
-1.6906743
-1.0511766
-1.487863
-1.2639582
-1.8132173
-1.366561
-1.3568127
-1.1675638
-1.4181598
-1.8808144
-1.1522622
-1.4723038
-1.1191897
-1.5581081
-1.7060059
-1.0441056
-0.86661945
-1.3304039
-1.547926
-1.4071432
-1.1839683
-1.2492962
-1.245516
-1.4049955
-1.6124244
-1.6105371
-1.1025263
-1.3044674
-1.3456794
-0.88031196
-1.2686314
-1.8168062
-1.2872332
0.55696231
-0.96625779
1.1534411
-1.3419998
-1.2884955
-0.97111121
-1.1096266
-1.0865198
-1.1087804
-1.1402115
-1.0605352
-1.0993152
-1.6797296
-1.4651092
-1.2900679
-0.95976039
-1.1579073
-1.2404776
-1.1591442
0.27421754
-1.0788615
-1.3634127
-1.0577168
-1.3444374
-1.4182669
-1.2132282
-1.3846906
-1.6366247
-1.167887
-0.79423407
-1.2622514
-1.1344273
-1.2216256
-1.3634945
-1.1838491
-1.0445988
-1.4513545
-0.69733139
-1.3445696
-1.1655269
-1.4516316
-0.055479093
-0.96650081
-1.3110001
-1.1839683
-1.221448
-1.6470802
-1.0910962
-1.1220314
-1.2365416
-0.99450663
-1.5524373
-1.0999391
-0.67037465
-0.94300695
-1.3817878
-1.1454586
-1.0126319
-0.95393918
-1.4837271
-1.124149
-1.2983315
-1.4273735
-1.4947747
-1.2792537
-1.4445569
-1.4659573
-1.1778768
-1.1665899
-0.62920164
-1.5143
-1.254347
-1.1513213
-1.5272378
-1.0952915
-1.5219253
-1.4603745
-1.3832188
-1.4612923
-1.3133659
-1.2613603
-1.0808628
-1.1839683
-1.1932598
-1.0790472
-1.4185968
-1.216154
-1.214984
-1.3419115
-1.912372
-1.4181508
-0.91541399
-1.155033
-1.0025159
-1.2911103
-0.90269879
-1.1835442
-2.0619696
-1.2025765
0.40633495
-0.87629486
0.50650031
-1.4396691
-0.46446964
-1.2269885
-1.0549612
-1.1501113
-0.97674857
-1.221441
-0.90960423
-1.3790897
-1.0019376
-1.4158134
-1.4435452
-1.338601
-1.2791395
-1.5762584
-1.3340509
-0.40798656
-1.2170518
-1.5407664
-1.0642697
-1.3621615
-1.3742748
-1.6953053
-1.4257651
-1.3035966
-1.3142714
-1.5809671
-1.2015387
-1.5276024
-1.0807741
-0.80688046
-1.0626029
-1.5298281
-1.108417
-1.1823642
-1.1839683
-0.28410124
-1.2438114
-1.1839683
-1.254905
-0.89139043
-0.85035744
-1.1524697
-1.2430907
-1.1005964
-1.3880489
-1.0259086
-1.1405337
-1.6320941
-1.2420125
-0.53803173
-1.3873738
-0.89044491
-1.2007952
-1.3880661
-1.4641561
-1.3632407
-1.274668
-1.2226191
-1.5207218
-1.0866344
-1.5208286
-1.2636109
-1.314849
-0.74727261
-1.3705394
-1.5189245
-1.7228131
-1.4413461
-1.6592714
-1.5327192
-1.503687
-1.7268259
-1.3794125
-1.6281139
-1.6537767
-1.1860728
-1.2306712
-1.7336733
-1.144367
-1.2893293
-1.3583698
-1.2388712
-1.3112252
-1.5192195
-1.6771534
-1.398523
-1.1339403
-1.4754288
-1.3042334
-0.79396348
-1.4783175
-1.1672981
-1.0997708
-0.57675988
-0.91852722
-1.0960534
-1.1685111
-1.4406574
-0.87932773
0.0216532
-0.91498422
-0.58599581
-1.1061351
-1.2094663
-1.1662022
-1.378015
-1.4139804
-1.7889752
-1.412181
-1.4122537
-1.3334385
-1.8196348
-1.2447726
-0.0030809284
-1.0464704
-0.078002252
-1.0568708
-1.2792559
-1.211248
-1.4997772
-1.5408788
-0.98559001
-1.0449341
-1.0442569
-1.0638327
-1.1890419
-1.0797144
-1.5480186
-1.0498391
-0.67899261
-1.1475803
-0.80054229
-0.56799454
1.2712322
-1.1547391
-1.125116
-1.173985
-1.4758198
-1.4643922
-0.88623258
-1.3014653
-1.8058497
-1.1613521
-1.2512473
-1.2040858
-0.78230101
-0.82644822
-1.341671
-1.1663709
-1.0058341
-1.0798374
-1.5782759
-1.30906
-1.6584375
-1.3759608
-1.2824025
-1.1881272
-0.026324166
-0.8843531
-0.35238582
-1.0391141
-0.84543386
-1.0680974
-1.0568697
-0.36518089
-0.63411172
-1.4719593
-1.1103451
-1.6067011
-1.0689742
-1.3345347
-1.4208845
-0.97500717
-1.0246142
-1.3081571
-1.1360483
-1.3355271
-1.1095303
-1.3606537
-0.97339961
-1.3677755
-1.4215499
-1.241979
-0.96112606
-0.91271268
-1.4399975
-1.2103962
-0.3333839
-1.6378309
-1.286776
-1.1375471
-1.3750813
-1.6232935
-1.174238
-1.464222
-1.1519471
-1.1830155
-1.3146465
-0.95108726
-1.0606903
-1.0069554
-1.1140988
-1.3031366
-1.0621235
-1.4872128
-0.9336002
-1.1061328
-0.46454602
0.67597493
-1.0610263
-0.88225826
0.88083563
-0.96011714
-1.2538992
-0.049337553
-1.1269041
-1.0717602
0.77517302
-1.3357932
-0.96938713
-1.3779988
-1.2772319
-1.8480269
-1.3872239
-1.1895768
-1.2287886
-0.36649833
0.063250683
-0.96057696
-1.0606552
-1.0308954
-0.98682204
-1.4164719
-1.2985391
-1.0968736
-0.45550652
-1.0479202
-0.4253629
0.88261368
-1.4547412
-1.3950027
-1.1913364
-0.96402092
-0.076154123
-0.97865804
-1.4446284
-1.8043925
-1.0976697
-1.2701617
-1.2781613
-1.4067635
-0.45519856
-1.260452
-1.3540807
-0.97439147
-1.4103415
-0.36144583
-1.0726558
-1.2565561
-0.98967698
-1.5878073
-1.3699883
-1.347398
-1.1102596
-1.1258158
-1.1260223
-0.83096966
-1.1901872
-1.0308529
-1.2550491
-0.8211732
-0.83384843
-1.2904966
0.082397248
-1.2550257
0.11074023
0.75299042
-0.030453189
-1.5916923
-0.026749113
-2.9270905
-1.7461433
-2.0962786
-1.1191802
-1.6874754
-1.3685045
-1.2404884
-1.4725581
-0.92204821
-1.5475975
0.43241275
-1.0159167
-0.91442326
-0.075783682
-1.5987556
-0.92071216
-1.2348588
-0.92251489
-0.9772751
-0.94403122
-0.95133717
-1.0666589
-0.97792836
-1.2507201
-0.9275605
-0.70244007
-0.18713732
-1.209951
-1.2156093
-0.69330661
-1.4391185
-1.2986837
-1.3720643
-1.194935
-1.0150339
-1.7433054
-1.3367737
-1.0284094
-1.0319008
-0.66005434
-1.0645812
-1.096749
-1.1311649
-1.1777534
-1.3275002
-1.2289232
-1.4237767
0.19976533
-1.4074317
-1.1698003
-1.3856052
-1.3613086
-1.0216264
-1.1579388
-1.1741578
-1.4817113
-1.2141319
-1.084447
-1.5237976
-1.3874525
-1.7478377
-1.1661722
-1.3972231
-0.83849997
-1.3646049
-1.2000177
-1.2009852
-0.519796
-1.2292691
-1.5180928
-1.7317976
-1.2843492
-1.2374272
-1.3419229
-1.7301658
-1.392046
-1.5332648
-1.4382917
-1.5470326
-1.4310709
-1.4161997
-1.4835821
-1.4935152
-1.377805
-1.5037974
-1.7955165
-1.1635975
-1.3728073
-1.7287262
-1.2598148
-1.0830317
-1.1196238
-1.0154132
0.43027817
-0.97869715
-0.16549793
-0.79968747
-0.72930443
-0.96968367
-1.0802675
-1.7567449
-1.1664325
-1.2370318
-1.4954645
-1.5028449
-1.3612279
-1.6623843
-1.617844
-1.5351986
-1.4803666
-1.6502081
-1.6223627
-1.3446457
-1.6809107
-1.1409862
-1.6544836
-1.2822539
-1.7124995
-1.5651868
-1.356048
-1.487816
0.15047739
-1.1536665
-1.3249755
-1.1705354
-1.2112776
-1.4226973
-0.90122227
-1.2281875
-0.86614381
-1.7175698
-1.6462725
-1.2071289
-1.3898053
-1.4211854
-1.4807863
-1.2240658
-1.5523431
-1.1067845
0.16440005
-1.3232614
-1.4984748
-1.2084068
-0.85512677
-1.3852939
-0.88030868
-0.90228463
-1.1332306
-1.3372908
-0.94357438
-0.80556454
-1.3090441
-1.1086239
-1.1194609
-1.258862
-1.1182065
-1.366561
-1.3699279
-1.3520926
-1.2333725
-1.5478622
-1.6803388
-1.3439341
-1.8186493
-1.0869948
-1.618014
-1.2380203
-1.1414189
-1.8370595
-0.41661485
-1.0779312
-0.87210515
-1.3387705
-1.2316381
-1.173171
-1.4632356
-0.58316472
-1.204514
-1.1074473
-1.383562
-1.8751877
-1.2321919
-1.2794663
-0.8082626
-1.0484036
-0.88160061
-1.0456199
-1.4766761
-0.9362144
-1.1213143
-1.1656404
-1.30612
-0.80721582
-1.2073695
-1.2327904
-0.88196087
-1.2048944
-1.3546789
-1.0687728
-1.2978146
-0.98556284
-0.68920142
-1.1624931
-1.1993909
-1.3902177
-1.483252
-1.7173986
-1.1414818
-1.5837582
-1.1731971
0.39474284
-0.99881371
-1.1338198
0.70301432
-1.1228663
-1.2095219
-0.89259867
0.093418136
-1.0622992
-1.003709
-1.2208421
-0.98988079
-1.6119344
-1.1540201
-1.3739541
-0.70942441
-1.3435029
-0.89574362
-1.7771267
-1.1335088
0.46171418
-0.98563532
-1.2345118
-0.86202527
-1.4634669
0.49078122
-1.0072484
-0.89394644
-1.7578759
-1.0951687
0.035408993
-1.0897692
-1.039381
-0.99569004
-0.33018159
-1.2919063
-1.2499302
-0.93547853
-1.1790769
-1.0651084
-1.3112884
-1.2643201
-0.71455898
-0.80081251
-1.2775749
-1.2669661
-1.2470435
-1.4143414
-1.2112084
-1.3232894
-1.6118709
-1.5389652
-1.5623548
-1.5850098
-1.3255091
-1.2061566
-1.5898996
-1.4771143
-1.4780863
-2.3258516
-1.8785467
-1.5636731
-1.3800287
-1.8151923
-1.7242956
-1.8412832
-1.1863396
-1.657373
-1.4248754
-1.5898775
-1.5397628
-1.884476
-1.5165877
-1.252217
-1.5766284
-1.1407048
-1.2041263
-0.30796985
-0.70001995
-1.1024789
-1.4465928
-1.0832391
-1.4704524
-1.7292488
-0.9442642
-1.0995856
-1.0608036
-1.6105941
-0.92994184
0.6345913
-0.98567177
-0.9361467
-1.3760201
-1.3453474
-1.4704053
-0.93238782
-0.80712988
-0.80163099
-1.5539233
-1.1134557
-1.0549238
-1.1839683
-1.1281927
-1.489969
-1.2877106
-1.3822963
-1.144367
-1.4216101
-1.0001094
-1.1839683
-1.3453474
-1.6665954
-1.083071
-1.0001094
-1.2162136
-1.144367
-1.4604489
-1.4064338
-1.3985041
-1.3431025
-1.1281927
-1.1070422
-1.366561
-1.1134557
-1.1839683
-1.1839683
-1.188987
-1.1839683
-0.96763333
-0.18406914
-1.0001094
-1.144367
-1.1839683
-1.366561
-1.0001094
-1.4150365
-1.0001094
-1.0849518
-1.0001094
-0.92980195
-1.3130043
-1.4988399
-0.06979569
-1.3453474
0.64350846
-0.4027942
0.33431225
-1.4262391
-0.076561899
-1.1155103
-1.0133954
-1.3462762
-1.3101407
-1.2242637
-1.0378604
-0.76401555
-1.1105476
-0.87470875
-0.93980715
-1.2138959
-1.2474055
-0.69113827
-1.5147067
-1.0463827
0.32280122
-1.1277183
-0.93086415
-1.0014413
-1.5309776
-1.1177867
-0.84202662
2.1600932
-0.75351807
1.7500767
-0.93309104
2.4088092
-1.0404751
0.64457892
-1.3594001
0.45916587
-1.2273492
-1.0331541
-1.1310803
1.0061772
-1.2268489
2.8263992
-0.94774452
3.5161626
1.4589758
2.7473859
-0.7432634
0.34978229
-0.58763999
-1.1047298
-1.0762209
-1.1171708
-1.1415788
-1.0037633
-0.59385296
-1.3972112
-1.1939358
-1.0566768
-1.0389367
-0.86016007
-1.0978912
0.097668678
-1.0537289
-1.4926136
-1.0411073
-1.0447449
0.99221312
-0.47556917
2.9089023
-0.56976819
1.6082018
0.34268419
-0.20465927
-0.96767062
0.54305369
-0.90699439
-1.7365514
-1.0746956
-1.2379903
2.8689082
0.30923781
1.791375
-0.98717589
0.70223824
-0.98105913
1.4520919
-0.39626536
1.8240995
-0.68571777
-0.60523123
-0.98832818
-1.1020686
-0.95166036
-1.1282781
-0.971215
-1.2747824
-1.0638271
-0.84500895
-1.2485638
-0.29708225
-1.4524296
-0.53592392
-1.431674
-1.3542187
-0.60931605
-1.1877021
-1.0294596
-0.95057799
-0.71089148
-0.98598749
-0.51869966
-1.1388252
-1.0097318
-1.0533814
-0.49492144
-1.1532606
-0.81685964
1.4088625
-0.80109924
2.8529511
-0.49666949
1.72489
-0.56988645
1.6649142
-0.79505031
0.91016826
-0.88290376
0.21984877
-1.1989979
-0.83717945
-1.294738
-1.4540591
-1.334108
-1.3114399
-1.4929344
1.733973
-0.95951627
-0.22886192
-0.13366708
-0.9939039
-0.32366046
1.3262769
-0.91385966
1.2820704
-1.1262309
1.167228
-1.2041227
-1.0740098
-0.89161588
-1.1982161
-1.4748261
-1.0383912
-0.81595014
-0.63038105
-1.002437
-0.92082148
-1.0270472
-1.1194335
-1.3865652
-1.2608056
-0.97096174
-1.1124572
-1.0058611
-1.4975151
-0.91293048
0.23269764
-1.3179892
-0.90167939
-0.965843
-1.1782337
-1.1004264
-1.0784518
-1.0733899
-0.19585422
-1.1178059
-0.44907907
-0.58108165
1.5943777
-0.89315449
2.7803737
-0.90463757
3.1819173
-1.011361
0.80243243
-1.2651937
0.4792353
-1.1322723
-1.0487593
-1.3703598
1.4880841
-0.6314686
0.073337462
-0.27190787
1.4534133
-0.56545978
2.4380665
-0.18614635
1.4703879
-1.0091909
-0.67368597
-1.09345
0.19415694
-1.0005849
-1.0571738
-1.1055323
-1.1683668
-1.257956
-1.1268642
-0.74566844
-0.91397951
-0.11835763
-0.36197682
-0.88605604
-1.4978868
-1.0967209
-0.97915378
-1.2657962
-1.0135714
-1.2943586
-1.4833157
0.32850215
-1.1664022
-1.1031271
-1.2785236
-0.62365658
-1.2798106
-1.0573038
-1.4686697
-1.1283766
-0.9028456
-1.0473561
-0.056434371
2.3401986
-1.2308151
2.0307829
-0.82484536
1.414934
-0.8992756
1.3745181
-0.92645747
2.4980341
-1.2488165
-0.25614645
-0.84064855
-1.0869545
-0.98719959
1.3798959
-0.70539637
1.7640479
-1.3660557
3.02561
-0.95592618
-0.18434841
-0.86862034
0.6414077
-0.80700299
0.42210952
-0.97247772
-1.0788303
-1.0807738
-1.4472094
-1.0051057
-0.99456581
-0.68323761
-0.39348704
2.9730431
-0.13715386
1.9753733
-0.77613914
1.3386142
-0.67797709
2.5862506
-1.232297
-0.11548559
-1.3970071
-1.0663899
-0.19538659
-1.6557114
-1.315097
-1.3618598
0.21591421
-0.57263096
0.070851012
0.19292839
-1.0202316
-0.60611324
-0.003424619
-0.92742678
-0.022250686
-2.3591573
-1.6422998
-1.9150774
-1.3549254
0.24581714
-0.87683267
-1.3945015
-1.1367676
-1.3593006
-1.083038
0.50565313
-1.038393
-1.121572
-1.1078914
-1.1392014
0.31240592
-1.0916844
-1.1182989
-1.2151567
-0.50711169
-1.1201798
-1.0353956
-1.1822839
-0.58599939
-1.041158
-1.1361644
-0.17763142
-1.2325782
-1.4202321
-1.6739569
-0.59530323
-0.99889724
-1.3085167
-1.1242739
-0.89886019
-1.3544701
-1.3949798
-1.262442
-1.4237105
-1.1935719
-0.94234279
-0.36340559
-0.89603197
-1.3827529
-0.92302401
0.20630591
-1.1220269
-1.0574902
-0.99245443
-0.49845689
-1.0799729
-1.0185357
-0.35694979
-0.26693338
-0.99516174
-1.3157964
-1.2319242
-0.88105562
0.44097491
-0.73543456
-1.131144
-1.4646188
-1.0729903
-0.0086864477
-1.130589
-0.94103257
-1.0479201
-0.2621867
-1.0645266
-1.3092437
-1.3938386
-1.2366439
-1.0466042
-1.1747973
-1.299659
-1.1073015
-1.6222823
-1.3071917
0.63758792
-1.5764658
0.64302281
-1.1216328
-1.5217892
-1.0045371
-0.8518874
-1.0428461
-1.1327517
-1.1788085
-1.226807
-1.1959995
-0.51234153
-0.67334717
-0.87887918
-1.3307312
-1.0116977
-0.45360148
-1.0750057
0.21462126
-0.9369244
-1.0381508
-1.1240758
-0.57256122
-1.2678682
-1.1263611
-1.0660023
-1.1943002
-1.2614538
-1.2962451
-1.1403953
-1.165986
-0.99683127
-0.92036955
-1.1169433
-1.0974397
-1.5764505
-0.66556624
-1.1690224
-1.1493975
-1.0332147
-1.0587051
-1.7518222
-0.73623458
-1.023573
-0.67624738
-1.2095489
-1.0917423
0.97857861
-0.97845932
-0.69681322
0.2552539
-0.95114928
-0.94758651
-1.0262342
-0.5209188
-1.2764697
-0.85927264
-1.317322
-0.030463949
-1.3959586
-0.95035933
-0.86680177
-0.91347295
-0.50515616
-1.2054457
-1.0431411
1.1067608
-1.0257843
-0.099985761
-1.6113411
-1.0813267
-0.8082558
-0.98809341
0.56653903
-1.0856987
-1.7397547
-0.99531012
-1.2073595
-1.1680841
-1.1291047
-0.76511016
-1.0446227
-0.78667347
-1.3367263
-0.070419975
-1.0787916
-0.37888341
-1.465602
1.2223803
-1.0359168
-1.080799
-0.94582715
-1.1688948
-1.2124446
-0.40093561
-0.58153494
-0.77341262
-1.0019948
-1.1080123
-1.3864802
-1.0139207
-0.87112352
-1.1230531
-1.0717171
-1.0049783
-1.1673207
-1.5484372
-1.2775031
-1.1205748
-1.0336946
-0.19355965
-0.73295572
-1.0511183
-1.1774643
-0.91081072
-1.4244091
-1.1209338
0.42546176
-1.1239419
-1.1874913
-1.0991726
-1.0157531
-1.313166
-0.30323319
-1.1056112
-1.7326702
-1.0170618
-1.0339237
-0.65780626
-1.2583817
-1.1133165
-1.060654
-0.75625116
-0.97654937
-1.0918447
-0.76500143
-0.93190472
-1.0352653
-1.0899648
-1.1959227
0.82589857
-0.90177677
-1.0302801
-0.81210663
-1.1606422
-1.1563738
-1.4350675
-0.983753
-1.3194941
-1.0649701
-1.482084
-1.2223312
-1.0485092
-1.1233924
-1.2420186
-1.1333006
-1.2507101
-1.1309332
-1.496239
-0.15447326
-1.0400221
-1.2948879
-1.0467144
-1.050166
-1.0767408
-0.52053643
-1.0894408
-1.2191782
-1.0603179
-1.1129541
-1.1552327
-0.98237342
-0.79024303
0.47983155
-0.57179657
0.39531812
-0.91427126
1.2296811
-0.92314579
-0.068010406
-0.78186396
-0.98880388
-1.0452352
-1.3551572
-0.92692962
-0.40891585
-0.86599656
2.3671631
-0.64823295
2.7719829
-0.91662522
1.3610202
-1.1255225
-1.1886242
-0.75823858
-0.91994259
-0.52448962
-1.1738143
-1.2163356
-0.23039297
-0.67518416
0.99452655
-1.0662171
0.39641563
-0.9819657
-0.75406258
-0.91893576
0.060266434
-0.95611582
1.6173003
-0.89936058
-1.2463789
-1.3659565
-0.97593153
-0.86907585
-0.95796999
2.9675775
-0.79039248
1.2661435
-0.83176009
0.60760182
-0.91417209
-0.079768204
-1.0003915
-1.5786387
-1.1371771
-1.1341017
-1.2389769
-1.0879866
-1.5004569
-0.93900308
-0.86528618
-0.41885643
0.21012865
-1.0372477
0.44449642
-0.51133702
0.40556629
-0.75874032
1.48648
-0.98400517
-0.92119172
-0.9185979
-0.96549084
-1.8932919
-1.0286509
-1.1010972
-1.3944643
-1.023051
-1.1152374
-0.88084069
-0.98316966
-0.24192957
-0.85407477
1.1646782
-0.82081578
2.1456808
-0.74699238
0.3663257
-1.0389357
0.06311528
-1.0666523
-1.5714007
-1.1026016
-1.0069914
-1.1856844
-0.2779998
-1.029929
-0.24241231
-1.1905278
1.6379994
-0.49217778
-0.44092155
-1.163945
1.2344619
-0.92676249
-0.73182584
-0.97551055
-1.1855259
-0.043899123
-1.064521
-1.6796182
-1.1833898
-1.0118228
-1.1330995
-1.1664913
-0.98768681
-1.0072414
-1.2683193
-0.85866485
-0.27044832
-0.68773715
-0.64148276
-0.72359295
-0.80242065
2.4792408
-0.37712977
1.3573082
-0.95536922
0.58359778
-1.1983697
-1.1314643
-1.2688037
-0.97958905
-1.1163858
-1.1250035
-1.4504156
-1.5891994
-1.0321437
-1.0117442
-1.1307668
-0.89078319
-1.3437537
-1.2166525
0.13690013
-0.65178131
1.8141155
-0.76309824
1.6274233
-0.90915461
1.6847073
-0.27307077
-1.2720052
-1.0334322
-1.6503292
1.7706262
-0.0206816
-1.0085185
-1.0646575
-1.5621262
-1.0797682
-1.1290114
1.6329962
-0.83149914
2.2884518
-0.36255181
1.6829753
-0.92980966
0.17287365
-0.98430067
0.92823405
0.56894633
0.06246723
-1.1618574
-0.45895465
-1.3254141
-0.94590891
-0.99576439
-1.2771029
-0.94609124
0.63865787
-0.73772156
2.408368
-0.95091769
0.67213738
-0.92546565
1.7246858
-0.88438639
1.2784762
-1.4115612
-0.20964862
-0.81555322
-1.16854
-0.98090422
-1.611187
-0.99475817
-1.0174172
-1.2228112
-1.0006144
-1.5665971
-1.0452552
-0.73466249
-1.1144018
-0.86700151
-0.69955337
-0.81356268
-0.93185968
-0.93906838
-1.109676
-0.95985345
-0.74879682
-1.2004492
-0.9653643
-0.8180651
0.15100813
-0.98220198
0.57378065
-0.9939745
-0.82837158
-1.0753083
-0.61404926
-1.1216972
-1.1523566
-0.98195563
-1.3518951
-0.9718409
-1.1796199
-1.0962832
-1.2966069
-1.7318953
-1.1017108
-0.40830187
-0.68584607
-1.051678
-1.3470397
0.70046976
-0.95677585
-0.20164905
-0.79768951
1.9302307
-0.92024476
0.16428727
-0.95875118
0.49706002
-1.6121564
-0.2506555
-1.0517153
-1.1673631
-1.151973
-0.25702823
0.36421531
1.9573716
-0.69110927
0.98086375
-1.2151039
0.81635617
-0.98664772
-0.21194143
-0.92133079
-1.0525848
-0.81445106
1.3674581
-1.0597223
-1.1786653
-1.5028865
-1.4009059
-1.1112391
-1.5730757
-1.1060064
-0.26367802
-1.0679293
-1.0831558
-0.92328001
-0.98044334
-0.92517402
0.83021051
-0.92111414
1.6249016
-0.93093206
0.92846769
-0.71856178
-0.96548733
-1.0003077
-0.69101945
-0.88040744
-1.2544718
-0.37557523
-0.96877968
0.74068628
-0.89591919
-0.1299631
-0.59013433
0.80046429
-0.97307362
-0.10488988
-1.0772116
-1.0146098
-1.0358585
-1.1116673
-1.2017861
-1.1586438
-1.3651397
0.32497422
-0.8251281
0.19545173
-0.28895597
-0.42905335
-0.47758421
-0.95711293
-0.93078932
-1.2473706
-1.0120219
-1.0598191
