-1.0903833
-0.52666117
-0.52335916
-0.52289672
-0.53898999
-0.51981063
-0.099662024
-0.67064554
-0.74573061
-0.30325615
-0.67282173
-0.74039585
-0.69326327
-0.57331418
-0.56901897
-0.52409186
-0.5361003
-0.52803403
-0.52338878
-0.53791775
-0.66755739
-0.60854007
-0.55538257
-0.52405816
-0.57403635
-0.669468
-0.52336983
-0.5618164
-0.54303658
-0.52464036
0.12676422
-0.61911217
-0.535269
-0.33892419
-0.52326335
-0.62203443
-0.60567782
0.88576898
-0.51773761
-0.78645338
-0.42076622
0.13758397
-0.93400791
-0.7134896
-0.54882797
-0.72362356
-0.60090096
-0.51956253
-0.51032312
-1.0118181
-0.46483358
-0.76038023
-0.58649526
0.20978036
-0.53182228
-0.50965003
0.33713827
-0.23792033
-0.52401635
-0.53095705
-0.52351172
-0.52471292
0.20547769
-0.65329232
-0.53059762
-0.69212895
-0.51581346
-0.53511584
-0.66009256
-0.51050062
-0.51984981
-0.72869457
-0.55482223
-0.53834694
-0.56092054
1.1321846
-0.47552579
-0.065661572
0.2690689
1.2865113
-0.51716356
-0.52730404
-0.52333296
-0.52393755
-0.52343102
-0.64689877
-0.52495567
-0.78438444
-0.24645318
-0.57206654
-0.51324118
-0.54073462
-0.51246538
-0.39865346
-0.49552614
-0.23102039
-0.99744487
-0.38719586
-0.54179532
-0.51516078
-1.2426597
-0.80086745
-0.57193178
-0.52560364
-0.82093914
-0.51353212
-0.44013335
-0.5274225
-0.50602564
-0.067884158
0.77630421
0.17170216
-0.50204762
0.23123531
-0.52445427
-0.52360856
-0.52238546
-0.46359707
-0.52369946
-0.52340288
-0.83514872
-0.54932998
-0.67988936
-0.73934153
-0.64746918
0.89677098
-0.52983722
0.39980519
-0.029089454
-0.52307608
0.17332285
0.85903529
-0.52655664
-0.37857366
-0.52018549
-0.40041652
-0.59136984
-0.52427399
-0.52192082
-0.66418942
-0.52517234
-0.13077533
-0.52657235
-0.51593992
-0.96518305
-0.93514103
-0.45207179
-0.91716036
0.3510522
-0.56638466
-0.043040885
-0.92646309
-0.56600702
-0.3864296
-0.43564974
-0.040272633
-0.52327953
-0.50102956
-0.65105919
-0.57806448
0.94095474
-0.67294028
-0.087547353
-0.52408776
-0.4588744
-0.80896143
0.81361744
-0.83815213
-0.59865
-0.46872072
-0.51857487
-0.53970575
-0.70284795
-0.55956672
0.042461617
-0.82811031
-0.53101288
0.038842533
0.16069926
0.8781366
-0.055333123
-0.29971472
-0.26514327
0.50422035
-0.52931433
-0.67805822
-0.6069059
-0.25429909
-0.55493693
-0.56430262
-0.51261395
-0.45333283
-0.33905315
-0.52783195
-0.77711463
-0.65954991
-0.54565488
-0.74827615
-0.53226131
-0.5327122
-0.56765693
-0.58630972
-0.54787033
-0.53234811
-0.53522702
-0.53990906
-0.54902959
-0.52396692
-0.57281734
-0.86157877
-0.53851493
-0.51288251
-0.60027981
-0.7887079
-0.58119302
-0.54275494
-0.75127504
-0.54565129
-0.52364724
-0.71601536
-0.89272754
-0.54809323
-0.59579231
-0.57108963
-0.54996378
0.33104707
-0.60904256
0.65906818
-0.51406761
0.20247654
-0.73775274
0.10133981
-0.38893473
-0.49157386
-0.5245801
-0.96881867
-0.51878834
-0.77999504
-0.27896412
-0.54055237
-0.2551608
-0.5726141
-0.47480116
-0.52341638
-0.51632646
-0.53863364
0.69949363
-0.47391522
0.23721603
-0.47653446
0.80996334
-0.20582398
1.1675392
-0.58109125
-0.0049948367
-0.5646737
-0.2018921
-0.51337599
-0.57710684
0.15241174
-0.85010102
-0.30512338
-0.53462135
-0.5778311
-0.59011332
-0.53718009
-0.56723511
-0.52542953
-0.73985998
-0.80969809
-0.40284413
-0.94137134
-0.21044836
-0.8096242
-0.39777097
-0.99000488
0.40262267
-1.068341
-0.43339187
-0.58507439
-0.52879797
-0.45805645
-0.53512686
1.6697186
-0.5252851
1.2322066
-0.6498626
0.73752273
-0.17159171
-0.53310816
-0.45034234
-0.57555004
-1.0140318
-0.53971787
-0.85051185
-0.5817649
-0.54492784
-0.54528914
-0.77779709
-0.59431873
-0.53176859
-0.34445655
-0.34653616
-0.36712506
-0.4764249
-0.49065902
-0.58051911
0.82958538
-0.44132555
-0.067903979
-0.52679349
-0.53885876
-0.54553837
-0.79838814
-0.082006214
-0.63519667
-0.20662419
-0.67755571
-0.43259471
-0.64646774
-0.52928213
-0.88914884
-0.77560042
-0.75107805
-0.54149165
-0.6049176
-0.52939789
-0.5794005
-0.55224106
-0.78419383
-0.56187032
-0.57033741
-0.59576491
-0.068140805
-0.53431036
-0.57689662
-0.88748272
-0.71868779
-0.53681897
-0.59422229
-0.64821336
-0.69899179
1.0369925
-0.96563473
0.1643894
-0.58042381
-0.43492001
-0.74762605
0.055979978
-0.5629434
-0.72137954
-0.61460895
-0.46775534
-0.52615639
-0.52354268
-0.46645859
0.087596228
0.046132535
0.14838383
0.97119536
0.86937732
-0.55313492
-0.54865212
-0.53233682
-0.5405731
-0.55256644
-0.75528083
-0.50102246
-0.20978941
-0.54704418
-0.41760262
-0.52191355
-0.24663684
-0.75668253
-0.53535065
-0.99476336
-0.52315831
-0.51727761
-0.10643847
-0.52324212
-1.1899184
-0.63291353
-0.65707881
-0.94002202
-0.68452317
-0.70953192
-0.85231109
-0.57820914
-0.52975469
-0.65754817
-0.86341828
-0.58384173
-0.68477144
-0.74235642
-0.67480859
-0.98165586
-0.80219507
-0.52387247
-0.60384729
-0.89967699
-0.54268189
-0.55120846
-0.86356214
-0.65743197
0.70986704
-0.73917748
-0.72478063
-0.52631844
-0.54531442
-0.63296931
-0.65645457
-0.6009442
-0.72005386
-0.65377773
-0.52360798
-0.79541942
-0.52345098
0.84022131
-0.56075399
-0.17024756
-0.51337082
-0.98902079
-0.58022602
0.80613069
-0.47387785
0.49986913
-0.31767474
1.696198
-0.37671962
-0.58444059
-0.20208353
-1.2220408
-0.81943883
-0.53345432
-0.48639274
-0.52330629
-0.52595315
-0.5278322
-0.57052681
-0.52701305
-0.49415882
-0.52327275
-0.50668564
-0.52512451
-0.54649045
-0.52321266
-0.52351405
-0.52322067
-0.88509802
-0.69606296
-0.52781934
-0.88184384
-0.52331405
-0.63174451
-1.0822383
-0.51986777
0.53171027
-0.52410037
-0.67291427
-0.28271998
-0.37717019
-0.50385289
-0.83264651
-0.52489349
-0.4020835
-1.0843504
0.14487047
-0.52332162
-0.50471222
-0.65737614
-0.52398802
-0.52942072
-0.52329777
-0.31580217
-0.55486691
-0.53319549
-0.52501138
-0.52383703
-0.52696782
-0.52645106
-0.5432913
-0.55428095
-0.56232099
-0.55539937
-0.52716441
-0.6153228
-0.51028691
-0.52289883
-0.55803799
-0.54262619
-0.5175528
-0.50968261
-0.54391373
-0.5574664
-0.54103811
-0.52907549
-0.58804923
-0.59394675
-0.13089697
-0.55916699
-0.27340977
-0.67801598
-0.13212435
-0.53501884
-0.50538157
-0.48740904
-0.49762094
-0.52377055
-0.52343043
-0.52328687
-0.99912431
-0.99912431
-0.53326368
-0.64099361
-0.55635371
-0.5086419
-0.52351535
-0.52322508
-0.53594506
-0.48222177
-0.54146153
-0.52424153
-0.76512164
-0.53004738
-0.52903644
-0.43829202
-0.53215348
-0.53326768
-0.56389466
-0.52208298
-0.52304076
-0.54209887
-0.62397563
-0.52656863
-0.62979228
-0.52851561
-0.52282213
-0.52749175
-0.5639446
-0.52892835
-0.52352627
-0.58907392
-0.5677893
-0.60306132
-0.52727243
-0.52341848
-0.52888239
-0.52643014
-0.70065942
-0.52328274
-0.57537717
-0.99914433
-0.6307045
-0.54193651
-0.56592873
-0.76913237
-0.52890684
-0.52461704
-0.54939251
-0.55344068
-0.52325126
-0.52505505
-0.5193936
-0.5232908
-0.69690095
-0.59314797
-0.52354176
-0.41427781
-0.52453005
-0.40734744
-0.4956716
-0.54410749
-0.5276891
-0.5454786
-0.56395539
-0.53485833
-0.5588579
-0.99914433
-0.52751231
-0.69346272
-0.57356297
-0.53383765
0.033218547
-0.56955374
-0.45522394
-0.52337796
-0.51615721
-0.52632959
-0.52772522
-0.52694618
-0.56502173
-0.53842793
-0.59985699
-0.48077159
-0.52450493
-0.41584048
-0.26608663
-0.47772831
-0.55504334
-0.55683705
-0.53113243
-0.52462321
-0.6176412
-0.52553896
-0.69987005
-0.52473808
-0.5480667
-0.53433566
-0.47500873
-0.57682
-0.52359372
-0.52670857
-0.60949792
-0.45503226
-0.53035826
0.081153767
-0.54016954
-0.43673108
-0.6123836
-0.52854328
-0.62499497
-0.42086144
-0.53359154
-0.52397561
-0.52467735
-0.52681603
-0.54159456
-0.52379989
-0.53699837
-0.74801154
-0.52326911
-0.52331045
-0.54598321
-0.55847379
-0.45305118
-0.52370558
-0.51673331
-0.52742375
-0.52383281
-0.42865578
-0.52244502
-0.54242237
-0.56023407
-0.58858648
-0.54594473
-0.56835501
-0.52291901
-0.53815892
-0.50547227
-0.21501626
-0.52212658
-0.52497002
-0.62372197
-0.69750319
-0.38560799
-0.50304792
-0.51850117
-0.51900728
-0.52223401
-0.59470773
-0.55385044
-0.52353851
-0.50953755
-0.61943746
-0.22589607
0.99248355
-0.2953963
-0.52409993
-0.51159
-0.52269864
-0.53594693
-0.53051597
-0.34676722
-0.565198
-0.58164854
-0.5403407
-0.51790677
-0.32364387
-0.32580437
-0.44534474
-1.0883755
1.1937324
-0.50759402
-0.63740754
-0.54974621
-0.4297984
-0.5240997
0.63573174
-0.23947878
0.54408334
-0.52185066
-0.52242792
-0.53639982
-0.51950544
-0.65571076
-0.058814837
-0.51924524
-0.72272398
-0.53117364
-0.52523955
-0.52342249
1.0950201
-0.45853253
-0.41463053
-0.52073265
-0.32497934
-0.52327126
-0.076280943
-1.152355
-0.55922392
-0.53148843
-0.52674997
-0.21096117
-0.53211146
-0.67825169
-0.65319332
-0.77996715
-0.5227856
-0.39841795
-0.99747447
-1.038342
0.74310286
0.064033963
-0.62395017
-0.52285947
-0.066521446
-0.42037802
-0.53201015
-0.99942453
-0.37240254
-0.5871812
-0.37240254
-1.1586562
-0.948684
-0.72438651
-1.1096273
-1.0075656
-0.73747695
-0.56649774
-0.55895348
-0.51990983
-0.524622
-0.77361382
-1.0247409
-0.42267712
0.28910966
-0.56754217
0.26636068
-0.62452314
-0.6362602
-0.72384385
-0.53208388
0.05823135
-1.3402479
-0.57544395
-0.61622957
-0.62960488
-0.56486307
-0.27461516
-0.54721123
-0.36101102
-0.53008912
-0.55755137
-0.53267031
-0.52396388
-0.50089573
-0.56582708
-0.55033177
-0.60311336
-0.52735504
-0.53217605
0.40396858
-0.50247234
0.23054764
-1.7155515
0.36078829
-0.5247508
-0.46409972
-0.46467334
-0.6214052
0.62260342
-0.86997536
-0.57757298
-0.57845181
-0.64253436
-0.56197302
-0.6937782
-0.69335822
-0.65200034
-0.61099928
-0.64602995
-0.5681215
-0.56180698
-0.016458767
-0.23436498
-0.3209907
0.36366739
-0.50233377
-0.39169262
-0.56560894
-0.38085509
-0.53357447
-0.54632236
-0.58667589
-0.5696497
-0.52385003
0.76575367
-0.4656202
-0.093405996
-0.52391636
-0.52860747
-0.46597542
-0.18558956
-0.52558066
-0.44937999
-0.54787645
-0.59312472
-0.53815933
-0.99912431
-0.52402822
-1.0004222
-0.612199
-0.56730276
-0.67790003
-0.63161339
-1.0004222
-0.63157199
-0.52830609
-0.73764926
-0.61352897
-0.54785847
-0.5564325
-0.53782656
-0.62672447
-0.33590956
-0.49236637
-0.48583659
-0.51197423
-0.48709351
-0.53392749
-0.58569345
-0.52384616
-0.52325177
-0.5583346
-0.1975525
-0.52530924
-0.48230787
-0.53804954
-0.57289412
-0.99912431
-0.067435746
-0.57110115
-0.53087263
0.44911183
-0.5084407
-0.51284983
-0.43326452
-0.34993049
-0.51698799
-0.51936622
-0.52082278
-0.51557924
-0.6190899
-0.48936555
-0.56753918
-0.55634235
-0.60258675
-0.84255627
-0.76952134
-0.70905694
-0.62514912
-0.60883202
-0.59128504
-0.55560946
-0.99990468
-0.58885425
-0.58734732
-0.65201823
-1.0004222
-0.50714319
-0.29892337
-0.5691141
-0.46114882
-0.52720321
-0.34269531
-0.1584684
-0.6003516
-0.56158299
0.19621755
-0.54282697
-0.58576025
-0.53208168
-0.56566631
-0.58272153
0.54389197
-0.58693555
0.53612847
-0.44140319
1.0642554
-0.53981676
0.81896065
-0.38897283
-0.5204466
-0.52668552
-0.56214217
-0.5374124
-0.56871386
-0.69234928
-0.50351406
-1.0853496
-0.25486424
-0.64292293
-0.51779969
0.61331086
-0.5170246
0.91910537
-0.39372509
0.53430407
-0.54538135
0.98379321
-0.62892585
-1.1792495
-0.99282726
-1.0297284
-0.52032093
-0.52312278
-0.76952746
-0.49497969
-0.47382835
-0.72427967
1.0741201
-0.5174628
-0.52327058
-0.66304046
-0.5229116
-0.50689601
-0.5232713
-0.31131722
-0.52402111
-0.86548726
-0.52333992
-0.50379195
-0.49778536
-0.80058848
-0.26772707
-0.50523223
-0.48780054
-0.58930457
-0.39611112
-0.52001932
-0.52396898
-0.54112556
-0.52586109
-0.525056
-0.5740702
-0.54617339
-0.53386314
-0.54041388
-0.50771016
-0.51656762
-0.34488969
-0.57229375
-0.52408847
-0.57100389
-0.52264744
-0.5989407
-0.58709248
-0.66604469
-0.53058182
-0.51970969
-0.58124981
-0.56411663
-0.58077019
-0.68734789
-0.59025234
-0.72382517
-0.4830983
-0.44299175
-0.54576048
-0.90475655
-0.83602958
-0.59191877
-0.63691349
-0.52468291
-0.6359598
-0.53468383
-0.67600582
-0.82367987
-0.64085365
-0.51778948
-0.55121773
-0.39201838
-0.54711243
-0.55553503
-0.76039668
-0.82416097
-0.55858369
-0.61473559
-0.58161873
-0.87690636
-0.54545201
-0.52221581
-0.32026061
-0.53116223
-0.60654358
-0.56834444
-0.79601454
-0.55085262
-0.52828895
-0.52429335
-0.71721854
-0.50161574
-0.62352957
-0.6303786
-0.88381384
-0.62283818
-0.54351631
-0.52898287
-0.73676226
-0.069522136
-0.52633224
-0.2514573
-0.52294915
-0.60092712
-0.66602767
-0.876332
-0.6722456
-0.52688313
-0.60459541
-0.75642922
-0.6098434
-0.56327043
-0.61923532
-0.74529033
-0.5738636
-0.37617479
-0.50595995
-0.65422477
-0.48104625
-0.55848274
-0.36908977
-0.38302676
-0.65086027
-0.46517046
0.39791908
-0.52604149
-0.52361905
-0.55234454
-0.53070848
-0.4762049
-0.35466413
-0.74423867
0.064175405
-0.52278612
-0.53299663
-0.05041319
-0.74904542
-0.6024651
-0.54678885
-0.70652995
-0.52818839
-0.46887031
0.2834279
-0.69355978
-0.52431954
-0.52510976
-0.60461771
-0.54300442
-0.62848898
-0.52493406
-0.39753804
-0.54969069
-0.51832331
-0.67658594
-0.76354874
-0.5528875
-0.51578077
-0.42755846
-0.51734892
-0.63124084
-0.77742139
0.30996442
-0.52125517
-0.52603413
-0.5219133
-0.43855996
-0.55572392
-0.6909855
-0.5169156
-0.25221606
-0.53289686
-0.43991911
-0.5561804
-0.81900578
-0.52725772
-0.52860011
-0.73624143
-0.36428225
-0.71025113
-0.71686838
-0.6564967
-0.61764879
-0.5242789
-0.62504897
-0.64149417
-0.56418403
-0.66997804
-0.84422466
0.23574568
-0.5611973
-0.22966682
-0.48733293
-0.88215741
-0.65291711
-0.48634986
-0.62232547
-0.55605714
-0.57434714
-0.95370848
-0.034905696
-0.57367189
-0.52341222
-0.63109748
-0.91980464
-0.60824677
-0.4440028
-0.57048237
-0.63987072
-0.55449579
-0.49065713
-0.47574143
-0.51361276
-0.5361368
-0.54398643
-0.63534298
-0.52167831
-0.63348403
-0.74421712
0.06313442
-0.63761577
-0.52386063
-0.53285666
-0.50696043
-0.62814741
-0.71106427
-0.86237707
-0.63205644
-0.54559402
-0.60746192
-0.5690698
-0.66416632
-0.48604547
-0.52978099
-0.52901752
-0.55325848
-0.60434222
-0.932017
-0.52157512
-0.71323878
0.29015979
-0.54494133
-0.50746286
-0.50895294
-0.51292259
-0.70599751
0.25295317
-0.55087697
-0.3586067
-0.44018576
-0.75092392
-0.52714256
-0.52031682
-0.62672528
-0.55144142
-0.6438175
0.17496293
-0.6231451
-0.5252658
-0.52883611
-0.85856381
-0.58176982
-0.60486979
-0.94022066
-0.71547756
-0.58158541
-0.52554854
-0.56803599
-0.9345734
-0.51407306
-0.52605032
-0.75053952
-0.62735973
-0.65524526
-0.53984424
0.19909001
-0.55384771
-0.52468879
-0.54525705
-0.49649771
-0.5302626
-0.75211528
-0.79431783
-0.55262716
-0.72520784
-0.41237198
-0.5832915
-0.59124536
-0.51798373
-0.58655769
-0.45682759
-0.53986309
-0.59445661
-0.75859998
-0.25465363
-0.52843191
-0.53055749
-0.53291198
-0.45483614
-0.59024237
-0.73811825
-0.54658444
-0.82616051
-0.58701189
-0.39283783
-0.6501122
-1.0263657
-0.50468183
-0.61267264
-0.59103443
-0.60455662
-0.60556508
-0.55525956
-0.63249147
-0.77167387
-0.52433968
-0.61925195
-0.52234717
-0.54972482
-0.69161167
-0.21056239
-0.44164504
-0.46152632
-0.4909976
-0.56945592
-0.59759733
-0.54884645
-0.54421758
-0.54787733
-0.63442879
-0.16679944
-0.85045328
-0.52703391
-0.53850176
-0.7242554
-0.81978239
-0.55588115
-0.72251988
-0.53478806
-0.62636745
-0.54139835
-0.54598461
-0.80457708
-0.49689425
-0.61631766
-0.61067417
-0.561148
-0.81941312
-0.74508857
-0.015134608
-0.48419314
-0.51894094
-0.54176544
-0.67977361
-0.61018287
-0.94562962
-0.80290406
-0.55220484
-0.61163281
-0.55956435
-0.63316692
-0.63666035
-0.51438138
-0.54951638
-0.77938706
-0.66570037
-0.6969039
-0.60460168
-0.35799518
-0.54368456
-0.54188144
-0.6000403
-0.5076968
-0.61637343
-0.75799882
-0.64039089
-0.37500217
-0.635443
-0.50122281
-0.71112713
-0.765396
-0.54441337
-0.47916965
-0.71727507
-0.61244294
-0.64091783
-0.75879732
-0.34944371
-0.63961443
-0.52904638
-0.56218687
-0.59904483
-0.66209065
-0.68578045
-0.74300919
-0.69535796
-0.55272161
-0.734707
-1.0090397
-0.88629994
-0.5947065
-0.52495738
-0.77769679
-0.66433632
-0.84264995
-0.83378629
-0.48439125
-0.66531894
-0.52854825
-0.53892082
-0.56670689
-0.59677825
-0.7007502
-0.56182727
-0.5230069
-0.59207175
-0.56778861
-0.52884828
-1.0090397
-0.45585673
-0.5228213
-0.70078944
-0.60227739
-0.7527562
-0.90146017
-0.62095916
-0.56772238
-0.54461057
-0.53869963
-0.58760117
-0.60678269
-0.63747974
-0.87515645
-0.83389296
-0.65916513
-0.65172475
-0.44606766
-0.69010977
-0.56380364
-0.49099899
-0.56019267
-0.53527671
-0.65583819
-0.60342948
-0.49623727
-0.52781914
-0.52532355
-0.551187
-0.72418698
-0.49783378
-0.62525236
-0.83668454
-0.5597312
-0.60455866
-0.4768476
-0.65781391
-0.66205766
-0.60449348
-0.53202589
-0.57593735
-0.56330061
-0.55510312
-0.58075928
-0.88017459
-0.56218754
-0.53554894
-0.55413251
-0.57957506
-0.73747612
-0.92729645
-0.56301021
-0.59433533
-0.64203599
-0.78323572
-0.59406492
-0.56711935
-0.60712572
-0.54098711
-0.57573922
-0.54534962
-0.49074992
-0.073101814
-0.85841245
-0.53866307
-0.55481511
-0.53205406
-0.55567497
-0.61066652
-0.65843045
-0.69235232
-0.82174493
-0.66711474
-0.59399797
-0.7015729
-0.66736251
-0.57095127
-0.57265868
-0.79791179
-0.64649082
-0.74614025
-0.66954647
-0.53025091
-0.58842342
-0.5125618
-0.71949358
-0.60083878
-0.77495352
-0.63646642
-0.48361829
-0.66231294
-0.66620956
-0.50431968
-0.54134846
-0.52644677
-0.71726186
-0.56750418
-0.59060144
-0.02836788
-0.63986397
-0.52463987
-0.55565179
-0.55260753
-0.57181092
-0.63378944
-0.68907673
-0.77677396
-0.56095748
-0.68969818
-0.54909774
-0.57745133
-0.51981387
-0.52799706
-0.68453287
-0.71675641
-0.60233326
-0.72008119
-0.66596264
-0.54396823
-0.5433107
-0.52120965
-0.57537885
-0.66925463
-0.49050385
-0.55448001
-0.58743618
-0.54294414
-0.54062106
-0.66043763
-0.53311515
-0.63134822
-0.5778748
-0.52630321
-0.69972143
-0.87472808
-0.59113919
-0.77622675
-0.53365334
-0.52837407
-0.47228049
-0.6749571
-0.55615119
-0.71763515
-0.56900646
-0.61933517
-0.3931106
-0.77210997
-0.66162752
-0.58146353
-0.52396195
-0.55467187
-0.59641673
-0.60940423
-0.66266854
-0.56156429
-0.61260394
-0.52685053
-0.5316733
-0.62403225
-0.58663052
-0.71517426
-0.90140636
-0.54026664
-0.61715432
-0.5533646
-0.6000023
-0.71912166
-0.35748629
-0.54995896
-0.37975545
-0.6150423
-0.52776882
-0.901182
-0.85193493
-0.54571909
-0.54483645
-0.55122316
-0.55387373
-0.58800418
-0.62464728
-0.72860091
-0.55718865
-0.71231582
-0.4976228
-0.53042583
-0.71517385
-0.61484344
-0.52143958
-0.54380985
-0.6324679
-0.63256157
-0.63934967
-0.10566552
-0.56304225
-0.53146265
-0.57513485
-0.70606056
-0.71608918
-0.6191611
-0.83041446
-0.022680156
-0.6108319
-0.58646193
-0.56855874
-0.56020137
-0.46835127
-0.75823285
-0.57967595
-0.38311788
-0.86923204
-0.7337897
-0.28564194
-0.75579536
-0.55131441
-0.56354664
-0.53989
-0.50228702
-0.7723245
-0.56641212
-0.83140104
-0.62874783
-0.61994366
-0.5296108
-0.54629199
-0.54666454
-0.58341592
-0.63517824
-0.63366661
-0.61659754
-0.66549061
-0.52345129
-0.56762678
-0.59362979
-0.603833
-0.60678974
-0.63693702
-0.76948435
-0.52777862
-0.81809983
-0.84529297
-0.45479885
-0.56124547
-0.54620453
-0.59111729
-0.67642116
-0.88806878
-0.43127599
-0.61095956
-0.56173571
-0.76235892
-0.69173012
-0.72527539
-0.56314645
-0.70128235
-0.63015688
-0.54291911
-0.52428723
-0.52475178
-0.74843863
-0.44368634
-0.52483733
-0.52169088
-0.59645362
-0.63154099
-0.52801135
-0.41217593
-0.62687085
-0.60095826
-0.57403957
-0.36167444
-0.55386398
-0.56808674
-0.75483079
-0.55449165
-0.56747979
-0.59581444
-0.56672457
-0.43567849
-0.93282895
-0.65898445
-0.61560379
-0.56972192
-0.58098987
-0.70583698
-0.66153682
-0.82044907
-0.53107709
-0.58528492
-0.68389359
-0.57357633
-0.70241652
-0.74278299
-0.45698526
-0.67048396
-0.75180109
-0.97828138
-0.90357452
-0.63753826
-0.56389819
-0.55998795
-0.55237147
-0.65511103
-0.61028369
-0.77029794
-0.7130602
-0.77583461
-0.54841745
-0.71683637
-0.2739903
-0.61975987
-0.56325597
-0.60139404
-0.64163079
-0.53262136
-0.87492874
-0.75584227
-0.56157973
-0.7286406
-0.57377812
-0.54710474
-0.53181699
-0.69426869
-0.59257903
-0.82728786
-0.52604001
-0.60389782
-0.16215221
-0.52908632
-0.18716541
-0.52621374
-0.64314953
-0.50285634
-0.52643633
-0.57426323
-0.5251717
-0.58565216
-0.28893885
-0.68412423
-0.53687677
-0.53300748
-0.60007489
-0.53160701
-0.60520153
-0.50195097
-0.8240197
-0.58406347
-0.50546792
-0.62932258
-0.77583883
-0.54899105
-0.58835794
-0.98780588
-0.70324912
-0.57199464
-0.65746302
-0.6177065
-0.58049319
-0.5856485
-0.77221098
-0.60389768
-0.73175488
-0.67122564
-0.59252777
-0.63539715
-0.71791955
-0.6187479
-0.51917934
-0.5844047
-0.7488913
-0.53844958
-0.56881796
-0.59396765
-0.44717987
-0.806748
-0.60343142
-0.6784593
-0.67620219
-0.62687622
-0.71778084
-0.74393792
-0.54422928
-0.79381758
-0.59966402
-0.62003636
-0.63611299
-0.68189439
-0.53964977
-0.33187283
-0.73513141
-0.50774747
-0.63693413
-0.51990578
-0.77977859
-0.56318156
-0.53933589
-0.46317585
-0.69312363
-0.46897294
-0.66741954
-0.5186615
-0.52654455
-0.70631047
-0.51807428
-0.58729357
-1.0090397
-0.56668863
-0.53087107
-0.52740825
-1.0007235
-0.5361453
-0.58171758
-0.56482227
-0.62078474
-0.55466212
-0.71095657
-0.52648187
-0.64096834
-0.56699887
-0.55900719
-0.73938112
-0.61570537
-0.62326599
-0.59392256
-0.56472392
-0.58470434
-0.57447223
-0.56212097
-1.0090397
-0.98939062
-0.54994399
-0.59287163
-0.52448809
-1.0090397
-0.55341706
-0.52939298
-0.52306883
-0.49318707
-0.73771509
-0.97596028
-0.52546765
-0.51695361
-0.52547981
-0.90144226
-0.81899025
-0.68812075
-0.28353977
-0.54390814
-0.77040327
-0.56263401
-0.50382093
-0.73771748
-0.52702417
-1.0090397
-0.54216831
-0.73320317
-0.55588611
-0.58553083
-0.72984138
-0.50998352
-0.54620174
-0.53886306
-0.59842228
-0.52553381
-0.51934974
-0.52417886
-0.52450252
-0.75581648
-0.68490977
-0.6853662
-1.0003458
-0.52788962
-0.72494828
-0.58669769
-0.55410579
-0.58855043
1.0000395
-1.0090397
-0.53351623
-1.0007235
-0.61403731
-0.66577968
-0.57460664
-0.89861566
-0.71082738
-0.50084655
-0.56757478
-0.53345314
-0.54035849
-0.57432967
-0.65784324
-0.93825419
-0.52818995
-0.55002902
-0.53715405
-0.9318845
-0.57470765
-0.55547991
-0.70058364
-0.6358294
-0.85211851
-0.5781167
-0.70613026
-0.65338256
-0.62962473
-0.57291466
-0.64072475
-0.52464828
-1.1020602
-0.56547249
-0.53330017
-0.57721115
-0.53068995
-0.46238132
-1.0937955
-0.63185939
0.066480914
-0.63730701
-0.52307395
-0.53602427
-0.5729408
-0.59101752
-0.53783759
-0.65257246
-0.89749438
-1.0676241
-0.77095907
-0.57815519
-0.66782455
-0.58654741
-0.55653653
-0.5793966
-0.52340895
-0.52398787
-0.52491302
-0.5254861
-0.54766505
-0.57202441
-0.55790601
-0.99912431
-0.53928212
-0.61643751
-0.7406498
-0.64456814
-0.57640852
-0.5406804
-0.52508333
-0.52164235
-0.62871124
-0.64496336
-0.52276016
-0.5145862
-0.54802457
-0.5169848
-0.38800224
-0.65983957
-0.45823561
-0.52330934
-0.53100574
-0.52086106
-0.53616258
-0.55227422
-0.52492647
-0.58272937
-0.56442497
-0.52319301
-0.53043648
-0.52316669
-0.55855309
-0.5245736
-0.52907146
-0.45738046
-0.46854256
-0.5243319
-0.52771678
-0.51745999
-0.52533981
-0.52439596
-0.59657474
-0.53360796
-0.58567968
-0.69468681
-0.6700821
-0.68902282
-0.69361612
-0.54933472
-0.84983333
-0.35781705
-0.34357901
-0.039579407
0.0046304862
-0.27122627
-0.50187582
-0.5230393
-0.52540141
-0.61584808
-0.53632905
-0.52838557
-0.53792161
-0.71123717
-0.52842302
-0.60928881
-0.53293411
-0.57871086
-0.54327531
-0.51411743
-0.51651886
-0.5301392
-0.5743194
-0.52196842
-0.74651529
-0.45841769
-0.55890635
-0.52036268
-0.60994306
-0.52177772
0.42945201
-0.53334013
-0.1351018
-0.97634389
-0.51976497
-0.2125826
-0.48649262
0.039079915
-0.61920222
-0.52437576
-0.58172824
-0.59859791
-0.76967456
-0.98492826
-0.64541112
-0.621182
-0.5770485
-0.35975653
-0.5211489
0.64707589
-0.65034166
-0.14820343
-0.54096215
-0.2630625
-0.38926214
-0.38924735
-0.4166453
-0.52791436
-0.52582357
-0.59155128
-0.23267549
-0.53916198
-0.61196461
-0.5086426
-0.55591243
-0.55196846
-0.52806589
-0.44709231
-0.76959803
-0.51168631
-0.53090441
-0.040126838
-0.64420605
-0.50042375
-0.65906228
-0.54639558
-0.66044004
0.85168697
-0.48041642
-0.50207674
-0.32395076
-0.81095733
0.3020633
-0.49801702
-0.43717266
0.0075950549
-0.0038600931
-0.49797744
-0.52351567
-0.5347763
-0.55116087
-0.78984361
-0.62436026
-0.54501711
-0.52595649
-0.62372607
-0.51548236
0.80024617
-0.31774868
-0.62249781
-0.48931604
-0.52326386
-0.14878155
-0.52082806
-0.50664856
-0.52491336
-0.52065407
-0.16101094
-0.81833499
-0.51708033
-0.94585725
-0.90977649
-0.63502506
-0.50098571
-0.59973203
-0.55089756
-0.52577739
-0.64735603
-0.46421561
-0.50361503
-0.62530679
-0.52333047
-0.67651887
-0.38215139
-0.52643699
-0.52273209
0.055965018
-0.46094869
0.56205287
-0.57153846
0.51957823
-0.32437756
-0.34173125
-0.89211309
-0.51312197
-0.53949967
0.23876241
-0.62078597
0.03589394
-0.5151068
-0.56059561
-0.61901261
-0.70905001
-0.71657857
-0.65940551
-0.51808945
-0.62510351
-0.71617101
-0.71643696
-0.67227779
-0.68363404
0.9547261
-0.5251528
0.080727751
-0.53246183
-0.99409045
-0.51746228
-0.29991053
-0.59846709
-0.55004025
-0.51363856
0.90945502
-0.52319531
-0.53086935
0.58270362
-0.73819722
-0.55083376
-0.63326462
-0.65245286
-0.52290798
-0.57631853
-0.55356413
-0.60484448
-0.52729045
-0.57896543
-0.30866768
-0.52569195
-1.098875
-0.53467513
-0.51489262
-0.63720564
-0.51465067
-0.77475791
-0.74449275
-0.4650467
1.0984539
-0.51699826
-0.46702958
-0.55633109
0.16997355
-0.58060349
1.3069658
-0.2963155
-0.26337746
-0.52382548
-0.52325925
-0.93258139
-0.52530352
-0.57028205
-0.51935888
-0.9474276
-0.51171342
-0.72443925
-0.70366052
-0.72714379
-0.69232856
-0.73327617
-0.57802138
-0.53795003
-0.16962148
-0.67325969
-0.5240699
0.14862588
0.13522874
-0.52333954
0.0379744
-0.13877022
-0.52796134
-0.52270423
-0.2780795
-0.60429387
-0.51973249
-0.69091481
-1.0080778
-0.52415215
-0.3153259
-0.69031783
-0.58012494
-0.42116221
-0.32444125
-0.93732325
-0.54427983
-0.53886957
-0.52052878
-0.53069043
-0.54210218
-0.52773969
-0.53025891
-0.67482363
-0.29475923
-0.21216581
-0.52423254
-0.3816817
-0.41465868
-0.74998688
-0.52659146
0.77907082
-0.99406001
0.26888821
-0.2826453
-0.15944416
-0.54397209
-0.18308036
-0.50814944
-0.65460984
-0.5512825
-0.055624759
0.063337809
1.1855284
-0.44940269
1.0035688
-0.52481467
-0.2040196
-0.035119202
-0.52231994
-0.52390746
-0.52334084
0.10805546
-0.71453536
-0.64578177
-0.42419974
-0.47385873
-0.59575277
-0.62648017
-0.4919084
-0.52392499
-0.029285836
-0.51806725
1.3708802
-0.93387081
0.68353826
0.58398776
-0.21353535
-0.59806703
-0.90293366
-1.0466084
-0.65981496
-0.13633345
-1.1580833
0.36654634
-0.51574721
-0.52774242
-0.49518329
-0.41712856
-0.52324665
-0.53437026
-0.55185393
-0.51698758
-0.53092323
-0.5230745
0.6801609
-0.58866624
-0.57118311
-0.17622163
-0.62750753
-1.3085444
-0.79511729
-0.5237209
-0.4821479
-0.51260956
-0.52329347
-0.52462438
-0.52321848
-0.41146342
-0.53509069
-0.52500957
-0.51868689
-0.53729144
-0.52345264
-0.53807695
-0.52346131
-0.54850318
-0.52542469
-0.55241871
-0.16579769
-0.58894493
-0.65163839
-0.63272604
-0.33152709
-0.62502416
-0.54177046
-0.52280747
-0.60188607
-0.52376403
-0.52457068
-0.63308248
-0.52409226
-0.64490787
-0.52444808
-0.52343212
-0.52889596
-0.53244413
-0.53249698
-0.53607853
-0.55850838
-0.76008193
-0.53097866
-0.52218581
-0.52336942
-0.4987445
-0.52266811
-0.52656544
-0.37493409
-0.52306692
-0.73283316
-0.83554729
-0.69655844
-0.51680549
-0.87646759
-0.37528133
-0.76056452
-0.52647886
-0.87869828
-0.53968555
-0.59470997
-1.268704
-0.55568269
-0.52634832
-0.72531816
-0.040353935
-0.55186164
-1.5463436
-0.52355905
-0.55615267
-0.50320099
-0.47161526
-0.43172137
-0.53508612
-0.53001407
-0.5219778
-0.53875121
-0.53239668
-0.52342616
-0.6824703
-0.68292888
-0.46164226
-0.52376083
-0.52631486
-1.3265731
-0.33891477
-0.51877082
-0.52860087
-0.59489029
-0.53185338
-0.051632787
-0.51978755
-0.34884797
-0.523826
-0.5065214
-0.8349928
-0.52400764
-0.82774277
-0.62137628
-0.52575104
-0.47707387
-0.54978269
-0.45868469
-1.3914053
0.28061425
-0.87755323
-0.54733917
-0.4005865
-0.52326912
-0.62356079
-0.532385
-0.55435093
-0.53090096
-0.535705
-0.51056524
-0.51798256
-0.53703228
-0.52392873
-0.52303209
-0.56536839
-0.52316998
-0.49085228
-0.52327465
-0.38869628
-0.52010007
-0.37278279
-0.55990576
-0.52388253
-0.52813573
-0.66044174
-0.5227082
-0.52910866
-0.53052274
-0.52367623
-0.53331788
-0.52752095
-0.034204025
-0.53261906
-0.52936802
-0.390056
-0.52870594
-0.055264924
-0.69539192
-0.54776817
-0.51065247
-0.93138151
-0.55079848
-0.49732154
-0.75436296
-0.53660906
-0.50543141
-0.56439243
-0.56281754
-0.52999426
-0.52376589
-0.57496843
-0.59317375
-0.6148668
-0.59138441
-0.72705576
-0.60294519
-0.59775059
-0.78771142
-0.52829286
-0.62810728
-0.53397779
-0.52441287
-0.66080458
-0.63426278
-0.52489666
-0.55511461
-0.5252527
-0.53001803
-0.52480939
-0.77232217
-0.62842953
-0.53672341
-0.52164132
-0.52352348
-0.52438698
-0.50456714
-0.52402948
-0.42906677
-0.46801733
-0.52804478
-0.3852623
-0.4809761
-0.52157607
-0.52322266
-0.52315343
-0.51650116
-0.49961479
-0.52345442
-0.5276614
-0.82513077
-0.63223184
-0.75157416
-0.66835404
-0.5381579
-0.55178083
-0.59708597
-0.52891802
-0.59841109
-0.532373
-0.66221372
-0.52344695
-0.55452943
-0.57466646
-0.99991579
-0.52345502
-0.52432193
-0.49891498
-0.54354696
-0.55144599
-0.52333842
-0.55416477
-0.52357371
-0.52148029
-0.53371787
-0.52202935
-0.52455171
-0.59329182
-0.62566548
-0.52002381
-0.55790566
-0.49384331
-0.53126841
-0.54345415
-0.52563765
-0.55801177
-0.90006086
-0.52434414
-0.99987214
-0.54205541
-0.51967841
-0.58852165
-0.50685482
-0.53663527
-0.52439635
-0.5390846
-0.53842708
-0.61658996
-0.55710395
-0.5341554
-0.34436012
-0.54556153
-0.49950836
-0.52316052
-0.85435301
-0.52357964
-0.3797315
-0.52235527
-0.52735409
-0.5325539
-0.53297721
-0.55207672
-0.54197973
-0.52612153
-0.52269192
-0.51826588
-0.40479834
-0.74480299
-0.2941167
-0.52324983
-0.52384937
-0.43000113
-0.52717983
-0.51863417
-0.54543271
-0.54289158
-0.55237234
-0.52931273
-0.52448355
-0.52823648
-0.52538778
-0.52678154
-0.55036484
-0.52616472
-0.50597302
-0.53353395
-0.52403223
-0.47780849
-0.5656462
-0.52397781
-0.53675306
-0.52341511
-0.53491593
-0.65100644
-0.52772736
-0.60164056
-0.57334218
-0.58245665
-0.52894942
-0.52390216
-0.59233267
-0.52069159
-0.65272424
-0.52357519
-0.53835173
-0.53608319
-0.67598645
-0.52265851
-0.5961105
-0.55220674
-0.52346604
-0.52217409
-0.51784732
-0.52380328
-0.68794377
-0.57100137
-0.59904809
-0.76669708
-0.51349024
-0.53256887
-0.5230648
-0.5406528
-0.54730918
-0.65271941
-0.55535725
-0.6284236
-0.77288164
-0.56604924
-0.53318254
-0.52712913
-0.5336437
-0.52330988
-0.51222077
-0.59962114
-0.52335358
-0.53600617
-0.57646731
-0.61905204
-0.52969854
-0.68977338
-0.5877059
-0.50166147
-0.52263479
-0.3879231
-0.61762833
-0.67906446
-0.76056358
-0.6321893
-0.65824021
-0.52333016
-0.5502722
-0.52594686
-0.57399958
-0.52540322
-1.0066537
-0.52527365
-0.63548796
-0.61178252
-0.99648283
-0.60769361
-0.51705631
-0.56286106
-0.34322761
-0.53131376
-0.55305634
-0.58997425
-0.68205892
-0.64588448
-0.79998268
-0.55969183
-0.53194721
-0.52489929
-0.58658047
-0.4721831
-0.64995449
-0.37634066
-0.80289689
-0.52330272
-0.77513493
-0.8175092
-0.66726949
-0.99502574
-0.52399841
-0.54471898
-0.4867348
-0.56106206
-0.54875324
-0.53141654
-0.53632026
-0.50982764
-0.59569556
-0.6289858
-0.75945945
-0.55625975
-0.63585459
-0.53782844
-0.39143849
-0.52439199
-0.53299585
-0.58607171
0.29810398
-0.94418031
-0.57262538
-0.65503347
-0.58961998
-0.54470774
-0.57273046
-0.54142209
-0.53844075
-0.90303549
-0.47484679
-0.64759494
-0.64975576
-0.50759262
-0.67709607
-0.4934324
-0.40020978
-0.23202161
-0.96009345
-0.55757839
-0.52839286
-0.56561347
-0.5680131
-0.60434585
-0.58553689
-0.54244446
-0.56362373
-0.61165304
-0.60314926
-0.5113443
-0.67696718
-0.73063234
-0.53897699
-0.52380739
-0.6577803
-0.53621523
-0.51735467
-0.80267074
-0.56480804
-0.56399102
-0.53267775
-0.41819137
-0.53406891
-0.53845268
-0.57831161
-0.61586747
-0.65957206
-0.53168155
-0.51960875
-0.5496981
-0.63409123
-0.69577474
-0.64608619
-0.68077166
-0.53074041
-0.68780028
-0.57015027
-0.50374452
-0.52720449
-0.52457997
-0.53999432
-0.57733739
-0.55353526
-0.56806824
-0.53782843
-0.53345841
-0.50119049
-0.53969547
-0.67024303
-0.44659084
-0.55855656
-0.52677108
-0.63301818
-0.56172954
-0.55827013
-0.56322927
-0.60895173
-0.53194554
-0.53977104
-0.53245199
-0.526351
-0.61275827
-0.70294714
-0.52396038
-0.58171941
-0.52365312
-0.54597911
-0.58829689
-0.54098258
-0.63804366
-0.5566693
-0.55850047
-0.61753534
-0.60495404
-0.66375945
-0.48045226
-0.49381093
-0.5739695
-0.57469451
-0.53934308
-0.5817981
-0.55700958
-0.5969561
-0.57031629
-0.76981289
-0.5221073
-0.53996667
-0.52417309
-0.52766876
-0.75755816
-0.53890195
-0.52912015
-0.56417801
-0.68365922
-0.53680037
-0.57050773
-0.53342325
-0.55353367
-0.60237076
-0.54918473
-0.65827041
-0.68650677
-0.71490176
-0.64164032
-0.59301905
-0.59187009
-0.59297628
-0.77257998
-0.62576461
-0.55417821
-0.49281329
-0.54748287
-0.52252857
-0.52909571
-0.52661848
-0.74536853
-0.526631
-0.54364977
-0.58172106
-1.0007235
-0.58388717
-0.62460848
-0.46030037
-0.58866345
-0.52781033
-0.72791679
-0.63744478
-0.54206232
-0.62149702
-0.51230802
-0.56741203
-0.40760398
-0.52041777
-0.52455803
-0.60595277
-0.54081098
-0.56477165
-0.69158984
-0.52055412
-0.58086729
-0.64228388
-0.5381813
-1.0004222
-0.72161086
-0.7716876
-0.58225275
-0.64553908
-0.6009062
-0.53574837
-0.55759707
-0.54126401
-0.71009851
-0.54437569
-0.82340748
-0.56812637
-0.69389435
-0.69979363
-0.58201176
-0.52618538
-0.57876665
-0.38832167
-0.57436552
-0.59801035
-0.49548196
-0.69737226
-0.54241593
-0.71857148
-0.56709877
-0.82262843
-0.61725847
-0.58622073
-0.73482299
-0.79829593
-0.53242406
-0.32986393
-0.54402277
-0.53252265
-0.56362665
-0.52284904
-0.59311929
-0.68273944
-0.52261052
-0.54066198
-0.68836021
-0.77002742
-0.59993246
-0.61929058
-0.6149406
-0.56906937
-0.56438234
-0.19847647
-0.53697219
-0.59012722
-0.62928008
-0.55930079
-0.52486712
-0.59068143
-0.6698088
-0.57956405
-0.54894729
-0.57584898
-0.55000721
-0.47723536
-0.65277546
-0.73698268
-0.51033197
-0.44833549
-0.19256506
-0.89688712
-0.83640432
0.22014343
-0.70741449
0.6585609
-0.56492027
-0.79902353
-0.75896667
-0.51635509
-0.50028764
-0.4826242
-0.55740069
-0.71021948
-0.56429723
-0.38046932
-0.59535432
-0.52024275
-0.80290017
-0.60018203
-0.90979962
-0.81539991
-0.39432657
-0.57131403
-0.57898211
-0.53683495
-0.49677631
-0.54854526
-0.53258468
-0.87172528
-0.7661022
-0.52587391
-0.54612613
-0.63864917
-0.64888832
-0.6373851
-1.0004222
-0.54414671
-0.5532652
-0.66533086
-0.60352217
-0.99912431
-0.5685334
-0.56753131
-0.95778879
-0.56237582
-0.54249029
-0.57416316
-0.48469343
-0.57724459
-0.54398379
-0.57525012
-0.52361325
-0.55981018
-0.52330109
-0.67348734
-0.60341626
-0.52882261
-0.56131665
-0.52649029
-0.52632412
-0.54510945
-0.54642394
-0.52452334
-0.55450274
-0.52177275
-0.52664837
-0.99912431
-0.62933288
-0.54023358
-0.60091343
-0.73422182
-0.60409891
-0.60456654
-0.59033006
-0.53232999
-0.56671962
-0.57345624
-0.56576726
-0.5860612
-0.99912431
-0.55673449
-0.5379686
-0.39194822
-0.6895736
-0.95497086
-0.82387606
-0.7187254
-0.63546739
-0.55185078
-0.56724698
-1.0103775
-0.82032716
-0.67955929
-0.7395065
-0.48259307
-0.51598762
-1.0004222
-0.59406432
-0.56081037
-1.0004222
-0.6112182
-1.0101866
-0.61106424
-0.57120532
-0.55026348
-0.58454697
-0.59980106
-0.55378839
-0.5201916
-0.51882862
-0.77649477
-0.99914433
-0.59851298
-0.57463
-0.56590601
-0.6352781
-0.46904773
-0.56830862
-0.58980089
-0.61891075
-0.52299393
-0.30997195
-0.49755006
-0.57799793
-0.5262854
-0.60007791
-0.61166426
-0.57820306
-0.54345834
-0.99912431
-0.57627677
-0.59415353
-0.56422026
-0.55684058
-0.57872008
-0.59878977
-0.52727999
-0.52715747
-0.54783018
-0.5383088
-0.52549699
-0.56617574
-0.99912431
-0.54396075
-0.61392009
-0.55521196
-0.62785713
-0.63518998
-0.65734756
-1.0004222
-0.49910679
-0.62164935
-0.62428417
-0.52666248
-0.61672595
-0.63989769
-0.80791745
-0.53172714
-0.48405277
-0.52592523
-0.64709091
-0.63093237
-0.46610947
-0.68595821
-0.73837439
-0.56612664
-0.60508255
-0.69937133
-0.94658686
-0.93881112
-0.53686834
-0.71386746
-0.46252956
-0.65418765
-0.48547525
-0.58778363
-0.58023738
-0.62779884
-0.57538557
-0.72197533
-0.57038295
-0.49948711
-0.6391544
-0.57330676
-0.55894493
-0.62535789
-0.83331915
-0.77772802
-0.6067957
-0.58828097
-0.78443105
-0.62414567
-1.0004222
-0.67410076
-0.63031282
-0.603078
-0.61734089
-0.57281639
-0.53679608
-0.65978106
-0.54429531
-0.95279798
-0.53047763
-0.56170896
-0.41473084
-0.54823897
-0.21629175
-0.69279912
-0.46158868
-0.61001171
-0.52497686
-0.58197253
-0.79403706
-0.54248504
-0.69074783
-0.54991063
-0.53278127
-0.52711301
-0.7140649
-0.58840197
-0.57005687
-0.54179887
-0.52340527
-0.56298794
-0.53337615
-0.63175406
-0.69197745
-0.55675348
-0.51305164
-0.99912431
-0.81201947
-0.60054435
-0.57972613
-0.5283441
-0.66784793
-0.53344219
-0.7712285
-0.56209965
-0.57327212
-0.53368227
-0.73764713
-0.59548046
-0.44449823
-0.54481858
-0.62919255
-0.69464539
-0.86264541
-0.79285567
-0.87792285
-0.65876266
-0.83646486
-0.50660913
-0.51306052
-0.52984592
-0.48567126
-0.65079294
-0.52640373
-0.85064597
-0.61576654
-0.5126082
-0.68396617
-0.53561589
-0.69215532
-0.60378286
-0.59044473
-0.65897474
-0.17505643
-0.7001747
-0.58591788
-0.54513371
-0.53374607
-0.70577234
-0.53619341
-0.6095144
-0.64355736
-0.70130164
-0.56739625
-1.0004222
-0.52638324
-0.57727461
-0.74078274
-1.0004222
-0.67182291
-0.59659515
-0.53202231
-0.60420575
-1.0114198
-0.71898058
-0.51873879
-0.58529199
-0.56889795
-0.54286886
-0.52054588
-0.85108814
-1.000333
-0.53850391
-0.57675237
-0.83203342
-1.0003458
-0.55637715
-0.67536907
-0.78793555
-0.70947221
-0.80660373
-0.88334656
-0.662312
-0.6695076
-0.50985559
-0.59234437
-0.52452144
-0.53367524
-0.60866343
-0.58507393
-0.68884909
-0.68372548
-0.80126119
-0.80494759
-0.86292238
-0.64112147
-0.53106779
-0.86058629
-0.55530884
-0.71850909
-0.57829469
-0.88928859
-0.72463495
-0.53514111
-0.83210854
-0.72464663
-0.55641076
-0.53673783
-0.54448385
-0.75715915
-0.52067158
-0.54383268
-0.528522
-0.61704135
-0.51733361
-0.55033004
-0.67504113
-0.58041531
-1.0004222
-0.77703588
-0.57574422
-0.99999796
-0.6269853
-0.5327696
-0.86167116
-0.52495739
-0.6394859
-0.66444491
-0.71198909
-0.61102046
-0.53958889
-0.64467867
-0.64171383
-0.66829876
-0.58928017
-0.56313577
-0.86167116
-0.82597769
-0.90385315
-0.57506568
-0.73144322
-0.53753085
-0.51613155
-0.55530939
-0.58087559
-0.39852731
-0.53968971
-0.60711695
-0.48930669
-0.61503636
-0.52880547
-0.58473505
-0.9999268
-0.5225823
-0.52565682
-1.0546962
-0.5183938
-0.52728653
-0.52483776
-0.56848026
-0.38969104
-0.52595271
-0.57437644
-0.52264029
-0.5302163
-0.44790285
-0.53036349
-0.86724869
-0.38788169
-0.52212329
-0.63872775
-0.7117956
-0.59572997
-0.62202588
-0.63577321
-0.61714307
0.1722478
-0.53931117
-0.32755133
-0.52072053
-0.529968
-0.51992232
-0.49749011
-0.52348384
-0.64463533
-0.5321406
-0.62917291
-0.51052734
-0.52036589
-0.79094604
-0.81207695
-0.41594821
-0.54160808
-0.51415939
-0.89717673
-0.49548462
-0.47804045
-0.52311843
0.40475972
-0.50928516
-0.17750564
-1.0125625
-0.36479228
-0.41536518
-0.51313283
-0.54377102
-0.50468194
-0.72067507
-0.56653129
-0.76927581
-0.75732859
-0.52390939
-0.52628698
-0.4428178
-0.51233492
0.29576866
-0.65464806
0.2866459
-0.52284691
0.042516987
-0.41378372
-0.56793781
-0.53402639
-0.69881154
-0.055180039
-0.6309217
-0.53533489
-0.93769517
-0.51205069
-0.93120272
-0.55913223
-0.29942543
-0.29006513
-0.060418066
-0.98740125
-0.52239095
-1.0136207
-0.51584796
-0.33080195
-0.50772805
0.30575796
-0.51558109
-0.55413803
0.41419613
-0.39635509
-0.5506786
-0.47263622
-0.52155866
-0.52773439
-0.61867025
-0.73865843
-0.6633541
-0.062174875
0.61787631
0.17433137
-0.15296021
-0.53152697
-0.53110143
0.4037522
-0.51438409
0.74489037
-0.52777468
-0.48165593
-0.47478785
-0.59273217
-0.50322706
-0.78252041
-0.51423366
-0.55953656
-0.61708346
-0.59384914
-0.52310995
-0.60728852
-0.84803274
-0.58486729
-0.74113349
-0.52838291
-0.62056852
-0.72106835
-0.50346224
-0.63718961
-0.32407964
-0.52609253
-0.39364368
0.94600773
-0.47240866
0.78045856
-0.39524523
1.3438923
-0.51998897
-0.38901926
-0.61607789
-0.42550782
-0.51583712
-0.52515533
-0.56683027
0.47938514
-0.88861509
-0.63099845
-0.74114919
-0.02157758
-0.6740439
-1.1950882
-0.46247821
-1.1107544
-0.52313718
0.66678438
-0.53986227
0.24789463
-0.54256721
-0.42177949
-0.52204091
-0.52373212
-0.68293076
-0.46863802
-0.181046
-0.55492017
-0.57454942
-0.45959657
-0.77056831
-0.52351871
-0.72028496
-0.43216346
-0.570242
-0.75534077
-0.54561043
-0.78636434
-0.4559617
-0.79236042
-0.45475575
-0.47924547
-0.52269605
-0.57498613
-0.63463096
-0.5189233
-0.68459989
-0.72253209
0.084303979
-0.52001327
-0.40898506
-0.70001873
0.56803743
0.046460998
0.26386058
-0.55241832
1.0487385
-0.26526461
-0.52224231
0.11910022
-0.46927309
-0.7381729
-0.52684842
-0.54622896
-0.63418902
-0.52400015
-0.68123075
-0.30725152
-0.52285691
0.41387169
-0.52249775
0.97759362
-0.55804227
-0.20698741
-0.5213312
-0.50013795
-0.52630998
-0.51022121
-0.5595266
-0.5267051
-0.64488719
-0.6494745
-0.52327503
-0.53289022
-0.46295984
-0.58245492
-0.53820168
-0.56974114
-0.51864054
-0.77912159
-0.65768238
-0.58638189
-0.52592558
-0.65873975
-0.54352894
-0.52390992
-0.53289612
-0.71171492
-0.65727164
-0.520607
-0.53865293
-0.63640835
-0.58277209
-0.50337051
-0.3872834
-0.53052286
-0.52471355
-0.52103609
0.63238141
-1.1523943
0.65835169
-0.61604769
0.09018205
-0.52676067
-0.55279841
-0.44588196
-0.78439391
-0.58332668
-0.52325479
-0.53896957
1.7690291
-0.50572288
0.15485836
-0.63098184
0.67768016
-0.72911604
-0.52545667
-0.49617955
-0.5238191
-0.60180652
-0.59025149
-0.62175376
-0.82042135
-0.92445617
-0.5273522
-0.5416109
-0.51292571
-0.48394463
-0.4369778
-0.2870266
1.1572377
-0.52007906
0.33860242
0.18869539
-0.07502905
-0.55822585
-0.9066676
-1.2895874
-0.35314504
-0.51844963
-0.5127714
-0.60227085
-0.51741613
-0.58199008
-0.65502903
-0.47783899
-0.51747676
-0.26307013
-0.49577961
-0.52328468
-0.53153127
-0.92443118
-0.56329641
-0.61613502
-0.52458747
-0.53265344
-0.52468003
-0.54300218
-0.55998316
-0.67717607
-0.53049808
-0.56666951
-0.59855355
-0.40614091
-0.7419024
-0.50009825
-0.56994119
-0.6011984
-0.58843765
-0.53725599
-0.52869518
-0.52187721
-0.45277305
-0.57779827
-0.21911635
-0.76993075
-0.46634912
-0.50994559
-0.5079647
-0.53899773
-0.52337165
-0.53155116
-0.44319471
-0.52023796
-0.69931436
-0.52569506
-0.53142569
-0.52434446
-0.52718219
-0.53154541
-0.43129383
-0.66786321
-0.40453069
-0.7460837
-0.79377298
-0.52367076
-0.62004462
-0.52326365
-0.50464823
-0.57179235
0.71928564
-0.5270005
-0.57442795
-0.5211899
-0.50884339
-0.56333978
-0.51515161
-0.52270605
-0.52741078
-0.52282121
-0.51050492
-0.52420068
-0.51906495
-0.5233047
-0.52357819
-0.68286387
-0.51857171
-0.52543745
-0.53342791
-0.52277667
-0.52633124
-0.53217272
-0.52345349
-0.52402142
-0.61467515
-0.66988783
-0.52341289
-0.71830181
0.61372125
-0.53519458
-0.57339428
-0.52311891
-0.46198831
-0.53965327
-0.033413626
-0.5739014
-0.54463118
-0.80608685
-0.77218058
-0.57770945
-0.54225451
-0.65706544
0.74786191
-0.58117662
-0.18230069
-0.53442892
-0.49909409
-0.53352097
-0.51873921
-0.058537657
-0.52586451
-0.52260698
-0.51685507
-0.52498141
-0.53875844
-0.52493431
-0.55045326
-0.58927493
-0.64365317
-0.54369959
-0.57369449
-0.57076059
-0.66509465
-0.54133279
-0.54286703
-0.55725621
-0.52298007
-0.5384226
-0.52408115
0.32208277
-0.55316273
-0.34866484
-0.52338561
-0.52333995
-0.67241532
-0.52368354
-0.57632854
0.13837987
-0.51205
-0.64446826
-0.6763762
-0.64873888
-0.51457072
0.29839875
-0.52472663
-0.51142297
-0.30080637
-0.4389201
-0.51869115
-0.52299611
-0.4114863
-0.49038594
-0.17922724
-0.52658256
-0.51605686
-0.52347807
-0.69298685
-0.52706481
-0.50722255
-0.70025873
-0.6789482
-0.48171235
-0.63066833
-0.51507715
-0.80165488
-0.99780637
-0.50522393
-0.53178193
0.14455167
-0.51450136
-0.52689942
-0.56263757
-0.52360756
-0.32624653
-0.52523306
-0.53370005
0.12622521
-0.38080022
-0.50272043
-0.419687
-0.60048306
-0.53655312
-0.57380366
-0.46542618
0.40400249
-0.51845647
-0.32165707
-0.51836715
-0.27204973
0.87743896
-0.52339291
-0.60573798
-0.51239182
-0.56162758
-0.44580996
-0.58000028
-0.52397814
-0.538192
-0.5310109
-0.57582258
-0.58497364
-0.55088944
-0.39650194
-0.51997993
-0.8517578
-0.47415893
-0.53122023
-0.53827565
-0.5284367
-0.11327345
-0.69370321
0.42456372
-0.46857237
-0.50269154
-0.54446568
-0.52359881
-0.53693873
-0.51368417
-0.20732403
-0.7142803
-0.61274041
-0.53386184
-0.53052271
-0.54456432
-0.5209302
-0.76106272
-0.48457828
-0.43769658
-0.52470741
-0.27344759
-0.52770994
-0.22330098
-0.90119938
-0.58024633
-0.52279424
-0.52918741
-0.55562347
-0.5299838
-0.86004904
-0.5350876
-0.54326336
-0.54575353
-0.57528766
-0.57603334
-0.55862534
-0.54035408
-0.52706846
-0.5247403
-0.75764943
-0.60843029
-0.52963547
-0.52643043
0.20291746
-0.36271078
0.089315724
0.65339147
-0.51506636
0.53909541
-0.56759366
-0.51378866
-0.55659703
-0.020500114
-0.67208115
-0.55919817
-0.5546438
0.44225828
-0.33469714
-0.16489654
-0.52032222
-0.5076267
-0.53591479
-0.19990276
-0.53244063
-0.28960338
-0.75549509
-0.52723367
-0.59915259
-0.77812163
-0.5206794
-1.0834476
-0.5536157
-0.59256273
-0.75099454
-0.72947003
-0.44239362
-0.51726427
-0.55806972
-0.41646521
-0.49720894
-0.51208442
-0.52327959
-0.34310248
0.63664831
1.1176782
-0.77271713
-0.40483196
-0.59442337
-0.77873563
