-1.0914771
0.15739176
-0.76456955
-0.95639679
-0.8790828
-0.69063372
0.57929881
-0.96161162
-1.06246
-0.28629935
-1.1025849
-1.0355659
-2.1409353
-1.9109603
-1.5551128
0.27288133
-0.74606595
-2.1560299
-1.8040605
-1.0410039
-2.0547099
-1.7363858
0.6887358
-2.755535
-1.5800804
-1.9819273
-2.1920718
-2.1367037
-2.6661472
-1.6917104
-2.2697241
-1.5870568
-2.0595797
-2.1100999
-2.2293862
-1.6022623
-0.88814767
-1.1924988
-1.03617
-1.3632061
-0.80680744
-1.163855
-0.53626753
0.49715747
-1.2829417
0.0812336
-2.2859705
-1.3584279
-1.6253958
-1.6932322
-1.7520845
-1.6764058
-2.0977511
-1.5634979
-1.9546985
-2.6820832
-1.5748344
-1.7864415
-1.3437261
-1.8956721
-1.5940397
-0.95498282
-0.51675742
-1.0426939
-1.227353
-1.1558731
-1.0259501
-0.73513
-1.079667
-1.367936
-0.7305381
-0.3626341
-1.7389214
-1.189267
-0.81897826
0.86275798
-1.4189606
-0.1071348
0.71653905
1.5764316
0.42129946
-0.67324223
0.12387458
-0.86034386
-1.2939103
-1.2544304
-0.54884383
0.15917493
-1.4858809
0.61632086
-1.4154256
-2.5138944
-0.45724112
0.5515667
-0.44761771
-1.8030408
0.3981916
-0.38134718
0.75184641
-0.55005639
-1.1941316
0.5487256
0.72474926
-0.72473018
0.44702064
0.038265743
-1.3024455
0.27727296
-1.5967955
-0.18854604
-1.2757653
0.30571389
-1.8062056
0.59750484
0.14650455
-0.73278016
-1.6318895
-0.87276043
-1.5767829
-1.109864
-1.312789
-2.0806996
-0.49339986
-1.1985994
-0.72282684
-1.6723627
-1.7933992
-1.3992026
-1.284083
-1.49485
-1.6312349
-1.1436384
-1.7727676
-0.7175145
-2.3622918
-2.1522938
-1.2921595
-1.5208875
0.37716131
-0.16560053
-1.4574174
-0.31919273
-1.0679263
-0.058420983
-0.80332515
-0.90104965
0.13499851
0.45786196
1.476671
-0.39867567
-0.54825334
-0.79585555
-0.538022
-1.2942671
0.054268907
0.7282782
-1.9687827
-1.3914171
-1.5325562
-0.85971376
-0.031648693
-1.2507066
-1.7155066
-1.9375064
-1.6687916
1.2095989
-0.97004705
0.92452334
1.0412962
-0.66778834
-1.2984505
-0.45851676
-0.72165892
-0.79007483
-1.0731694
-1.4423878
-0.44125926
-1.070713
-0.55396246
-0.2917036
0.90531198
-0.72797473
-1.3664163
-1.4249094
-1.119322
-0.88204353
-1.6355217
0.66113048
1.2807441
1.1767598
-1.3226453
0.98769442
0.89959608
-0.82460494
-1.632136
1.0950473
-1.1870908
0.73421709
-1.0477284
-0.83742017
-1.4172411
1.1344441
-0.36163284
0.64971113
-1.2496829
-0.44257365
0.8604669
0.21700381
1.81721
0.67872134
0.73662047
1.1986209
-2.0146913
-0.92190968
-0.89081793
0.55644578
-0.38273768
-0.45908815
0.41375437
1.8381331
-0.95930009
0.33195572
-0.43539332
0.18871853
0.50598101
-1.1394112
-0.56335555
-1.261632
0.20630408
-2.0678363
-0.44547711
-2.3752869
-1.0719293
-0.10740003
-1.801178
-1.3106027
-1.5968398
-1.6389227
-1.69465
-1.5838743
-1.1527334
-1.1501646
-1.5347671
-1.4504656
-1.5474093
-1.2177238
-0.96966086
-1.0717034
-2.0746045
-1.0970117
-1.3047704
-1.1895723
-1.2614026
-1.0001778
-1.0898515
-1.371554
-0.70316624
-1.8303227
-1.3053065
-0.80076603
-1.4553098
-0.86181325
-1.7213389
-1.0505288
-1.4716005
-1.4856622
-0.53537035
-1.0001778
0.5435186
-0.18876797
-1.5609429
-0.7219521
-1.0444696
-0.65341236
-0.81743183
-1.1381855
-1.2119699
-1.3522051
-1.3691412
-1.5694512
-1.0001778
-1.0001778
-1.1491977
-1.3691412
-1.1725968
0.0034487153
-0.53610887
-0.47284396
-0.34523345
-0.90430712
-1.2879369
-1.4053879
-1.3951998
-1.7861028
-0.25234869
-1.4396165
-1.112356
-1.7598172
0.33838319
-1.7113886
-0.99973222
-1.4426673
-1.0046488
-1.069044
-0.46756238
-0.86794357
-0.25845977
-0.12361211
-0.98253059
-1.2092464
-1.6337505
-0.91718725
-1.1349103
-0.06872656
-1.7923239
-1.2376893
-1.3691686
0.15217984
-0.70129996
-1.6390967
-1.5048982
-1.6256112
-0.71882641
-1.2414645
-1.0001778
-0.36752397
-0.40508874
-0.79668388
0.63276948
-0.36072278
1.8263748
0.27742019
-0.92744625
0.35877508
-1.0192044
-1.1955645
-1.3129175
-1.5176008
-1.4702445
-0.96381857
-0.81883755
-1.1238828
-0.66466829
-1.1662381
-1.4149701
-0.9779823
-1.1009127
-0.57242485
-0.3306734
-1.8413322
-1.5717243
-1.4487607
-1.2821725
-1.522998
-0.98001965
-1.8365058
-1.3158813
-0.9893069
-0.99973222
-1.0475245
-1.4896928
-1.443801
-0.89578133
-1.1298896
-1.1111339
-1.7690875
-1.3141857
-1.1641218
-0.85065363
-0.99315949
-1.488689
-1.761586
-1.1381005
-1.3232825
-2.0429801
-1.5857959
-1.6507883
-0.85413911
-1.7514483
0.072717094
-1.4301699
-1.5836209
-0.80752358
-1.0001778
-1.2230357
-1.0001778
-1.6265269
-0.67105353
-1.6459042
-2.2130712
-0.51184655
-0.80747142
-0.093059592
-0.96312791
-1.4352162
-1.3057824
-0.73172518
-1.354646
-1.6878671
-1.3148096
-1.074412
-0.84213481
-0.99973222
-0.38031178
0.028479957
-0.34446459
0.2663012
-0.63264925
-0.53606202
-0.12532302
-0.16771649
-0.16137593
-0.99407505
0.18823248
-1.3851642
-0.59368897
-0.97365577
-1.1426278
-1.8020754
-1.0631111
-1.7960447
0.9073405
-0.47304042
-0.83633985
-0.54324639
0.96577067
-0.76927356
0.29518449
-0.97975999
0.60922964
-1.4396165
-0.37955211
-0.52137946
-1.0001778
-1.0654669
-1.105022
-1.074412
-1.2844476
-1.0939489
-1.0001778
-0.36101269
-1.0401822
-0.82265492
-1.5568488
-1.4324418
-0.73331046
-2.312801
-1.7361041
-1.4090425
-1.093058
-2.2974129
-1.3260677
-1.3730471
-0.73035293
-1.3255951
-1.6063424
-1.5148407
-1.2832535
-1.3373242
-1.4251611
-1.1838788
-1.0482537
-1.0506439
-0.89246547
-1.5104774
-1.3266885
-1.5711139
-0.74661048
-1.180549
-1.2001219
-1.166473
-1.3170206
-0.059584011
-1.1963113
-0.54352248
-1.0001778
-1.058231
-0.9220129
-0.26647697
0.024956218
-0.51225977
-0.47486823
-1.4814141
0.72831654
-1.0487376
0.55930768
-1.6557319
0.63724477
-1.3280019
-0.64853633
-0.88549875
-1.3464535
0.57665956
-0.7614337
0.88848591
-1.1137996
0.9509688
-0.97915508
0.71827305
-0.66022633
0.3344307
-0.93822535
0.83560597
-1.6635761
-0.96737266
-0.27716718
-0.66626298
0.65766737
-1.3895985
-0.61658134
-1.1486453
-0.76865846
-0.93519455
-1.5321639
-0.52913553
-1.4806749
-1.135388
-2.1468371
-0.71372938
-1.1597519
-1.324725
-1.3982222
-1.4330925
-0.98462341
-1.2751159
-1.1833933
-1.6194922
-1.5392349
-1.4981585
-0.70780625
-1.8786144
-0.48925587
-1.1802559
-1.6558046
-1.5230853
-1.2893992
-2.009046
-1.1361521
-1.4542165
-1.9387821
0.13842974
-0.47645512
-0.62534501
-1.8963024
-1.2816984
-1.5723232
-1.0917465
-1.1400273
-2.5094239
-1.6284918
-1.9299872
-1.551146
-1.628338
-1.2377934
-1.5829327
-1.5848571
-1.8489965
-1.9690545
-2.2201332
-1.5833944
-2.1262292
-1.7481682
-1.1141334
-1.6278859
-1.4089412
-1.590405
-0.90049114
-0.97373339
-1.9591104
-1.9858451
-1.7976079
-0.42560866
-1.0683409
-0.99080496
-1.1009127
-0.90728521
-1.0692552
-0.92523319
0.6288687
-1.3676026
-0.95058327
1.0774552
1.0564623
1.635192
1.0991727
1.4310154
-0.43124938
-0.81448211
-0.70993094
0.78489304
-0.95822505
0.81157525
-1.4721153
-1.2167224
-0.40403915
1.3321495
-0.99141379
1.7433966
-1.1676905
-0.0045929111
-0.3074228
1.1777401
1.2977072
0.93029858
0.64277757
0.15661217
-0.088419941
-1.3770781
-0.89307307
-1.1533739
-1.7932358
-1.3526961
-1.792049
-2.6868389
-1.4959023
-0.96561254
-1.4375031
-1.3253886
-0.48258
-0.35422791
-0.13382334
-1.1071634
-1.15812
1.3114047
0.25123183
0.63786221
1.6465128
0.59150313
0.27031268
1.3190004
-0.96867176
1.2477422
-0.9595984
0.41871086
-1.2709233
-1.470932
-1.3451501
1.3122325
-0.045988212
0.65980057
0.45993895
1.9096346
-0.12474582
1.0006313
0.40313939
-0.036333892
0.42714995
-0.0044859351
0.28833756
-0.072830584
-0.99412086
-1.2577482
-1.3851892
-1.1563446
-0.76469602
-0.89178691
-0.055829594
0.26381398
-0.45431291
-0.99518009
-1.4870562
-1.3391447
-1.5520974
-1.2181938
-1.0890384
-0.94205279
-1.2240072
-1.6399649
-1.348134
-1.0255041
-0.7132499
-1.7921504
0.90922281
0.069340638
-0.091355218
-1.0599035
1.0035049
0.7594733
0.16180368
1.0136712
0.85082333
1.3707588
0.41531531
0.56648565
-1.2069201
-1.1496246
-1.6609407
-1.7834453
0.80740138
-0.24485674
1.2806746
0.22338507
1.9436911
0.71276943
2.1233663
0.98769469
-0.30442596
-0.040386501
-0.57750702
0.89605465
-1.0030652
-0.78461128
-1.1945142
-1.1256149
-0.80363577
-0.37719192
-1.5248424
-1.5404839
-1.7854584
-1.8129635
-1.0199985
-1.7459987
-1.4915687
-1.1334374
-2.0232827
-1.4344719
-1.2171173
-2.0313446
-1.7993788
-1.2832326
-2.0725508
-1.2409488
-0.46842399
0.85334214
0.67615156
-0.57055608
-0.99469252
-0.79860173
-1.7448445
-0.862817
-1.0357463
-1.1810329
-1.4491425
0.10784614
1.0142768
0.94920442
-0.5470599
1.6814364
0.24764987
1.0628054
-0.99087532
1.0241418
-0.89472861
0.068412601
-1.5847844
-1.6251528
-0.91240744
0.18000841
-1.7702959
-0.95543574
-1.2539638
-1.1544501
-1.149689
-0.055718802
0.20997038
-0.62054375
0.47181421
0.62278163
1.794473
0.29613153
1.8324066
1.1836519
1.1581632
0.41418155
-1.6429799
-0.45632129
-0.60202069
-0.72565585
-0.83544519
-1.4857129
-1.2664011
-1.8144082
-1.8373778
-1.5193874
-2.1575391
-1.6712458
-1.5846241
-1.3522665
-1.5266428
-2.126167
-1.3630526
-0.91326881
-1.2294921
-0.89319009
-0.91153506
-1.1572073
-1.0241915
-0.94679046
0.020408186
0.59173371
1.6368922
-1.6900081
1.784798
0.43710349
1.3088751
-0.5489889
1.0647332
-0.5962133
-1.4361371
-1.868158
-1.0162871
-0.85000881
-1.2272356
0.89978112
0.40675705
1.9809448
-0.74814305
0.90408677
0.32785929
1.6542228
0.034346482
0.3982434
-0.87024142
0.043523574
-0.066477069
0.84475435
-1.4124095
-1.6672487
-1.1536923
-0.54364695
-0.70940487
-1.7931762
-1.5388225
-1.7202579
-1.791625
-1.4033557
-1.7700825
-2.1291266
-2.2954794
-1.8260344
-1.5764211
-1.1074642
-1.2060066
-1.3483211
-1.7064509
-1.9842367
-2.1374813
-1.4787909
-0.82769172
1.0312832
-1.8563199
-0.85591444
-0.82040756
0.30300869
0.77297975
1.188647
-1.0133838
1.5185164
0.44857294
1.3166929
0.7402713
1.2330393
0.84715165
1.1598771
-0.27052897
0.23525683
-0.26764306
-1.2164816
-0.89194453
1.3874225
1.1676017
1.0714003
0.57412155
-0.086746878
-0.8909168
-0.1226902
-0.77768408
-1.0086959
0.31236649
-0.49776315
-1.0745221
-0.89811244
-0.13467009
0.97384468
1.3566158
-1.0784428
1.0258427
-1.2962988
-0.78297868
-0.26733252
-1.8343151
-0.71975819
-2.167378
-2.1511185
-2.4083119
-1.8040886
-1.7018362
-2.3512867
-1.855428
-1.9002753
-1.5451251
-1.9684943
-1.5915688
-1.2502405
-1.9529053
-1.1281844
-1.4014551
-1.2068873
0.72954241
-0.74781928
-0.47725456
0.34478771
-1.0086937
0.88085472
0.3961831
1.1994289
1.0643376
-0.020068108
1.4829963
1.3351245
2.1215961
-1.0040199
0.96112385
-1.0270706
0.79477419
-1.3799884
-0.88255451
0.67056021
0.67301506
-1.0134513
-1.5576992
-0.66715069
-1.1117481
-0.9678744
-1.5793054
-1.2604064
-2.6392535
0.016941138
-1.3773163
-0.60549276
-2.5511498
-1.5425369
-1.2156336
-2.6754166
-1.9116969
-2.0125221
-2.0033294
-2.0188761
-3.0915384
-1.7901169
-2.8920269
-1.6537951
-1.5054444
-1.2699613
-0.93683724
-1.4368518
-0.90927174
-1.2556138
-1.6708107
-1.2418888
-0.69178817
-0.88829914
0.15994353
0.0055160921
-1.050242
-0.90079424
-0.74075619
-0.077620046
-1.2015979
0.79935675
-0.85202881
-0.92680649
-1.2125914
-0.82545132
-1.3679382
-0.7060301
1.0851128
-0.028088843
-1.0981577
-0.077106681
-0.82359452
2.013681
-1.2810227
-0.26414827
-0.75575034
-0.24060482
-0.42294912
0.052584326
0.42932548
1.1420622
-0.92780984
0.55459149
-0.87008365
1.0620946
0.88725404
-1.4968239
-1.6956638
-1.212687
-1.4567986
-0.29294523
-0.061070256
-0.66270358
-1.6742064
-0.26629778
-1.4857919
-0.95500614
-0.49481456
1.0581217
-0.60643089
1.8459578
0.45993041
1.3192155
-1.0841936
1.3639501
-0.6887126
-0.55199041
-0.47518853
0.90475716
-0.66347687
1.8408124
-0.8337434
-0.22290421
-0.87302506
-1.2512878
1.1335914
0.23445226
1.2090166
-0.025537129
1.8069162
-0.12159125
2.0394531
-0.19742703
-0.93000775
-0.24049291
-0.20594321
-0.057290198
-1.2357127
-0.66413832
-0.46443478
-0.33571418
-0.86900302
-1.0884207
-1.1302664
-0.093911453
-1.4208899
-2.1689351
-1.8709923
-1.3991109
-1.4529335
-2.1516665
-0.21965235
-1.2559599
-0.39504897
-1.7473352
-2.2899632
0.25265991
0.35608797
-2.3028533
0.67804503
-0.33157272
-1.2155535
-2.1590899
-1.6509121
-1.0360464
1.1869503
0.92358487
-1.0146085
0.72658191
-0.079446089
0.19786703
0.62925145
1.1785805
0.25697797
0.38650915
-0.074754188
0.14916307
-1.0422464
-1.1961372
-1.5176719
0.29040342
1.7004228
-1.3545373
0.97142314
-0.25343039
1.6856267
0.99374022
-0.21066862
-0.50832138
-1.0844604
-1.2522021
-1.1835347
-0.20050865
0.14146402
-0.25513472
-0.57694463
-1.9631249
-0.38452684
-1.481413
-0.75577876
-1.0598877
-0.35373604
-0.73999554
0.87392821
-0.83437255
0.064760339
-1.5121173
-0.75056421
-0.24608688
-1.1680807
-1.422302
-2.1420732
-0.8376716
-0.75702504
-0.36042744
-0.52225393
-1.3272558
-2.0358869
-1.4866962
0.99903704
-1.0061823
-1.8721555
0.54410263
-1.0310377
-0.90479482
-0.067749564
-0.427397
0.13067041
1.2738523
1.8442655
0.84258315
2.1547188
0.55717104
1.1867454
-0.2131274
-0.38970862
-1.0716364
-1.3185257
-0.89835318
1.4523642
0.16987843
1.7812428
-0.058871592
1.7129893
0.95882009
0.96370471
0.80813099
-0.778708
0.11720184
-0.85009172
-1.0894322
-1.2902401
-1.627313
-1.9379949
-0.56543986
-1.3435419
-1.3409868
-1.5232038
-0.47797808
0.43658691
-1.452584
0.47128373
-0.82465906
0.32682649
-1.5927385
-1.6435055
-2.149758
-1.8950082
0.43611661
-0.20209771
-0.52631019
1.5519797
-1.1596935
1.8254187
1.2837947
1.890023
-0.69670124
1.1784201
-0.90996809
-1.1907523
-1.1605589
-1.7369634
-1.8281646
-2.1076181
-1.1683715
-1.3221328
0.93936628
-0.21344468
1.3181381
-0.46435115
1.3214097
0.08457338
1.1959378
1.0595404
0.80756085
-0.80110137
0.41793077
-1.6330207
-1.4758766
-0.81626506
-1.0826409
-1.2939106
-0.98334321
0.12719781
-1.4771973
-1.9907458
-1.8185168
-1.9788373
-0.69625579
-1.0217535
-2.2193302
-1.8332947
-1.2935105
-1.1213684
-2.4991966
-2.6841139
-1.9792771
-1.7496488
-0.64607213
-1.5477115
-0.38622023
-0.87992138
-1.6961695
-0.10995874
-0.62660994
0.28133024
1.5321176
1.8900669
1.0583827
2.2321758
-0.46977754
1.8911667
-0.38028344
0.80200826
-0.17309268
0.48442163
0.88316168
-1.0613442
-1.2114116
-1.7123895
-1.6153503
-1.5626073
-1.8303626
-1.5624621
-1.0778548
-1.7584285
0.14080226
0.32905267
2.5208063
0.31052652
1.8152954
0.24382317
2.0886234
0.54187298
2.2912916
0.66186577
-1.2325444
-1.1971042
-1.349514
0.018805537
0.14705692
-1.2443385
-1.0463895
-1.8039489
-1.4405769
0.97349018
0.65602194
-0.66326793
1.6947417
1.3725715
1.8498447
-0.63260827
-0.49149977
-0.65894355
0.47680697
0.13968085
0.90131636
-0.49555539
0.75075455
0.44088967
-1.0218146
-0.72383046
0.85550776
-0.70463958
1.1730384
0.92711496
1.5520507
1.4488249
1.6439297
0.18073248
0.34483138
0.7605608
-0.645318
0.37165195
0.68944689
-1.4673633
-1.346515
0.8975579
-1.0208569
-1.2643884
-1.2667091
-1.3410768
-1.0566279
-0.75629708
-0.45643362
-1.6834738
-1.0764482
-1.3222405
-1.6195334
-1.0761115
-1.9478256
-1.3361405
-1.8551101
-1.9636763
-1.3613487
-2.3678119
-1.3588814
-2.3498342
-1.6957437
-1.2170391
-1.9159342
-1.9578369
-1.5712784
-0.43612412
-0.46140719
1.1789372
0.19749897
-0.76422409
1.7119702
1.0285631
1.5760184
0.44560383
1.2303871
0.60953353
0.71361201
-1.4678084
0.37943716
0.4670431
-1.3660184
0.08282765
1.1405655
-0.19941441
1.1625709
0.79029849
-0.94668407
-1.0481526
1.6474653
1.1878026
1.2605563
0.67306528
0.44693729
-0.99297763
-0.87609293
-1.0327914
-0.054690076
-0.5347963
-1.3273459
-1.1174165
-1.8479733
-1.062363
-0.90304401
-0.68678548
1.5210188
-0.65601465
2.249852
0.85100179
1.3568233
0.52151571
0.91836178
-1.0063053
0.24314038
-0.60362012
-1.274743
-1.6467222
0.02168388
-1.14329
0.45858884
-0.47514983
-1.3206144
-0.96983378
-1.8609917
-0.083527089
-1.7627997
-0.089243178
-0.77959059
-2.164974
-0.22681853
-1.0642041
-1.6960745
0.80494329
-2.247064
-2.3153297
-0.96615568
0.4086138
0.42934341
1.2441569
1.5176414
0.84420915
0.39869728
-1.1757523
0.73353233
1.0523328
-0.69567676
-0.41904707
-1.3738169
0.7754186
0.4448503
1.1726598
-0.76024524
0.44221315
-0.68641858
1.7794339
0.085389578
-0.7458535
-1.5574019
-1.4201084
0.1267586
-0.71572739
-1.6091821
-2.1998707
-1.6643827
-1.2596362
1.1299243
-0.1372729
-1.0865664
0.93796113
0.86312345
0.42678293
0.58163417
-0.42446736
0.46070099
-0.46914555
-0.96620992
-2.7626187
-1.6800141
-2.827201
0.24785386
-1.6995717
-1.6116876
-2.0963078
-0.72377789
-0.99834238
-0.37969948
-1.6718835
-1.6891679
-0.73856728
-0.13295797
-1.7030098
1.1981281
-1.2756797
-1.1795207
-1.2093609
-1.4656516
-1.4816231
-1.3151709
-0.69907542
-0.1092997
-0.9858218
0.35754263
-0.3957548
-0.031560716
0.51938459
0.4558096
-1.2786944
0.78775029
-0.69238746
1.8579299
0.37507403
0.28901132
-0.41578675
1.3562786
-0.93328315
1.3092718
-1.2882554
-1.3689538
-2.0535755
-1.1878124
-0.94189694
0.37500882
-1.4913341
-1.7691334
-1.2899743
-1.0777924
-0.83291793
-0.90372637
0.19148201
0.96912593
1.3567694
0.67300814
0.26283245
1.0697887
1.2998466
-0.92882982
-0.034089285
0.61973177
-0.42096433
-0.31595707
-0.26720095
-0.91122887
-1.5742527
-1.4598888
-1.9092206
0.45565018
-1.6555787
-0.85433973
0.053018374
-1.5665621
-0.80597999
-1.0705975
-1.4503302
-1.3936674
-1.7588245
-0.44193484
-0.60858082
-0.1783037
-1.456637
-0.96320784
0.68107981
0.67300814
1.1639796
0.74096825
0.50467991
0.67300814
1.2853752
-0.47157572
-1.240828
-1.3268593
0.22312051
-1.0286283
-0.5471816
-0.42253932
-1.4273235
-1.0161904
-0.26324029
-0.74958578
0.35703324
0.025538342
0.57593333
-0.92919179
-0.51371255
0.67300814
1.2180742
-0.38853734
0.47451629
0.89148504
-1.3272135
-0.72424278
-2.0597937
-1.3024334
0.28728727
-0.66830737
-1.7976749
-1.2544324
-1.256601
-1.7506165
-1.8487443
-1.5677373
-1.7370609
-0.03081077
-2.2207745
-1.398909
-1.4961367
-1.1803512
-1.4660942
-1.3762771
-1.4573882
-1.2225058
-1.2277412
0.10807308
-1.0830187
-0.98493313
-1.2680452
1.1707111
-1.7412877
-1.7352512
-0.044329894
-1.1876034
-1.2768099
-0.094134411
-0.1761083
-0.991039
0.14201942
-1.0261898
-0.13144864
0.6687635
-0.5661847
-0.55308427
-1.2843876
-0.34484684
-0.1418239
0.32744876
0.72390207
1.1597221
-1.5099325
1.6306729
0.64365585
-0.046329104
-1.0615444
-0.48326549
-1.3083899
-0.84508146
-0.8266326
-0.9720713
-1.6009915
1.2489127
-0.32478144
-2.2998892
-1.5167492
-2.2284051
-1.3573682
-0.74446687
-1.8812815
-2.4156182
-1.3189658
-1.1741436
-1.9158082
-0.98453095
-1.2744365
-2.4537881
-0.85680691
-1.8945852
-1.8559531
-1.9562339
-2.0623829
-1.3534242
-1.4888779
-1.2254087
-0.5371983
-1.0952914
-1.2134062
-0.75008064
-2.2227973
-0.95715103
-1.7619969
-2.0143366
-1.0012194
-1.0335699
-1.3582427
-2.2697205
-1.7473026
-1.5188795
-1.5554253
-1.5642425
-1.3859662
-1.5776261
-1.702362
-1.4340968
-1.4902344
-1.0792231
-0.34951209
-0.35885715
0.032194279
0.96897101
-1.2724912
-0.97810178
-0.58564934
-0.35472855
1.879045
-1.2220298
-1.3016038
-0.86660169
-0.53625354
-1.3609195
-0.90752914
-0.94464353
0.45494184
0.064363053
0.74932291
-1.1622757
-1.1300316
-1.0460505
-0.090924997
-0.76389731
0.87626183
-1.7939285
-1.2081064
1.1852294
0.29157685
0.70249026
-0.056499107
0.67582309
-1.1151769
0.38929477
0.8819131
-0.33860017
0.87820309
-0.62230712
0.27248722
-1.7933017
-1.3193376
-2.1183686
-1.3524854
-1.7421042
-1.4762224
-1.579958
-1.3903808
-1.5622156
-1.7777165
-1.0425744
-1.1972035
0.86237573
-0.97533755
0.30419018
-0.79916752
0.29109133
-1.3443657
-0.47966245
-0.23532542
-0.3842548
-0.55888806
-0.30999686
-0.98789703
-0.49369638
-0.30864339
-1.1780153
0.50807657
-1.4594748
1.0416124
-1.199294
-1.1215634
0.83824443
-0.79860062
0.41271828
-0.77502048
-1.6103652
-1.2297491
-0.82531504
-0.9024997
-0.3081871
1.2398557
-0.94759283
1.5925725
-0.71368821
-0.99298345
-0.83946957
-0.95325668
0.59274083
-0.30628578
-0.47459967
-1.3320185
-0.41586226
0.26715759
-1.1978145
1.4011622
-0.50792212
1.0902893
-1.0675804
-0.41876336
-1.4686457
-0.70344814
-0.084624655
-1.3073303
-0.024405631
-0.59309047
-1.1050039
-1.4647248
-1.3602153
-1.1384726
0.055619433
-0.34223063
-1.4510372
-0.74225242
-1.0877714
-1.357795
0.80164876
-0.4094035
1.0823083
-0.62826996
-0.85252964
-0.9984934
-1.4881761
-1.0485743
-1.3706595
0.039920461
-1.1970845
-0.85548987
1.0089482
-0.30162245
0.66040696
-0.91995033
1.3609455
-0.94906197
0.12546828
0.32117963
-0.81708466
0.15193428
-0.74635194
-0.64106179
-1.1961613
0.4129936
-0.46668122
0.52648366
0.8861539
-0.413105
0.31632248
0.80684475
-0.77221191
0.42353093
0.49913856
0.73186773
-0.059958646
0.55609623
0.71503973
-1.4841952
-0.51619633
-0.94259417
-0.81885801
-1.428535
0.64719779
1.3844928
-0.94329888
1.1350598
-0.15344089
0.19981632
-0.38522997
-0.81000392
-1.2213224
-1.2193272
-1.2935155
-0.75743284
0.42828265
0.4155846
-0.90744019
0.98676763
1.0962858
-0.95474865
0.0018511353
-0.94268389
0.91678048
1.539401
0.29884808
0.85269858
-0.69796455
0.26832938
-0.4990748
-0.94584727
1.0052015
0.64324583
0.40074141
1.0522998
0.088538605
-0.072225643
-0.94270274
0.84952337
1.0336431
1.0192572
-1.0679074
-1.2208203
-0.95860253
-0.95599038
0.22640197
0.60164165
0.9356312
-1.1126124
0.5485075
0.28104149
-0.26315993
-0.91215702
0.050341824
1.3092806
-1.0770152
-0.58971131
-1.4985738
0.84078715
0.98695121
-1.4763207
0.45556872
-0.093225555
-0.82693857
-0.53010505
0.5494778
0.0880025
-0.25575657
0.41088325
1.1482703
-1.3255902
0.50675975
-1.1850661
-1.2076138
1.0279913
0.52585221
0.81122362
-0.8704837
1.0596601
-0.48943972
1.6632838
-0.52718981
1.1326207
-1.0805812
-1.7042747
-1.2128178
0.99085059
-1.0068651
-1.0462111
-0.9574748
-1.8900219
-1.6708157
-1.3632353
-1.6347344
-1.694877
-1.0302502
-1.565014
-1.5552464
-1.7595069
-0.99426449
-1.5422463
0.30481881
1.2408595
0.44002701
1.8751594
-0.23329864
1.1692374
-0.52113218
0.058798292
-0.83248995
0.85300538
-1.0206614
0.42922198
-1.6476633
-1.1149005
-0.71397372
1.3283404
0.92588075
0.88740153
-0.91575465
0.29743629
-1.036956
1.2322287
0.65219008
-0.61354353
-1.3394702
0.038523715
0.78170338
-1.0208638
-0.66646943
0.71039112
0.5652406
0.57539589
0.99618521
-1.3168246
-1.0872465
-0.75219089
-0.65258841
-0.21570246
-1.0285368
-1.1219432
-0.50571508
-0.2318811
-1.2366194
0.10797394
-0.5995718
-0.52628238
-1.1431178
0.6758271
-0.9896103
1.2709945
0.33243303
0.85867273
-0.23438622
1.2158733
0.48259984
-0.19946891
-1.0657423
-1.0319686
0.83447344
-0.16806002
0.9581683
0.28602406
1.9865959
1.5449255
0.76825559
-1.2371632
-1.3331052
1.0004667
1.0133959
-1.3299702
0.66070433
-0.61676482
-1.3180364
-1.4393383
-0.7438101
-1.7550138
-0.99117012
-1.1870562
0.54974287
-1.345702
-1.0796272
-0.60793098
-0.94185201
-0.23479953
1.1943538
-0.64173053
1.7187687
-1.2152365
1.0216335
-0.7311691
-0.78553038
-1.1126203
-0.22013248
0.84222369
-1.5508299
-1.1937854
1.1414025
-1.0368101
1.4999989
-1.0512022
1.416114
-1.0581998
1.2131224
0.16138082
1.2380568
-0.44987092
-0.14407188
-0.94333003
-0.69892607
-0.79264876
-1.0723173
-1.4695158
-1.4763625
-1.0023559
-0.12736488
-1.4958566
-0.41887992
0.86873196
-0.75454898
0.30595626
1.4843479
-0.30049804
1.3764543
-0.50035929
-0.94657979
1.3023403
0.72951018
0.98014533
0.31411607
-1.2053661
0.31759464
-0.95383814
0.43320226
-2.1402717
0.68650605
0.85715927
0.75328363
1.132761
-1.0671928
-1.190323
0.46109031
1.6101131
0.9982254
1.1364369
-0.61955454
-0.055639066
-0.61451954
0.37967795
1.1980055
-0.51416977
-1.2579013
-0.55326921
-1.9003761
-1.7679409
-2.0058359
-1.9943995
-1.8097098
-1.8384926
-2.070363
-1.9639134
-2.2757866
-2.209562
-1.6224697
-2.0953223
-1.5831567
-1.3006638
-1.1399119
0.28251461
-0.78184741
-0.38163182
0.17605743
-0.68459858
-0.82108692
-0.83912362
-0.31929029
1.0327852
1.4570007
0.18618011
-0.099160093
1.6563378
0.4514715
-1.0161697
-1.0083386
-1.5798323
0.60873278
1.0283212
-1.1877325
0.8563725
-1.3361872
0.62587108
-0.68154488
-1.4929109
-1.4205352
-1.739117
0.75346436
-0.23008267
1.3122084
0.28957718
-1.04443
1.0367598
-0.95100215
0.62261147
2.0023802
-0.89188634
1.0243475
0.61594658
0.036194789
-0.88283526
-0.92991068
-0.092006441
-1.3750024
-1.1548707
1.0163213
-0.62647555
-1.4058447
-1.2211423
-0.47790172
-0.5113224
0.14885975
0.9365211
-0.89735858
0.65389418
-1.4871668
-0.66227585
-0.24082318
-0.72239801
-0.88589409
0.7221156
-1.036361
1.6430586
-1.0559421
0.79528657
-0.030941939
-1.0038721
-0.17786166
1.0193064
0.57039228
-0.40253233
1.0862358
-0.33544007
0.98754716
1.0113287
-1.237811
-0.17004327
-1.0607937
-0.96404415
-0.81086417
0.47461255
1.4000249
-0.93337962
1.1748235
0.88505941
1.8239998
-0.94307949
-0.074711299
0.34477321
0.81622755
0.10090761
-0.92730714
-1.2873892
-0.57439931
-0.32328815
-0.97210101
1.0833845
-0.77446074
-0.89077197
0.44589655
1.7112492
1.2577692
1.504346
0.94192354
0.93760857
-0.7624426
0.16245397
0.80228584
-1.1843824
-0.62081096
-1.345251
-0.9371492
-0.62562668
-0.78022654
-0.19169909
-1.0772208
-1.18508
-1.6221458
-1.9345263
-1.2829559
-1.5657689
-1.2554072
-1.5274676
-1.8549996
-1.8401066
-1.6062934
-0.41488335
-1.0928611
-0.93761697
-0.53476213
-0.80377078
0.94193391
-0.51378502
0.84074693
-0.21540701
-0.073548653
-0.70956874
1.2984105
-0.90299187
0.89267403
-0.89507733
-1.1331799
-0.84125953
0.48286589
0.83676513
1.5776086
-1.1526166
1.6115121
-0.67282227
1.4276908
0.38732838
1.0765415
-0.40128332
-1.9398252
-0.75641707
-0.30737942
-1.4128938
-0.74377256
1.1308552
-0.72597901
0.45252322
1.2209008
-0.84462658
0.2223745
0.99643237
1.8047674
-0.5714086
1.0041958
-0.39918886
-1.5267744
-1.6335291
-1.2005752
-1.2100192
-0.44478128
-0.046623272
1.4534737
1.1039511
2.0784144
0.83226525
1.0733434
0.77646926
0.90117074
-1.2680638
-0.81417976
-1.1622427
-1.3108287
-2.251092
-2.3857214
-1.4059912
-1.9063511
-2.0768977
-1.8463491
-1.2472054
-1.7528169
-2.09296
-1.6270413
-1.7808722
-1.3790294
-1.6938011
-1.3423853
-1.3223776
-1.6191127
-0.99707558
-1.4094696
-1.3812363
-0.99913861
-0.65205205
0.34423553
0.65060714
-0.60508593
1.7619254
-0.21846298
1.7764147
-0.079507891
1.0756062
-1.0134962
1.0975166
-0.045383989
-1.0244115
-1.2480919
1.0211414
0.1310537
2.1053892
-0.40745086
0.93248754
-1.0477328
1.7161381
-0.126446
1.2222146
-0.55035324
-0.058613052
-1.4019268
-0.86899388
-1.3571826
-0.57838247
-1.1863519
-0.71011678
0.19394
1.0704262
-0.70469451
2.2832147
1.0111027
1.3195846
1.6910879
1.1539345
-1.2436409
-1.0108214
-0.10302199
-0.99870885
1.0102878
1.0034296
2.2003353
0.51538461
1.5585007
-0.43212708
1.6844386
-0.44920598
-0.72170404
1.3701314
0.60186363
-0.6715826
-1.1143121
-1.6848705
-1.843158
-1.7074761
-1.9498692
-1.2010869
-1.7313781
-1.3856306
-1.7783431
-1.7094948
-1.3013295
-1.3106564
-0.51446721
0.096185524
0.91638717
0.4329153
1.5893685
1.3959308
0.72996326
-0.46097588
-1.1940041
-0.68830132
0.091417216
-1.3691952
0.92815192
0.92086486
-1.0344623
-0.14377148
-1.4801278
-0.20373329
-0.41857192
-1.7018435
-0.15800711
-0.17131939
-0.018428845
-1.3421776
-1.042126
-0.41669151
0.53662033
-0.99990594
-1.083025
-0.93724949
0.36109031
0.059696908
-0.92883018
-1.5405039
-1.566778
0.44465236
-1.2273229
0.11169258
0.95478772
0.97023404
0.98302335
-0.35746444
0.94859388
-0.47663593
0.28174607
0.50317092
1.6427895
-0.049360146
1.458307
-1.427281
-0.46224138
-1.8386582
-1.5994832
-1.0961465
-2.2166584
-2.2613361
-1.721362
-0.25840111
-1.0520226
0.67808927
-0.34710284
-0.25896794
-0.75653825
1.0652666
0.23135979
0.41074899
-0.24248597
0.95473078
-1.2777257
-0.95005074
-0.58599389
0.19942436
-0.10634132
1.0880083
-0.039880263
-1.0526394
0.5600153
0.50978996
0.96507625
-0.86922205
0.27594797
0.99876629
-0.12201518
1.4256181
1.1506121
0.22939906
0.11921135
1.0864116
-0.041980811
0.25719555
-1.038002
0.17042127
-1.6110575
-0.98531544
-1.0391042
-0.54323764
-1.9708708
-1.6387531
-0.55236911
-0.12072923
-1.25813
-1.6365463
-1.1479429
-1.1287145
-0.10606799
-0.49176095
1.1814944
1.1201089
0.42123668
0.73739594
-0.45334362
0.89158006
0.99033427
-0.024051585
0.42024736
-0.672776
1.1117698
0.71167338
-1.3823419
-1.3742588
-0.417885
-0.90729309
-1.7901467
-0.75051863
-0.43620928
-0.77108633
-0.70513416
0.0043493318
-2.0087423
-0.78827693
-1.3700594
-1.1603523
-1.3807075
-0.62458229
-1.4755143
-1.1828023
0.39696058
-0.33509208
-1.1013719
-0.88857624
-1.7260047
-0.86970046
-2.0784961
-1.4077599
-0.92282178
-0.76132876
0.032544823
-1.2246308
-0.56012707
-1.3835466
-1.0152205
-1.1315139
-1.9725309
-0.89950585
-2.3734811
-1.2703187
-1.3454903
-0.92975957
-1.7561728
-1.5680486
-1.507284
-0.9855332
-1.2944229
-1.1233484
-0.91133766
-1.2119386
-2.0654724
-0.93045551
0.31411311
1.3794131
0.15377083
0.020622732
-0.46470248
0.62604455
-0.94569674
-1.112481
0.96368212
-0.089461527
2.151027
0.98400667
1.6558197
-0.12062956
1.0208398
-0.25223127
-0.9228125
-1.3014722
-1.4523381
-1.2405169
-0.97671016
-1.1736137
-1.8186934
-2.546994
-2.0449591
-1.1903837
-1.1908458
-1.1196636
-0.96980471
-0.15994376
-0.25942412
-0.8860447
0.61953135
1.1614135
2.0054664
-0.92120815
1.1891745
-0.30972239
0.39232031
-1.1755004
-1.5976171
0.83791111
0.27990776
1.8449171
1.1777412
1.8738853
0.23749967
0.11906748
0.084055463
-1.393631
-1.1253188
-0.91293013
-0.82782366
-2.2745752
-1.6416681
-0.76339556
-1.2788311
-1.740132
0.21507815
-0.7152725
0.38467916
-0.21893598
1.6522511
0.9745282
0.98543913
-0.54012892
1.2652887
-0.96825562
-0.36622019
-0.96571455
-1.5815447
-1.21769
0.11435752
-1.2233913
-0.57565028
0.95508939
1.342879
-1.1365545
-0.65958862
-0.89307591
-1.6387588
-1.1147514
-0.94900949
-1.4691677
-0.88893616
-1.7707028
-1.2704417
-1.1623839
-1.5540785
-0.054095746
0.73783234
0.60620944
1.8437112
0.77656079
2.1201798
-0.52775868
1.1468383
-1.6309425
0.6165021
-1.2041992
-1.7123926
0.49456274
-0.20049526
0.94100273
-0.31954432
2.1336299
-0.24164915
0.98061767
-0.091071822
-1.4399384
-1.0920496
-0.34900149
-1.5011119
-1.7056168
-1.6648753
-2.013131
-0.49912404
-0.98801493
-0.12303727
1.1289257
0.94756033
-0.15959832
-0.9904733
0.80582107
-0.85071306
1.0250496
-0.41118589
-1.1183828
0.11607319
-0.72376125
1.0255395
0.79876689
-0.66731567
1.7218677
-0.70070019
1.0948764
0.061799382
-0.014865349
-0.2356932
-1.2937129
-1.0939047
-1.1077011
-1.2642877
-1.0883436
-0.89633612
-0.57038261
0.083241608
1.1895472
-0.024824186
-0.0072972722
0.98347848
-0.27391424
-0.17976981
-0.55002209
-0.45611541
-1.0008311
-1.043901
0.049844399
-0.046031571
-0.37929026
-0.52787622
-0.56351958
-0.31083113
-0.79171309
-1.071982
1.1360735
-0.071438914
-1.8006134
-0.88088358
-0.98991541
0.31589506
-1.4429221
-1.4454594
-1.7054788
-2.1142142
-1.7425954
-1.1893041
-1.0934872
-1.9864446
-1.7452856
-1.3798428
0.79371027
-0.49103919
0.42959282
-0.28381163
1.0430854
-1.1116298
-0.94716381
0.33666671
-1.6721617
-1.7929529
-0.69726416
-1.3806227
-1.0563412
-0.32615495
-1.5054179
-1.5839004
-0.9667045
-1.3288503
-0.77088148
-1.229114
-0.33770645
-0.42841133
-1.5284249
-1.0734765
-2.0927226
-2.1269567
-0.61354164
-0.68163053
-0.96738652
-0.95168306
0.89716322
-0.0030921435
0.013901164
-0.56542149
1.1391498
-0.6586942
-0.11007272
-0.34395362
0.45774598
-1.5571281
-0.95609396
-1.388859
-1.6848946
-1.2638713
-1.6010275
-1.7526459
-1.6400979
-0.79344408
1.7426159
0.61266729
1.0622845
0.34790878
0.98665017
1.0120061
0.99497469
-0.45287535
-0.07002386
0.94375843
-0.58233484
-1.0267351
-1.046101
-1.4087129
-2.1123964
-1.2066489
-1.3279224
-1.2318786
-2.0239914
-2.2649408
-1.2101272
-1.5947032
-1.9029995
-1.3761481
-1.5882636
-1.3333128
0.73240359
-1.1430754
1.0615693
-1.3491356
-0.34004421
0.70230732
-0.98612967
0.32857802
1.0520751
0.72464709
0.27436758
0.15209317
0.25393847
-0.72007494
-0.29351226
-1.1555857
-0.79275507
-1.4208453
-1.7136234
0.0265003
-0.44577288
-1.0223797
-0.66348402
0.52348951
1.130611
0.27557459
1.3695345
-0.6023632
1.6549349
0.61202375
1.1638304
-0.97114224
0.95715828
-1.1039314
-1.0453401
-0.9555441
-0.71614407
0.78235247
0.031127167
-1.019919
0.85675361
1.2676832
-0.95858492
-0.97078527
0.89014865
0.95948168
-1.4516032
0.69051648
0.66887817
-1.1922313
-1.1155614
-0.90364236
-1.1221409
-0.475155
-1.4744799
-2.1874729
0.37620746
-1.7800046
-1.0343912
1.0949247
-0.14720709
-1.0972426
-0.98282758
-0.42532618
1.1159006
-0.54266679
0.34647432
-0.71966142
0.20775735
-1.0083864
0.27735955
-0.088265695
-0.062185326
-1.0001778
-0.23342717
-1.117711
-1.1354665
-1.4400781
-1.8988929
-1.5433259
-1.5918042
-1.8638824
-1.4165186
-1.2754425
-1.4224046
0.53416281
-0.75243967
0.97630805
-0.57639975
-0.36875998
0.12305655
0.51823969
0.83460022
2.2684538
-0.39491869
1.3948956
0.80998101
-0.12446158
-0.069386378
-0.70826166
-0.62569674
-0.89028024
1.2146784
0.69641516
0.19994253
0.65676541
1.5098662
-0.82047447
1.7371254
0.40580148
1.1750337
0.98019297
-1.3557545
-1.1559214
-1.379314
-1.8663588
-1.9586096
-0.87940281
-1.3449049
-1.2830153
-1.4346651
-1.5301072
-1.1560527
-1.6192524
-1.6606885
-1.6193385
-1.9536649
-1.3185888
-1.3009943
-1.2619878
-1.0902431
-2.0213215
-1.5012332
-1.4286537
-1.414545
-1.3730898
-1.1795723
-1.8500695
-0.94106233
0.33780341
0.94531989
-0.15638389
0.69977418
0.86051246
1.0195019
1.0885413
0.29280926
-0.010509928
2.0922259
-0.5296996
1.4573839
-1.3137112
-0.54468677
-1.3142925
-1.3105032
0.55689523
-0.49364936
-1.290231
-1.3282066
-1.5493431
-1.3699353
-1.2699971
-0.59473237
-1.6369163
-1.4023389
-1.793715
-1.7039467
-0.88190055
-1.464723
-1.4731802
-1.4900856
-1.6356852
-1.0816296
-0.97633698
0.21731077
-0.40358449
0.50021177
-0.060117513
1.2967249
-0.37970601
2.0267666
1.01166
2.0070582
-0.43021962
1.3115301
0.27717619
0.42696641
-1.3024786
-1.2462944
1.8156902
0.62812747
1.8455341
0.50163505
0.9786304
1.196296
0.98751233
-0.85686268
0.9902235
-0.68205689
0.57972483
-1.2296415
-0.11243645
-0.14802391
-1.5494807
0.24077497
-1.2132839
-0.91873837
-1.5126058
-1.3042194
-0.78767525
0.61478964
-0.84845092
0.21563234
0.60866576
0.61086496
0.34472157
1.0609099
0.84996124
0.47865776
0.87755272
-1.1133333
-0.23214691
-0.62810454
-0.46724331
-1.6015429
-0.6134252
0.171129
-0.38617048
-0.79850304
-1.8103935
-1.1511189
-0.62055158
-2.135299
-1.6579713
-0.92752369
-2.6931733
-1.9557962
-1.4948416
-1.8567537
-2.0820242
-1.3302815
-2.5942018
-1.6782255
-1.0594041
-1.433486
-1.6275186
-1.3147327
-1.8501363
-1.5940407
-1.1170654
-1.1686116
-1.3172709
-1.356534
-1.0844456
-0.73529812
-1.1042609
-0.06904594
0.90658957
-1.0944467
0.49380096
-1.3623315
-1.3843702
-0.57940988
-1.1918246
-1.3185012
0.59382026
-1.1960926
-0.31866393
-0.92591505
-1.2828423
-1.0063795
-1.4479246
-1.1907186
-1.3260624
-1.4504447
-0.97885678
-1.124454
-1.0014189
0.22434358
-1.5471024
0.039469249
-0.93501767
1.5808517
-1.7935677
-0.073200062
1.0454814
1.7465436
-1.2189696
-1.0829341
-0.79906643
-1.0367403
0.58559169
-1.0561574
-0.16561614
0.17595936
0.11020044
0.33816163
-0.96293505
-0.25982121
-0.61958522
-0.095373586
0.42052093
1.2766696
0.31447839
-0.021759239
0.53786167
-1.1329602
0.15295349
0.98839679
-0.30174632
0.93633633
-0.10511485
-0.14074321
-0.81537132
-0.85404515
-0.90371981
-1.0388297
1.1142742
-1.2672026
0.98439672
-0.85581992
-1.57049
-1.0307544
-0.64289564
-1.162125
-0.59815208
-0.93140016
-0.26575791
0.85512908
1.2182348
-0.39929664
0.086317024
0.6415208
-0.27477707
-0.079797838
0.26339877
0.40954623
-0.64896163
-0.80209368
0.72624606
-1.1487243
-0.62090975
0.82749286
-0.4696194
-1.3206377
0.94583361
-1.0304288
-0.48393451
-0.83430768
1.0393611
-1.0819546
0.17969152
-1.5910899
-1.2153176
-0.02028377
0.091446036
0.95533801
-0.48985922
-1.0855104
0.81193781
-1.0545067
0.34082662
1.0048172
-0.77025169
-1.1986723
-0.79202361
0.035178298
-0.88797718
0.53201587
-0.666482
-0.69649975
-0.89975681
-1.7321242
1.0857181
-0.65831921
-1.0632616
-1.4679136
-0.63306669
-1.8548807
-0.91335104
-1.1594807
-1.574107
0.90697429
1.1797893
1.5771614
1.2564228
1.6420528
0.84034112
0.75904712
1.1284426
1.0643534
-0.07431237
-0.92647558
-0.85478625
-0.6324434
1.4559156
0.87169933
0.81078133
0.42399863
1.2484259
1.6043338
-0.79994613
1.4712067
0.15910615
0.38354425
-0.10439703
-1.2714583
-0.60589312
-1.0790335
1.4477228
0.94613493
0.99450893
-0.94403758
2.6066958
0.36483518
1.599681
0.98884111
0.75963613
-0.37171961
-0.84811413
0.50648825
-1.3260644
-1.0844661
0.071389004
-0.93792821
-0.88203278
-0.72444667
-1.7326981
-1.9977405
-1.6762629
-1.1601463
-2.1860052
-1.3526591
-1.4042112
-2.1958444
-2.3596538
-0.95377862
-0.23041355
-0.68693605
-1.6863053
-1.0201099
-0.85148312
-1.5558963
-1.1847924
-1.2288566
-1.0323144
-1.3731882
-0.40922695
0.22919869
-1.4082852
2.343615
0.59726958
0.67299038
-0.59479548
1.3550281
-0.44838695
-0.20778613
-2.0176629
-0.8563611
-1.1678569
-0.94153436
1.1179803
0.88423196
0.89519378
1.6885716
1.3149853
0.47342646
1.0705694
0.95870534
0.87102234
-0.50126881
-0.7508929
-1.1645454
-0.95764851
-0.44569749
-0.7981222
-0.48822927
-1.2818981
-1.32622
-0.62177583
-1.4043066
-0.80001238
0.24794335
-2.505074
-1.072281
-2.1622677
-1.4445153
-1.3252651
-1.7755311
-2.1209819
-1.6995841
-1.6009122
-1.2545494
-1.3618659
-1.5728437
-1.7892969
-1.5219065
-1.7783245
-1.0611335
-1.8049048
-0.63232011
-0.68611216
-0.86924102
-0.080901739
-1.3900152
0.11116415
-0.95649799
0.8408139
1.4979356
0.24897553
0.78655523
-0.32346933
0.79380277
-0.037948561
-0.65274642
-1.8032261
-0.67859817
-1.6923807
-1.8204422
-1.4103959
-0.69730188
-0.50014817
-1.2688548
0.37388221
-1.2829927
0.93720459
0.35060726
-0.10317667
0.69504114
0.75329213
0.3823231
-1.1144129
0.35183568
-0.82806162
-0.6526126
-0.73199209
-0.80969489
-0.91479059
-1.2854799
-1.6206349
-2.0370365
-1.5024146
-1.6053978
-1.7083064
-1.0101389
-1.9261664
-0.88623918
-1.5478156
-1.1313692
-1.7701871
-1.3087148
-1.3033936
-1.1416434
-1.0127713
0.055321015
-1.1538424
-1.8977781
-1.1041326
-0.55874616
-0.58218829
-0.94331078
-0.096552352
-0.49857325
0.66546921
-0.39569053
-0.84252244
-0.45999869
0.79090994
-1.0305268
-0.057068597
-0.37087721
-0.99144238
-1.0261556
-0.71035898
-0.87415397
-0.40340864
-1.2892954
1.4926111
-0.63305113
1.5409695
-0.40331749
0.73933238
-0.36724836
-1.1328391
-0.56083238
0.10626185
-1.572719
-1.2767009
-2.155617
-1.8563188
-0.665691
-1.5882082
-2.0253891
-1.2367767
-1.5622732
-0.65562929
0.24588005
-1.3462782
-0.82157898
-2.1112878
-1.8679321
-1.7318006
-1.1185945
-1.7393694
-0.94387736
-1.6261088
-1.145879
-1.7477802
-1.4397751
-1.6905455
-1.5651956
-1.1210421
-1.5440709
-1.5620988
-1.6359955
-1.4096358
-1.8985615
-1.4326713
-1.6139011
-1.6769509
-1.3623416
-1.5159883
-1.91627
-2.2808
-1.6101255
-1.6387616
-2.2498235
-1.3757172
-1.7055259
-1.5822387
-1.3270526
-0.48248268
-1.7500757
-1.5008626
-0.53759438
-0.66549341
-0.79714479
-0.69571163
0.12618056
0.7507529
1.0445223
1.912082
0.89080379
1.0251366
1.1288524
-0.71544097
-0.64215351
1.0046215
-1.5283019
0.81117037
-0.34557703
-1.4745591
1.6546366
-0.40452794
1.1133058
-0.43720829
-0.32483712
1.1561719
0.5923854
0.22337469
1.0957293
0.87832779
-1.0605441
-0.47381179
-0.8985192
-0.086686161
-0.86946154
-1.4339236
-0.99917616
-1.587383
-0.64356619
-1.6480199
-0.894688
0.28300644
-0.460546
0.085881907
-0.91964707
-0.92191645
1.2904362
-0.18010056
0.53191593
-0.19350037
1.5996269
1.0505209
2.4061466
-0.32006461
1.2472853
-0.55110994
0.6057734
-0.78991121
-1.1390695
-0.98216759
1.5512175
1.4678005
1.5243901
0.7432602
1.4648285
1.1850287
0.96618025
0.63450186
-0.52592953
1.5312401
0.37782818
1.1421298
1.6255319
-1.0333091
-1.2822488
0.0049320707
-1.6976286
-0.19317657
-0.69618231
-0.44369172
-0.53332427
0.49670148
-1.1856702
-1.4513123
-0.47915889
-1.0994576
-1.0390971
-0.79968933
-0.35031884
-1.496299
-1.4817666
-0.39869461
-1.1178101
-0.9336454
-1.2250342
-0.78446218
-1.2320436
1.0233403
0.67000171
0.42533852
-0.78027863
1.4469061
0.62953281
0.47286851
1.8057083
0.99387177
1.5504836
-0.37013688
1.1218087
-1.3618754
-0.50383174
-1.1278239
-0.36281127
1.0994617
0.54045737
1.9291854
-0.31621318
2.339973
-0.031515823
1.7430978
0.15828311
-0.87210891
1.0955832
-0.9152891
-0.015761475
-1.0611852
-0.93854594
-0.60178605
-1.4287885
-0.2501546
-1.3347051
-1.8667643
-1.4281287
-1.9797971
-0.87944878
-1.611775
-1.1905718
-2.1800042
-0.36486914
-1.8461776
-0.95900243
-0.46892029
-0.13443194
0.15996398
-1.0722655
-0.99273001
-1.3305147
-1.5099563
-0.9094242
1.0640144
-1.1293254
-0.26419535
-0.81024182
1.0166589
0.81014365
0.7044122
1.5573061
0.74411397
1.1490651
0.44050434
1.0884629
-0.87223814
-0.43721783
-1.0911041
-1.1336581
1.0184747
0.59805195
1.2734162
-0.677475
2.4394926
1.1568202
1.8130349
0.76728592
-0.24409589
0.32574835
-0.67832068
-0.71502728
-1.1206172
-0.63731016
-1.2042412
-1.4649296
-0.71733313
-1.1958801
-0.077826676
-1.3299218
-1.4329973
-1.6482957
-0.25346786
-2.2629856
-1.2168593
-1.0690892
-1.4619876
-1.0593841
-2.1568955
-1.031489
-1.40791
-1.7332752
-2.1816762
-1.1730755
-1.267886
0.52326226
1.1342281
-0.2928327
1.1997403
-0.37505936
1.6859264
-0.96066804
1.2832768
-0.95436983
0.79145225
-1.5215467
-0.89481736
-0.94904746
-1.313617
1.6509144
0.46505219
1.6219739
0.78548515
0.86796122
-0.68608788
1.0646219
-0.11187989
1.6298239
-0.31340695
-1.3350807
-1.1302476
-1.1235892
-1.3040528
-1.436164
-0.81853972
-1.0918454
-1.9767472
-2.0125962
-1.7365435
-1.9585144
-1.1376506
-1.713783
-2.1889371
-1.6745363
-1.5693396
-2.0775388
-2.025414
-1.8266891
-2.182442
-1.4583479
-2.3928664
-1.3660045
-0.85473345
-1.0760137
0.99552951
1.0515774
-1.062803
-0.69891174
0.49392166
-0.86078459
1.9203163
0.86413228
2.2082381
0.96873737
1.094358
-0.6441892
-0.98476118
-1.8997116
-0.79908169
-1.187808
-1.2028916
-1.1172412
1.5782488
0.63551735
0.78053812
-0.075696295
1.7723301
0.97411234
-0.79398786
-0.7331602
-0.99676443
0.92187722
-0.50666634
-0.98917102
-0.79974127
-0.72319743
1.0357504
0.58871505
-0.99270285
0.096300325
-0.88082094
-1.0310591
-1.0467934
-1.0161937
-1.8804771
-1.1899455
-1.575769
-0.4701557
-0.99837681
0.51423461
-1.5619074
1.0357805
0.23663606
-0.72103281
0.8003883
1.0624856
1.456293
1.4420287
1.7299644
0.0050209644
0.59741782
0.26354598
0.7141352
