-1.1587973
-1.3497358
-1.3622396
-0.9276234
-1.5232024
-1.258565
-2.0243729
-1.2253304
-1.1203999
-1.4819286
-1.5588056
-1.4328986
-1.7462403
-1.9481849
-1.7046358
-1.6433554
-1.6445243
-1.2374247
-1.9910703
-0.39713675
-1.4888
-1.5065194
-1.3156499
-1.2231472
-1.4714535
-1.6911544
-1.5734389
-1.6239724
-0.90926504
-1.5244403
-1.7888136
-1.30434
-2.403728
-2.0305999
-1.5578737
-1.2520372
-1.4960177
-1.9257434
-1.5105382
-1.6154706
-1.4698203
-0.97819548
-1.3111614
-1.4053565
-1.3160736
-0.87603546
-1.3706011
0.96013583
-1.0904284
-1.2529143
-1.2679065
-1.374744
-0.70368213
-1.3352757
-1.3248037
-1.2574304
-1.3885107
-1.1533197
-1.2122804
-0.95469857
-1.0718335
-0.56012852
-0.6144925
-0.83927109
-0.9691766
-0.7614406
-1.2709956
-1.0515088
-1.0860795
-1.0023837
-2.1683761
-0.11365532
-1.355022
-1.5013679
-0.92299184
-1.4926805
-0.61232387
-1.2194084
-1.2359961
-1.2334964
-0.99897564
-0.96210057
-1.4447431
-0.86502864
-0.76078999
-1.20708
-0.87719976
-1.2029134
-0.82404303
-0.7057837
-0.93639054
-1.0998635
-1.0453857
-0.55486588
-0.77766895
-1.2175869
-1.2785261
-0.88144643
-1.288564
-0.99310484
-1.1874917
-0.92399149
-1.0963483
-0.24335401
-0.968352
0.5283338
-1.3073824
-1.6480529
-0.79882228
-1.7084947
-1.2746278
-0.81275678
-0.26686543
0.1975647
-1.108861
-1.9194813
-1.4280524
-1.530771
-1.5669141
-1.7509842
-1.6656396
-1.6243113
-1.1511209
-1.6129263
-1.2362021
-0.58182115
-1.3467667
-1.5732511
-1.2342204
-1.2382155
-0.75528718
-1.5753692
-0.80195539
-0.7507163
-1.0780043
-0.38101362
-1.4740335
-1.6591075
-1.1651785
-1.5687383
-1.0102742
-0.94892056
-1.3739701
-0.94220188
-1.0594403
-1.201793
-0.53451213
-1.0836764
-1.4244907
-1.279442
-1.7029963
-1.0670017
-1.0055043
-1.1449267
-1.2492212
-0.80608082
-0.99313897
-1.0543952
-1.2859118
-1.1827695
-1.0470501
-1.8331052
-0.87148688
-0.93062085
-1.2748066
-0.98654054
-0.77047057
-1.0747748
-1.5207284
-0.95666756
-1.5379452
-1.2666732
-0.99245975
-0.8815152
-0.77392758
-0.89450926
-1.7436912
-0.98749544
-1.0069712
-0.90363474
-1.27524
-1.4232259
-0.95081993
-0.95031872
-1.0243322
-1.0635476
-0.94955844
-0.7610097
-0.67881696
-1.1250121
-1.0451256
-0.94332737
-0.88838813
-0.84252943
-1.0862388
-0.77900901
-1.0659033
-1.0632573
-1.2690508
-1.2291944
-1.2545421
-0.27450017
-0.87362654
-0.81906219
-1.456827
-0.99407261
-1.054336
-0.56181192
-1.1323626
-0.96796814
-0.84261624
-1.0333473
-1.4891915
-1.2332899
-0.90539445
-0.70780351
-0.5865238
-0.84522068
-1.0348999
-0.9947922
-0.89470473
-0.79417417
-1.0483469
-0.791823
-1.6722137
-1.7198225
-1.1706048
-1.2259878
-1.9695031
-1.3519449
-0.037750312
-0.75129999
-1.1893789
-1.4782306
-1.144326
-1.1245423
-1.6046117
-1.7902892
-1.0104822
-1.4243009
-1.3453192
-0.98686009
-0.99999348
-1.0138958
-0.90993818
-1.5591362
-0.92562913
-1.5663018
-0.98009839
-0.89659043
-0.84315431
-1.1640666
-0.80110642
-0.83776937
-1.5150294
-1.2065334
-0.13574656
-0.84627826
-0.90023299
-0.84807122
-0.9537821
-0.98899939
-0.61647931
-0.52027002
-1.2153387
-1.3609567
-1.0026456
-1.3531655
-1.5395666
-0.97045734
-0.95870866
-0.86163542
-1.0759201
-0.8357219
-1.2389539
-0.90429445
-0.78903416
-0.78081043
1.2169171
-1.0093224
0.43518089
-0.051720757
1.1768349
0.41301227
0.90150122
-0.84769864
-0.97068131
0.26149178
-1.0369441
-1.1284742
0.043901943
-0.67838675
0.17324091
-0.49413217
2.7552626
-0.98928225
-0.1895412
-0.26190289
-0.57210791
-1.1068927
-1.2365175
-0.99501583
-1.385528
-1.0076881
-0.83292549
-0.88788673
-0.90010374
-0.96539759
-0.57015575
-0.96796814
1.6384003
-1.4956519
0.45420236
-0.81321613
0.52401111
-0.89339853
-1.1062754
-0.86147448
-1.2129011
-0.60568118
1.0157213
-1.3506876
-1.0492425
-0.86881099
-0.68340898
-0.9485448
-0.97743048
-1.0808164
-1.2159356
-1.3199125
-0.2090311
0.16838199
-0.66146467
-0.63040198
-1.4067264
-0.98008126
-0.98384101
-0.014066789
-0.99518604
-0.82784185
-1.0285807
-1.0868077
-1.1505368
-1.0030327
-1.2637667
0.68354718
-0.832649
1.4303758
-0.80675094
2.875532
-0.95296107
0.43822522
-0.52271431
-1.2399079
-1.0738318
-1.0372061
-1.3031378
-1.1454735
-1.4014536
-1.5774584
-0.93260174
-0.30165029
-0.89982613
-0.91080946
-0.94539605
-0.019018086
-0.97873258
-0.87093651
-0.28360134
-1.4202432
-1.5288347
-1.0181541
-0.85474988
-0.66000364
-0.97201276
-1.3416655
-1.2613452
0.71580632
-1.0783073
-0.97373686
-0.93097766
-1.1052903
-0.38423359
-1.6308191
-0.72204614
-1.3458436
-0.97897184
-0.50006836
-0.59310634
-0.70493038
-0.75007216
-1.132761
-0.50074542
-1.0590628
-0.8302319
-1.0519616
-0.60126747
1.2752354
-1.0695542
-0.58504892
-0.80537025
-0.65090926
-1.0552011
-0.60248742
-1.1809886
-1.1501262
-1.2831727
-1.0764949
-1.1401288
-0.55520976
-0.93658436
1.636907
-1.0345537
2.3164023
-0.55671963
1.8500149
-0.35557001
-0.17647815
-0.43094795
-0.98317109
-0.74105022
-1.0405981
-0.91666779
-1.0523928
0.13154363
-1.3753809
-0.18064433
0.72279878
-0.14046044
-0.18728827
-0.69162944
-0.23565036
-1.2003142
-1.2704753
-0.88169044
-1.1441856
-0.91448279
-1.110504
-1.085593
-0.69818555
-0.38392061
0.30144397
-1.2626327
-0.35192688
-0.89861328
-0.53144287
-1.1190943
-0.38247771
-1.0459396
-0.068948232
-1.1042412
-1.1266601
-1.0855027
-0.59107721
-1.3570181
-1.0159653
1.498735
-1.0726367
1.5820426
-1.0155911
0.45626665
-0.96393885
-0.84435372
-1.0526046
-0.41597216
-0.87654815
-0.55155911
-0.93935118
-0.90427602
-0.95508353
-0.80483392
-0.8913365
-0.88960461
0.42919312
-1.0861658
1.4931365
-0.84769864
3.3883429
-0.15059709
0.67379215
-0.63148302
-1.0632365
-1.235595
-1.1080749
-1.3545074
-1.0715024
-1.2756215
-1.070272
-1.5472727
-0.73637108
-1.1999325
-1.5876799
-1.6542983
-1.5542012
-1.6571406
-1.3317582
-1.4319098
-1.5546812
-1.7020074
-1.6974802
-1.4106439
-0.97176298
-1.0734515
-1.1696365
-1.1006555
-0.21534576
-1.2872216
-1.5794504
-1.2859767
0.41981264
-1.1576706
-1.0967868
-0.99042908
-1.1930634
-0.87045871
-1.7762283
-1.4306336
-1.4147178
-0.97911458
-1.7472641
-1.7956989
-0.91060445
-1.2224037
-1.2403324
-1.1685698
-1.1937721
-1.197897
-0.50348224
-1.0929737
-0.57566693
1.8423751
-0.85804099
0.29617706
-1.021884
0.38859441
-0.95560725
-0.82300943
-0.92575843
-0.84701218
-0.91247175
-1.0096594
-1.0656807
-0.6915
-0.88519958
0.96224265
-1.114781
-0.32996114
-0.84315431
-0.38400447
-0.96755712
1.4483696
-1.181744
-1.0225591
0.50980078
-1.1698261
-1.0430771
-1.1188006
-1.1001887
-1.2499555
-1.2679809
-1.4641304
-1.3134713
-0.67859564
-1.0705522
-1.2344209
-1.228053
-1.2624537
-1.2545129
0.68729095
-1.4549877
-0.99929598
-0.94742943
0.21060083
-0.72108204
-0.3032273
-1.4378669
0.52317721
-1.0182847
-0.56896104
-0.98425397
-1.1181507
-0.75164446
1.2468786
-0.99780759
0.42676631
-0.62762826
-0.399299
-0.9432774
0.73529304
-1.0943224
-0.93598823
-1.5327099
-1.0373488
-0.53740694
-0.98923301
-0.76354601
-1.0168834
-1.1582121
-1.4977801
-0.97860953
-0.83387102
-1.1613361
-2.0306357
-1.1932073
-1.1639593
-1.0946935
-0.30677393
-1.357983
-1.1224134
-0.9904039
-1.642558
-1.5747773
-0.8431119
-1.1408048
-0.59526859
-0.085839335
-0.87590213
-0.17574081
-0.8431119
-0.64705262
-0.95870866
-0.61336265
-0.98101039
0.59077534
-1.1049341
-1.0418746
-1.06427
-1.0966979
-0.75958137
-0.98567725
-0.84147458
-0.95287088
1.6218482
-1.1352779
-0.25261545
-1.0526797
-0.67080671
-1.3855878
-0.99511889
-0.72286815
-1.1359253
-1.2014764
-0.5423008
-1.0766925
-1.0344195
-1.9470546
-1.0940345
-1.4754754
-1.3058653
-1.9732131
-1.6746062
-1.4992364
-1.6011108
-1.5403431
-1.6832472
-1.4987987
-1.3113219
-1.2175217
-1.2616298
-1.2764466
-0.69911877
-1.0062337
-1.1469423
-1.3083716
-0.76635573
-1.1086425
-1.0131434
-0.8651649
-1.0419275
-0.96181295
-0.93214475
-0.84315431
0.55989681
-0.98400997
1.5002426
-0.945917
0.051940479
-0.36116188
-0.84308748
-0.90210027
-1.2431174
-1.4659567
-1.0106812
-1.2130712
-0.74181559
-0.62596249
0.042700552
0.39066297
0.48788938
-0.65019825
0.25699061
-1.0783709
-0.64549602
-0.94080744
-1.2351974
-1.9082234
-1.0053561
-0.95314566
-1.7146388
-1.1493887
-1.2896051
-1.0861679
-0.93245276
-0.45610525
-0.96103925
-1.2223026
-1.5856352
-1.2083373
-0.98798061
-0.82199997
-1.0326891
-0.86383111
1.4792306
-0.93163351
0.10298375
-0.52982715
-0.91026107
-0.84611914
0.54087336
-0.94676591
-0.96474259
-1.1001211
-0.96816768
-1.2572305
-1.0789014
-1.2895644
-1.210963
0.094066353
-0.91191103
-0.91325891
-0.84315431
-0.56785168
-1.0710622
0.6032977
-1.0600159
-0.20530504
-0.69558276
-0.84057799
-0.89523486
-0.98504827
0.67392899
-0.73003568
-1.2550312
-1.4779303
-1.5173445
-1.3761191
-1.6774072
-1.4156322
-1.6041429
-1.6880329
-1.3406301
-1.7320043
-1.3873473
-1.0863774
0.64140216
-0.80021007
-0.7968067
-1.5051599
-1.6800093
-0.85532506
-0.86127725
-1.0547223
1.6695533
-1.0776363
-0.17311589
-1.1093925
-0.71691718
-0.60893172
0.49920287
-1.1692072
-0.25328189
-0.88851824
-1.1318803
-0.95894747
0.53382495
-1.2288353
1.0134504
-0.67801437
0.93393631
-1.0211302
1.1816811
-1.0672375
-0.99264415
-0.59064746
-1.2619191
-1.0139612
-0.99892332
-0.97312793
-0.47393362
-0.41310207
-0.99335275
0.17237949
-0.48394271
-1.5044871
-1.6028917
-0.79475477
-1.3947505
0.26001756
-1.2533834
-0.063529719
0.53641228
-0.82298886
-0.88127325
-0.99258043
-0.96545962
-0.63886031
1.5124054
-0.39571472
1.2246171
-0.65541608
0.64967233
-1.040532
1.2282358
-0.98765346
-1.0068186
-1.0752752
-1.0291832
-1.1132957
-1.0955935
-0.94528178
-1.1880914
-1.5654973
-1.1113173
-1.9926407
-0.7472316
-1.6404308
-2.0738076
-1.4833161
-2.1423086
-1.0659652
-2.6065619
-1.1496132
-2.4864654
-0.65885499
-1.7385021
-1.6271296
-1.1964133
-1.508072
-1.5424179
-1.0421236
0.79384031
-0.94529277
0.33050418
-0.57168942
-0.67136035
-0.56496242
1.5061276
-0.89666102
0.51496045
-0.99527305
0.65191187
-0.21063178
-0.27800077
-0.70518122
-1.6181829
-1.1994977
-1.3779022
-1.1781361
-0.5853022
-0.9743351
-1.1910969
-0.56300306
-1.2675559
-0.87172028
-1.1788065
-1.8039151
-0.84383776
-1.7439383
-1.604802
-1.4661584
-1.1854235
1.3722266
-0.70215651
-0.79455044
-0.49916824
-1.1090418
-0.79997782
-1.6786615
-1.018029
-1.0925984
-0.11421757
0.82670643
-0.99217055
-1.0514143
-0.84136794
-0.64013241
-1.073424
-1.0061662
-1.1783164
0.24973328
-0.72740831
-1.3797073
-1.2051484
-1.2601692
-1.2173357
-1.2598903
-1.0698086
-0.18540122
-1.0670373
-0.20098959
-1.1949694
-1.0729625
-0.16990432
-0.06368636
-0.94398884
-1.2876539
-1.1316633
-1.3202754
-1.6585491
-1.2795676
-1.0774007
-1.9242771
-1.4490117
-0.84340785
-1.531122
-1.4210364
-1.5984953
-1.2138681
-0.85317103
-0.82802682
-0.28106246
-1.3649018
-1.3153874
-1.0124527
-1.8949416
-0.84553165
-0.61961915
2.4749141
-0.76180062
-1.4178413
-0.31290502
-1.6199903
-0.68765358
-0.65904939
-1.5668099
-1.0672699
-1.1464235
0.097313872
-1.0570873
-0.19905947
-0.33582466
0.17393018
-0.87976639
-1.0275992
-1.1125709
-0.11605912
-0.85673353
-1.6853219
-1.0317185
-1.2559225
-1.0608459
-1.3402927
-1.1108908
-1.2791015
-1.6637167
-1.0394383
-0.68640289
-0.78532235
0.25086932
-0.42023702
-0.8859276
-1.2868733
-1.2686274
-0.70413879
-1.1584341
-1.1804336
1.3213919
-1.0333485
-0.73237782
-1.5170908
-1.8933318
-1.113017
-1.1816651
-0.27136051
-1.3901252
-1.5678107
-0.93607512
-1.2115212
-0.1682564
-0.83356329
-1.5667586
-1.4661584
0.61252621
-0.80279834
-0.97882903
-1.501392
-1.1737534
-1.2842014
-1.6929982
-1.4789707
-1.5045499
-1.7021494
-1.1643565
-1.6075959
-0.83456028
-1.7468158
-1.4761313
-1.2143908
-1.4021305
-1.6833684
-1.5682421
-0.97611311
-1.2545323
-1.77661
-1.5108895
-1.0607076
-1.2143908
-1.3197249
-1.3755628
-1.4139253
-1.450729
0.59388601
-0.94105341
-0.27856536
-1.0535213
0.049920037
-0.5121564
-1.4390485
-0.58523303
-1.173741
-0.3541072
-0.95926925
-1.2747017
-1.3506625
-1.2156434
-1.476224
-0.52354873
-0.86187681
-0.75001591
-1.0645467
-0.74947918
-1.1535448
-0.22187662
-0.94901232
-1.5118151
-1.4445192
-1.2812531
-1.1373609
-1.2956835
-1.2277095
-1.6942675
-1.3372031
-1.3237572
-1.5147679
-1.1935827
-1.4011257
-1.4053466
-1.807351
-1.4666491
-1.0869519
-1.214178
0.17961284
2.0717813
-0.61016458
2.3216508
-0.15650359
1.0529241
-1.5829637
-0.45725916
-0.77226187
-0.90388437
-1.8012738
1.0394767
-1.8035013
-1.4784314
-0.8920859
-0.40572567
-0.95231123
-1.0263519
-0.62085002
-0.28335336
0.21112495
-0.94934273
0.66271131
-0.2798819
-1.1797904
-1.4346708
-1.2705625
0.29536217
-1.232404
-1.3791259
-1.2918155
-0.22971342
-1.2219491
-0.78645597
-0.72125191
-0.87213567
-1.4001467
-0.65183259
-1.6779463
-1.7285071
-1.4086832
-1.2281261
-1.7305715
-1.6510815
-1.5543325
-1.574647
-1.3071973
-1.6507639
-1.2600384
-1.6128579
-1.6927195
-0.95907931
-1.4434986
-1.0733888
-1.4115038
-1.7419595
-1.5500265
-1.5832128
-1.4948319
-1.3573314
-1.4839916
-1.2644933
-1.5628131
-1.4062555
-1.3355746
-0.99807672
-1.3487279
-0.47421227
-0.33848367
-0.91032534
0.39366918
-0.88242748
-1.046518
-0.58367048
0.029222866
-1.1848066
1.1462518
-1.5721975
-1.129793
-0.8753815
-1.2695576
-1.3335791
0.5895843
-0.81476993
-0.48882234
-0.36162502
-1.0909528
-0.93639662
-1.053997
-0.95557316
1.0544542
-0.95190017
-1.4497959
-1.8218002
-1.1093231
-0.73977956
-1.2856922
-1.6496918
-1.5021546
-1.4383115
-1.2199332
-0.94082289
-1.3195147
-1.6130373
0.7659052
-0.68427414
-0.674999
-0.82301734
-0.19661731
-0.92993899
-0.74229756
-0.46025725
0.62549373
-1.2467687
1.0042004
-1.3063206
-1.4005286
-1.3153025
-0.35993087
-1.0364757
-0.85188068
-0.93495426
1.6613807
-0.85662592
1.4102064
-0.6188227
0.34999878
-1.3324553
-1.3081125
-0.83616324
-1.160242
-1.7339068
-1.395817
-1.5846284
-1.4661584
-1.6873979
-1.2610666
-1.2938233
-0.97724124
-1.2898775
-0.71951628
-0.051435418
-1.0817167
-0.17858638
-0.58568208
-0.066588933
-1.0500377
-0.79874819
-1.4040357
-0.3222395
-1.2907581
-0.29338025
-1.4474239
-1.0077932
-1.1256597
-0.45692074
0.32084294
-1.5373808
-1.0137616
-0.98946149
-1.4460932
-0.87117308
-1.1240401
-0.52659171
-0.57568341
0.25652751
-0.98199082
0.44618055
0.34565923
-1.238742
0.34694308
-1.1288773
-1.0963615
-1.2949928
-1.0350594
-1.355836
-1.561671
-1.4752387
-1.6668576
-1.4293734
-1.6847897
-1.3236543
-1.3490087
-1.8507792
-1.701663
-1.3179702
-1.5871392
-1.0598183
-1.4389036
-1.4421325
-1.3938754
-1.3931441
-1.3292624
-1.4612956
-1.8440116
-1.3799046
-1.344697
-1.6947461
-1.218058
-1.2182328
-1.4058472
-1.1437651
-0.9646192
-1.2622157
-0.082882451
0.67491358
-0.33807596
-0.59466882
-0.84239217
0.28122406
-0.65525417
2.0980051
-0.96733445
-0.35486772
-0.33076547
-0.6278508
-1.3402305
-1.2431088
-1.281462
-1.4061056
-0.7896207
-1.2623029
-1.1889804
-0.73183006
-1.0669323
-1.2948713
-1.4627392
-1.5781604
-0.23629786
-1.5698059
-1.3410858
-1.2100523
-0.70577172
-0.48544589
-1.4006728
-0.36158278
-1.4342777
-2.1405785
-2.6627877
-0.3812243
-1.0129879
0.34094542
-1.9266003
-1.9371414
-1.4794858
-1.4685641
-1.3341128
-1.2586655
-1.5173278
-1.5792367
-0.97896314
-1.2856164
-1.3758945
-1.8588131
-1.4815813
-1.1577404
-1.2595624
-0.20368117
-1.4637747
-1.6099212
-1.1564397
-1.4026736
-1.1238156
-1.0231799
-1.1898789
-0.7149303
-1.4286856
-0.59975876
-1.1578962
-1.3600358
-1.1303075
-1.1600487
-1.0336953
-1.1171906
-1.096478
-1.542847
-1.1590355
-1.182043
-0.89410257
-1.4375797
-1.0346878
-1.3219402
-1.1287362
-1.3074305
-0.24769603
-1.0053284
-1.1968635
-0.90983965
-1.61661
-1.1981866
-1.3161325
-0.42159586
-0.082803159
-1.0143457
0.09912966
-1.1236213
-1.1449968
-1.3495565
-1.0268606
-0.71833001
-0.48670473
-1.2632338
-0.22156161
0.73530656
-1.3804776
-0.73901429
-0.90342029
-0.81200894
0.16510668
-1.1307637
-1.1965829
-1.4686868
-1.0335499
-1.8327943
-1.5396527
-1.3429877
-1.6783814
-1.319623
-1.0085429
-1.0266393
-1.1461745
-1.756947
-1.144136
-1.2046075
-1.6667058
-1.8777828
-1.2211256
-0.89648433
-1.1490407
-0.93539372
-1.1344286
-1.1324233
-1.2532294
-0.83485206
-1.376384
-1.1389148
-1.3051014
-1.1682197
-1.1160431
-1.4367475
-1.1753511
0.15190703
-1.0343124
-1.0587222
-1.0176508
-0.98047944
-0.055397313
0.5520885
0.43427321
-0.5327003
0.06003481
-1.1255075
-1.356134
-1.6106726
-1.0770914
-1.2774395
-1.6247292
-1.2072416
-1.0832779
-1.246495
-0.63996551
-0.27815362
-0.77697987
0.73340766
-0.84616843
-0.9494285
-0.31383511
-1.15895
-0.90966902
-0.53002682
-1.2071099
-1.4144037
-1.0578026
-0.86640432
-0.85091492
0.28692116
0.4761923
-1.1656802
-1.0184737
-1.2038108
0.77476702
-0.98345718
-0.66384613
0.11192653
-1.3971922
0.97247335
-0.65257817
-0.24837436
-1.0335253
-1.2345263
-1.1395964
-1.8699446
0.24219017
-0.87684651
2.586471
-1.1101176
0.58065166
-0.229121
1.6700884
-0.42424207
-0.99177916
-1.2205739
-0.76057804
-1.9039687
-1.3962277
-1.4321534
-1.0042551
-0.99047584
-1.2347169
-1.5927779
-0.96966123
-1.1905905
-1.6571347
-1.522113
-1.2522544
-1.0486811
-0.97208787
-0.78051738
-1.1256824
-1.0896922
-1.6336227
-1.0907351
0.519823
0.81928301
-0.46267358
-0.83541224
0.19820401
-1.2999441
0.79957719
-0.97427013
-0.042831802
-0.92778149
-0.93753629
-1.1905975
-1.0678994
-1.1105194
0.24562494
-0.91041036
0.78683061
-0.96827956
1.9427128
-0.54316254
-0.34439176
-0.8119338
-1.3162165
-1.0633847
-1.3433661
-1.2741755
-1.4083191
-1.3018056
-1.1039511
-1.3191702
-1.640361
-1.3681837
-0.88684091
-1.5167656
-1.5333034
-1.3201741
-1.2155431
-1.6021438
-1.112127
-1.1534902
-1.1319301
-1.6115067
-1.2269908
-0.5867966
-1.2357656
-1.4908484
-1.0404388
0.32946351
0.68407986
-0.96585022
-0.19657098
-0.43358539
-1.2592717
-1.4104777
-0.56033766
-1.0869389
-1.4202998
-0.98983905
-1.2331076
-1.1880151
-0.81942561
-1.0687378
-1.3893015
-1.6772855
-1.0310206
0.45199913
-1.1273984
-0.50273898
-0.55263555
1.1157077
-0.82783471
0.96253244
-0.72980189
1.9733854
-1.089714
-0.91625045
-0.76751758
-1.0957419
-1.0708212
-1.1084159
-1.3077296
-1.1444035
-1.4698964
-1.6407241
-1.5170157
-1.5445305
-1.5293881
-1.4216828
-1.6068654
-1.4667913
-1.1255209
-1.7085206
-1.3084686
-1.4381672
-1.2291988
-1.2570756
-1.1860567
-1.0899875
-1.1288097
-1.2003455
-0.23633316
-1.0883372
-0.47940292
0.64000727
-0.72999573
0.094954862
-1.0481048
1.0748615
-0.61706442
1.1263895
-0.63370665
0.15391604
-0.98839235
-1.4633864
-1.3216708
-1.520387
-0.89556575
-0.70220025
-0.90942632
0.60846461
-0.75982384
0.62254415
-0.36441077
1.6483597
-0.83524846
-0.31625716
-0.76725527
-1.2569005
-0.90394111
-1.6607491
-1.4372854
-1.2782857
-1.1610452
-1.5978703
-1.2754692
-1.0701759
-1.3553223
-0.19829974
-0.8554172
-1.2113019
-0.94416915
-0.94827483
-1.1556848
-1.0259445
-1.1103092
-1.1343053
-1.2491831
-1.3469927
-1.0593729
0.3475365
-1.4628207
-1.3189351
-1.5385939
-1.513669
-1.3512728
-1.0314746
-1.4394346
-0.93961458
-1.1485266
-0.8429018
-0.83754874
-0.90800476
-0.88489212
-1.401714
-1.0303878
-0.76598435
-0.87768804
-0.82868321
-0.95329095
-1.0400226
-1.3533399
-0.92890273
-1.1377399
0.79844685
-0.39394052
0.55034543
1.2454037
1.3952386
-0.22058988
0.53380414
-1.2787264
-0.89900463
-0.98424835
-1.0663931
-1.0714029
-0.81418991
-1.0228137
0.45967234
-1.0037245
-0.30666505
-1.3312527
0.78696993
0.068890074
-0.98868538
-0.12784586
-0.49820528
-1.1989778
-1.3420282
-1.1064267
-1.0037359
-1.1523856
-1.4481657
-1.0373892
0.39731144
-1.1585096
-1.3229085
-1.1296388
-1.3828085
-1.003809
-1.0658226
-1.8242597
-1.2933655
-1.4635065
-1.3430419
-1.4178399
-1.2734831
-0.85687803
-1.1313981
-1.0535266
-0.52818729
-0.79277998
-1.0988531
-0.14286793
1.1831937
-1.06723
-0.034715
-1.7601403
-0.0056514209
-1.025998
0.67319789
-1.3475835
-0.1375671
-1.2480892
-1.2258811
-1.3579666
-1.2539167
-1.4931981
-1.1399452
-1.6223271
-1.1330169
-1.5546281
-1.564593
-1.3174253
-1.0325041
-1.0653016
-1.3515497
-1.1155173
-1.4600428
-1.3530553
-1.9953845
-1.4704365
-0.44017762
-0.97448483
-0.70468742
-0.4793276
0.81040385
-0.64421595
1.1089891
-0.8137711
-1.672197
-0.99075486
-0.79153177
-1.1912873
-1.0246909
-0.73155271
-1.366311
-1.3090599
-1.0791909
-1.1258776
-1.0136897
-1.2285278
-1.6721224
-1.0769191
-0.34967864
-0.95462787
0.46898456
-1.1620291
1.2583893
-0.69181377
1.170638
-1.720415
0.43145983
-1.1143609
-0.61573117
-1.3402305
-1.2104518
-0.98205954
-1.2309827
-1.1691705
-1.138073
-0.86765806
-0.98979035
-0.9908113
-1.45381
-1.2911669
-0.83511274
-0.87751738
-1.5497288
-1.3217317
-0.5298217
-1.8982066
-1.4634614
-2.0594288
-1.5617531
-1.7012299
-0.84114667
-1.700011
-0.31249118
-1.2056286
-1.4416
-1.351798
-1.2435093
-1.0524082
-1.3969219
-0.85854854
-1.2882592
-1.213684
-1.4870559
-1.0594414
-1.4144978
-1.1418322
-1.1500136
-1.6799063
-1.0842513
-1.929848
-2.534024
-2.1663163
-0.6461083
-1.8600092
-1.2574866
-0.35629506
-1.6259368
-1.8947301
-1.6857018
-0.81572463
-1.607648
-0.72268515
-1.0868432
-1.4341649
-1.3118837
-0.66780602
-1.2867821
-1.0598528
-1.1827369
-1.4034754
-0.90830954
-1.1593707
-0.21643101
-1.0250033
-0.98174533
-0.97130362
-0.98683363
0.94009947
-1.1980376
-0.14695864
-1.0818159
-1.036025
-0.95011898
-0.93729767
1.1134861
-0.69040294
-0.81959945
-1.0783135
-0.91846604
-1.0487389
-1.1825239
-0.94401292
-1.2027565
-1.7865179
-1.5657264
-1.5112963
-1.7080771
-1.3080461
-1.7107207
-1.4310612
-1.3684068
-1.4350999
-1.4744545
-1.4156284
-1.4352881
-1.4337364
-1.3096622
-1.3318817
-1.0738611
-1.4200683
-0.73747026
-1.3148663
-0.92639229
-0.99978354
-0.53121232
0.028507051
-0.46473673
-0.72676447
-0.78708972
-1.6227758
0.95632682
-0.97759304
-0.57671114
-0.45879858
-0.94822201
-0.85024004
-0.91741092
-1.0064844
-0.92632992
-0.84524015
-1.013695
-1.2817656
-0.85040534
-0.50781007
-0.82437388
-0.81268102
-1.0226838
-0.35100443
-0.011552671
-0.46622528
-1.5527872
-0.92958576
-0.57675644
-0.41234316
-1.0913411
-1.2062924
-1.0435029
-0.47457493
-1.0074395
-1.1824068
-0.95581964
-0.81367834
-1.435473
-1.0199452
-0.94663482
-1.1973104
-1.5219479
-1.4179017
-1.6801395
-1.3248147
-1.0824071
-1.6857657
-1.2987172
-1.2637126
-1.1671138
-1.024935
-1.1230918
-1.4834526
-1.480998
-1.2528393
-0.77035315
-0.13413901
-0.52747028
-0.86105641
0.15826869
-0.83297873
1.2717092
-0.9117974
-1.502214
0.95490891
-0.94079144
1.6690639
-0.90074992
1.0749999
-1.0302923
-1.0721081
-0.96871012
-1.0491329
-0.73432153
-0.96144953
1.4568778
-0.85036037
-0.90030538
-0.44659614
-0.81412865
-0.64755786
-1.0501151
-1.2004175
-0.99228579
-1.4305675
0.23811017
-1.3311037
-1.1407195
-1.315217
-1.2127304
-0.8753973
-0.96284587
-1.6022321
-1.1936726
-0.99663576
-0.47518821
-0.61512446
-0.66237298
-0.56406504
-0.85042563
2.5820862
-0.77960166
-0.33790255
-0.89567243
-0.65325084
-1.1897712
-0.91677174
-0.095564187
-1.2185039
-1.3907919
-0.91405892
-0.8168201
-0.096706283
-1.0095052
-0.3194613
-0.79846807
-0.75060958
-0.99604333
-0.96310622
-0.85782882
-0.41503657
-0.8013052
-1.3081643
-0.80123424
-1.0084308
-0.83198784
-0.39849391
-1.0970037
-1.1868461
-0.89484291
-0.87620944
-0.96825042
-0.10376236
-1.4227733
-0.60662561
-1.2746543
-0.31043871
-1.4199909
-1.3147394
-1.3323132
-1.4257807
-0.96046757
-0.66223787
-0.94781938
-1.0062956
0.7880306
-0.93555294
1.1443792
2.5377555
-0.84398897
0.084930403
-1.0372819
0.54934795
-0.85563969
0.22889193
-0.82290577
-1.1419154
-1.4509155
-0.29440069
-0.29332257
0.55777395
-0.40689782
0.34427603
1.1396133
0.32803954
-0.52016623
-1.1133771
0.10444329
-1.014499
-1.0597437
-0.87480082
0.40295471
-1.0860633
-0.74527299
-0.48719902
-0.9160143
2.2602383
-0.98505904
0.50075392
-1.0044479
0.77587549
-1.2579596
0.72603815
-0.99682161
-0.95366439
-0.58867928
-1.6370636
-1.3099838
-1.0818059
-1.0121154
-1.0013435
-0.38075711
-0.68198958
-1.6222774
-1.2228009
-0.054319972
-1.1545106
0.81788706
-0.89454945
-0.94938757
-0.8827187
-1.0080025
-0.99234666
-0.85690016
-0.86319813
-1.1690189
-1.1195955
-1.2991783
-1.028744
-0.94126849
-1.1969052
-0.36273845
-1.0437332
-0.93147427
-0.99835791
-1.6961449
0.1238404
-0.46224059
0.47258104
-1.5253513
1.2934272
-0.53402466
1.0976872
-0.82113234
0.16806197
-0.95909385
-1.313805
-0.96818615
-0.85484715
0.13231841
0.43817891
1.3013962
-0.59899265
1.0101152
-0.75812451
-1.0346063
-1.2870042
-0.93706027
-0.86255321
-1.0631507
-0.75784793
-0.86161081
0.33704773
-1.1485178
0.22902989
-0.20726119
-1.3160001
-0.32530655
-0.5177675
-1.1955059
-1.6014424
-1.4318447
-0.36308802
-0.6187089
-1.2477988
-1.1833745
-1.2077804
-1.3344659
-1.0405885
-0.66607113
-1.0995027
-1.0078418
-1.0948895
-0.67475418
-1.1865041
-1.2815791
-0.8488628
-0.9228267
-0.97919411
-0.099314255
-0.62462036
0.44001324
-1.0322512
-0.24153918
-0.98239758
-0.74512701
-1.0172783
-1.1057756
-0.88150306
-1.080276
1.2322387
-0.8430251
-1.0653794
-0.99591814
-0.85042563
-1.1723862
-0.88751822
-0.52639438
-0.34868262
-1.4131404
-0.11171509
-0.32847034
-0.68014137
-1.0039279
-0.84338812
-0.99692159
-1.3620137
-0.69786435
-1.0452628
-0.93412369
-1.2478898
-1.20785
-0.1680513
-1.2477776
-1.4680271
-1.1754444
-1.4648125
-1.4080574
-1.4181753
-1.4209262
-1.3130414
-1.472872
-1.5016058
-0.90815199
-1.4121588
-1.5183941
-1.2244707
-1.1825877
-1.6309653
-0.93684546
-1.0794593
-1.1461463
-0.36929798
-1.0657621
-0.87300305
0.18661872
-0.79638526
-0.67227529
-0.97027447
-1.1556107
-0.49071124
0.38887125
-0.81780558
-0.46045582
-1.0789889
-0.18009246
-0.88546592
-0.7282704
-0.84842094
-1.299582
0.098010057
-0.94248158
-1.222764
-0.9377788
-0.59552468
0.30784043
-0.84506814
0.64838803
-0.89127397
-0.42809635
-0.93812825
0.039959246
1.0940475
-0.95843458
-0.70713815
-0.99300028
-1.3835892
-1.3450444
-1.4492011
-0.35090638
-0.91921276
-1.6252515
-1.0340959
-0.58255419
-1.0341585
-0.83539009
-0.91546101
-0.70268684
-0.18660089
-0.93142855
-1.0623149
-0.72470889
-0.27805881
-1.0400459
-0.15735884
-1.1167781
-0.39767394
-1.3440513
-1.3201122
-0.89493591
-1.0939697
-1.1270346
-1.3799374
-1.3200719
-1.3191491
-1.5218475
-1.8895187
-0.71447316
-1.8468351
-2.26495
-1.7009923
-1.3136775
-1.4098971
-1.7649359
-2.1353947
-1.3940506
-1.6002156
-1.1894076
-1.2721612
-1.3908476
-1.1261771
-1.3173686
-1.4034336
-1.564969
-1.2512809
-1.3205738
-1.4337698
-1.7324304
-1.2678052
-1.1086488
-1.4425023
-1.1900762
-1.3665687
-1.3369038
-1.279319
-1.4815306
-0.98150062
-1.0668642
-0.51811181
-0.56334492
-0.67824881
-1.8521101
-1.5779591
-1.0571044
-1.1916727
-0.93722751
-0.60682037
-1.7335939
-1.2561633
-1.4114848
-1.5135011
-1.4922849
-1.4028917
-1.1045355
-0.984211
-1.2800032
-1.3289132
-0.98430536
-0.93171543
-1.0829207
-1.7206683
-0.8979589
-1.049605
-0.94768173
-1.0212566
-0.90058302
-0.95652369
-0.35630041
-1.0650158
-0.8402764
-1.1073498
-1.3314605
-0.98202051
-0.84248624
-1.555923
-0.92091353
-0.89826145
-1.0804444
-1.4294638
-0.93806777
-0.97894137
-1.4985591
-1.169429
-1.0125762
-1.4717643
-0.88863804
-0.87706688
-1.0066048
-0.25504622
-0.59688274
-0.91553369
-1.5407065
-0.87042501
-1.5698424
-0.96643969
-0.84298929
-1.5103325
-1.5087618
-1.5786386
-1.1327981
-0.86526599
-0.99940046
-1.4741155
-0.78354527
-1.5192443
-1.6296306
-0.98488998
-0.84241722
-0.87147922
-0.97342958
-1.0388438
-0.68740485
-0.66171324
-1.1965231
-0.68537437
-1.1831291
-0.92711563
-1.1899557
-1.2155951
-0.92450279
-0.98718562
-0.46232335
-1.4013171
-0.97511695
-0.82152582
-1.2199873
-0.42960953
-1.3660287
-0.59231453
-1.0433718
-1.1791128
-1.0629045
-0.47280535
-1.5694726
-0.99128002
-0.74009202
-1.0022918
-0.66187296
-1.5895694
-0.98962926
-0.98832049
-1.5995756
-0.89090638
-1.5422157
-1.1662722
-0.9552449
-0.84263664
-0.98623303
-0.8249785
-1.1251665
-1.0861984
-1.2060698
-0.50513209
-0.84331105
-0.90684642
-0.58696443
-1.0421548
-1.4152619
-0.84059512
-0.84263664
-1.0990973
-1.6382293
-0.99041468
-1.6086805
-1.405766
-1.0123706
-0.8857165
-1.061725
-1.6759462
-1.3441455
-1.1586189
-1.0016574
-0.56927633
-0.11196874
-0.76501023
-0.27698911
1.9726561
-0.59711076
0.38218985
-0.59274259
1.0199595
-0.75766861
0.13151118
-0.90607105
-0.6532506
-1.119072
-0.92911329
-1.054926
0.15585572
-0.9346902
-1.1053818
-0.96420882
-0.52665005
-0.74033162
0.54630488
-0.94318617
0.58763251
-0.43321718
0.1858124
0.1574976
-0.82966686
-1.0783455
-1.3062549
-1.7806119
-0.92971805
-0.98329523
-0.18997003
-0.68925765
-0.59992131
-0.66118329
-0.3479882
-0.58310584
-0.67061861
-0.012671619
0.83252922
-1.3156818
-0.93160391
-0.78327805
-0.94726379
-1.1372473
-0.84983855
-1.1327635
-1.3935083
-1.4173386
-2.1656613
-1.5527457
-1.4439997
-1.4873372
-1.3322698
-1.3509392
-1.4916489
-1.5500614
-1.2530473
-1.3890595
-1.6434172
-1.4479732
-1.6338308
-1.3758514
-1.242303
-0.8767837
-1.3395785
-1.4303345
-1.4771342
-0.99292736
-1.079286
-1.1948746
-1.013078
-1.3336817
-0.97023879
-1.1073028
-1.0235973
-0.92460874
0.47465639
-1.1055155
-0.18526834
-0.96874255
0.035282523
-1.1205405
-0.068603256
-1.1284043
-0.46981572
-0.92322016
-1.0539137
-1.1713111
-0.87681367
-0.8707482
0.81449954
-1.0292226
-0.29153214
-0.82443877
2.2777237
-0.89280682
-0.7883549
-0.98136546
-1.1068312
-0.9116348
-0.99007481
-1.1514194
-2.445052
-1.325151
-1.4502211
-1.7445033
-1.2679828
-1.0546991
-0.67695757
-1.2826268
-1.3537844
-1.3410535
-1.6968058
-1.4990961
-1.5620006
-1.620134
-2.0111795
-1.3834255
-1.6953527
-1.2868109
-0.92677148
-1.3356128
-1.1992211
-1.0186171
-1.3913289
-0.40227365
-1.1008469
-1.4493911
-1.1098007
-0.94291557
-0.9740162
-0.50120847
1.437434
-0.56903621
-0.61744581
-0.70597032
1.1312974
-1.1967503
-0.49346814
-0.96397287
0.27293161
-0.87768369
-1.418262
-0.14577711
-1.083258
-0.8142569
-0.75304525
-1.2670389
-0.76555961
1.0294577
-1.0794154
-0.75274928
-0.86873442
-0.98452505
-1.1174595
-0.99593552
-1.0583077
-1.2324286
-1.350046
-1.0493848
-1.7402579
-1.3030905
-1.1571811
-1.2991401
-1.8614593
-1.6846179
-1.4522166
-1.0412321
-1.6749305
-1.3035801
-1.6055993
-1.2472988
-1.5852182
-1.3686977
-1.6496747
-1.4561663
-1.5628959
-1.5786799
-1.3087927
-1.4585025
-1.8316245
-0.96326535
-1.1808605
-2.3989016
-1.0002705
-1.7657821
-1.0761254
-1.0035771
-0.29182302
-1.4954306
1.5779198
-1.0693658
-0.41763614
-0.93350237
1.6329316
-1.0002323
-0.090886222
-1.0691973
-0.10965777
-1.0833676
-1.0294942
-0.32690578
-0.44218044
-1.2546163
-0.75785017
-1.0155846
0.54773516
-1.0721861
0.88575036
-0.84973348
1.0031175
-0.68082383
1.0282227
-1.1448152
-0.79722682
-0.91170458
-0.90127821
-1.2582515
-1.1399117
-0.9869642
-1.3178721
-1.4634922
-1.2994924
-1.0333982
-1.2359141
-1.4065955
-1.517246
-1.6089029
-1.625919
-1.5934246
-1.6041875
-1.4875371
-1.528915
-1.7389267
-1.4425238
-1.5497914
-1.7401842
-1.1710083
-1.5358036
-1.9129992
-1.4046124
-1.4727005
-1.5108662
-1.4635072
-1.2879735
-1.6270739
-1.5704195
-1.2766125
-1.3550093
-1.0665152
-1.1736786
-1.3565602
-0.093635046
-0.30983193
-0.76855909
0.86315912
-0.75635002
0.39279363
-0.53959976
-1.0114326
-0.6864997
-0.21728971
-0.79206323
0.34416355
-0.88751657
-1.1249501
-1.5511863
-0.21959146
-0.90893495
-0.37206444
-1.1571999
-0.31844701
-0.73358413
0.55291922
-0.96240847
0.72678652
-1.0533714
-0.81208286
-0.97856899
-0.83412092
-1.207282
-1.110188
-0.90982114
-1.3722989
-0.66661891
0.70877395
-0.78611063
-0.99138376
-0.76380988
0.79913368
-0.85148573
1.2961488
-1.1182027
1.0490282
-0.97394936
0.18800995
-1.0589423
-1.1698572
-1.0517522
0.23010283
-1.0271487
0.18328572
-0.94696645
0.18950958
-0.84276425
-0.4501198
-0.6481734
-0.82856699
-0.53159166
-0.083317979
-0.92685506
-1.1912774
-0.98639889
-0.97079755
-1.5387476
-0.89584646
-0.83666478
-1.6779053
-0.94180696
-1.1127386
-1.2224415
0.3276937
-0.84691553
-1.288003
-1.522557
-0.94503563
-0.81217322
-0.8909399
-1.3138953
-1.3848895
-1.1534965
-0.42343423
-1.7251557
-1.639229
-0.7942231
-1.1388938
-1.3741028
-0.9779838
-0.57914072
-0.52999799
-0.7156943
-0.83891972
-0.92920243
-1.1814388
-1.0824312
-1.1919206
-1.0341161
-1.1016181
-0.86175863
-1.2031707
-0.86278352
-1.3550127
-0.49953102
-0.26685593
-0.88121506
0.12394336
-0.66027119
1.1165646
-1.2599948
0.45029157
-1.0539326
-1.4446977
-1.2323534
-1.150594
2.0822739
-0.84273843
0.20972276
-0.32836012
0.41171369
-0.65951203
3.0357288
-1.0231675
-1.1662262
-0.77809403
-1.0626314
-1.0254105
-1.0512398
-0.99099336
-1.0426647
-1.3617112
-1.0032413
-1.1230821
-1.700352
-1.1076456
-1.644218
-1.6297909
-1.858085
-1.3292299
-1.0949331
-1.3564513
-1.8496912
-1.2857399
-1.5345732
-1.0193269
-1.3077962
-0.28690134
-0.48687628
-0.88697118
-0.28232566
-1.6686019
-0.99316835
-1.3667415
-1.617872
-1.0182731
-0.88905247
-1.6197465
-1.3297464
-0.71419438
-0.84271557
0.72861291
-0.87577551
2.0211329
-0.45536701
1.9703532
-0.879592
1.7008205
-0.95960687
-0.088650935
-1.1942517
-1.0817567
-1.0852785
0.25094686
-1.0498142
0.95302107
-0.96612093
-0.53454997
-0.66123987
0.28768381
-1.0007115
0.54968133
-0.76664143
-1.5565068
-0.99398664
-0.90759888
-0.92637833
-1.0164528
-0.99826034
-0.97309756
-1.2292549
-1.0507049
-1.087255
-0.95658097
-1.1611707
-0.99684057
-1.0740391
-1.0945157
-1.0707905
-1.0566911
-0.1705431
-0.99752021
1.9591731
-0.71214457
-1.1615665
-0.020076134
-0.31758426
-1.0437833
0.46805893
-1.1198852
-1.2944379
-0.62815528
-1.195121
-1.181284
0.8258306
-1.0350799
0.17168136
-0.77126734
-0.056946204
-0.85782153
4.0540932
-0.4724972
0.78406085
-0.0012104402
-0.68709521
-0.9198274
-0.15849136
-1.5111066
-1.3708282
-1.1688196
-1.1986876
-1.7601102
-1.1242023
-1.5461606
-1.2246956
-1.0177621
-1.1979155
-1.1077482
-1.5507283
-0.99720894
-1.3116111
-1.3170604
-1.0020103
-1.6495196
-1.1725405
-1.1837279
-1.2887469
-1.375954
-1.8266122
0.3418883
-0.49016397
-0.44871157
2.26214
-1.3375815
0.48161615
-0.63246459
1.499665
-0.70021847
0.6874525
-1.1638925
1.9085246
-0.71173719
-1.1105527
-1.1457823
1.4426023
-0.96764441
0.43391266
-0.60898855
1.5262334
-0.4399671
-1.3249544
-1.2272523
-0.99311862
-0.96795063
-0.97332697
-0.98928724
-1.0447591
-1.0259373
-0.095331375
-1.7208484
-1.0518767
-1.1083445
-1.2865835
-1.3241301
-1.5530089
-1.5187861
-1.5053133
-1.722231
-1.4751067
-1.4207044
-1.6756469
-1.5266351
-1.3354322
-1.3905481
-1.5518517
-1.3514422
-1.7231488
-1.6380181
-1.3436569
-1.3535084
-1.5533256
-0.92854799
-1.3405502
-1.3430062
-1.2284297
-1.7542401
-1.1393662
-1.0534375
-0.95469235
-0.96811613
-0.959895
0.86155034
-0.048096462
1.2517142
-0.65824378
1.0716017
-0.98383907
0.96319848
-1.1978101
-1.1966172
-1.3827363
-0.79970584
-1.3345195
-1.348774
-1.3763302
-1.3555639
-2.1086234
-1.7362436
-1.2054633
-1.8567708
-1.2816052
-0.8372769
-0.76261762
-0.71638461
-1.3553057
-1.7607433
-1.1528799
-0.77025777
-1.2706823
-1.2572286
-1.9120334
-1.2474082
-1.8424097
-1.1721538
-1.3746924
-1.3996486
-1.3798596
-1.7584746
-1.3799759
-1.6942578
-1.7178604
-1.124677
-1.6759821
-1.3986961
-1.2585476
-0.76751203
-1.1627812
-1.1271509
-1.4067899
-1.349834
-0.58643726
-1.2472335
-1.1055022
-1.2702348
-1.2736987
-0.99570957
-1.2229455
-0.91500389
-1.3168751
-1.2295492
-0.8059165
-1.307605
-0.75996802
-1.134046
-1.0963651
-0.71294747
-1.1519517
-0.69700377
-1.5473278
0.50360311
-1.2629139
-1.495334
-1.0922032
-1.2066724
-0.85034475
-1.2442071
-1.0349914
-1.2670364
-0.90899678
-1.0952783
-1.3631154
-1.2144867
-0.53209818
-1.1378372
-0.83388244
-1.2330007
-0.78935647
-0.94926809
-1.1724454
-1.1508033
-0.89633055
-0.5531054
-0.96643938
-1.2853542
-1.1512725
-1.2296504
-1.2343167
-1.3459694
-0.99578664
-0.88965926
-1.0601029
-1.2436631
-0.90535974
1.3107564
-1.4757854
-1.3211236
-1.3483395
-1.8792532
-1.595136
-1.238738
-0.70368585
0.60866138
-1.4064373
-1.6317171
-1.3222796
-1.4063384
-1.6874381
-1.4697075
-1.57895
-1.5330437
-1.314056
-1.2229223
-1.2966107
-0.9193878
-1.2212588
-1.2084679
-0.77920194
-1.5154851
-0.61415516
-1.0344421
-0.84823024
-1.629409
-0.80743117
-1.0548366
-1.395031
-0.87964781
-1.2195744
-1.0188351
-1.4383069
-1.0361929
-1.1448414
-0.99160644
-0.67634477
-1.137834
-0.80509153
-1.0590483
-1.6973082
-0.93369427
-1.5496892
-1.1399688
-1.2526052
-1.1343402
-1.049605
-0.97106615
-1.2406279
-0.96720006
-1.0589891
-1.0900233
-1.2200483
-1.5291768
-0.933325
-0.85250881
-0.80605564
-0.93843512
-0.88213735
-1.3880313
-0.26678235
-1.0149107
-0.6959086
-1.2244446
-1.3031633
-0.84095435
-0.9330209
-0.65922507
-1.8154766
-1.4647719
-1.1333259
-0.51286241
-0.6093098
-1.4956792
-1.2831636
-1.1375869
-0.89918507
-1.2240229
-1.1047878
-0.8271433
-1.2711821
-1.3878146
-0.77189984
-0.57027296
0.38037609
0.74039627
-0.9207747
-0.82634335
-1.4363837
-1.0336054
-1.5206005
-1.0936323
-1.1575276
-1.2236017
-1.5507255
-1.1088752
-1.1993069
-1.5047329
-0.72316576
-1.505513
-1.0873838
-0.98693927
-0.86754369
-1.021172
-0.72259289
-1.2910313
-1.101079
-0.67221454
-1.3790698
-1.5680244
-1.0197966
-1.2626732
-1.2220577
-1.5285007
-0.088879889
-1.8426422
-0.98729997
-0.27741316
-1.970258
-1.038821
-1.6809881
-0.93881921
-1.7925312
-0.68137762
-0.12734116
-0.2966925
-0.9772226
-0.99480479
-1.4803856
-0.93197984
-1.2635778
-0.65002255
-0.89814139
-0.84473071
-1.280757
-0.16538285
-1.0768626
-0.76174236
-1.281323
-0.69244895
-0.84467813
-0.83551657
0.20808149
-1.3897316
-1.3910236
-0.8349679
-0.84704666
-1.0112632
-1.1685633
-1.0591577
-0.47647558
-1.7357977
-0.21558772
-1.0242049
-1.0940456
-1.4043923
-1.0041957
-1.1371975
-1.1435108
-0.68658517
-1.4410565
-1.183385
-0.53767246
0.99409585
-0.63322663
-1.6922377
-0.65736296
-1.0557795
-0.59437823
-0.92576155
-0.87114529
-1.7739299
-0.78600488
-0.22857224
-0.84750824
-0.24821988
-1.3147419
-1.297775
-1.2150272
-1.1997343
-1.0795119
-1.3970778
-1.0578401
-1.4573289
-1.1856915
-0.96419723
-1.1766769
-0.99273002
-1.1564184
-2.0507903
-1.3456812
-1.2096094
-1.1499551
-1.3391116
0.16776875
-0.85016418
0.34515881
-0.74676952
0.40270397
-1.8429775
1.255889
-1.0739022
2.258852
-0.9402044
-1.0979741
-0.45266249
-1.0629428
-1.0780649
-0.41662497
-1.1820798
-1.1582804
-1.2336085
-1.5254558
-1.2983266
-1.3904111
-1.1362998
-1.0767153
-1.106408
-1.5694555
1.139732
-0.73467835
-0.32032597
-1.1092961
1.194096
-0.83632111
0.80077283
-1.1152086
-0.83059119
-0.9984972
-1.109673
-0.8448771
-0.75333969
-0.75153791
-0.20690951
-0.74198732
2.4908905
-1.6014514
0.88011674
-0.28430738
-0.12130637
-1.0213599
-1.1359146
-1.5227702
-0.97293095
0.2324684
-1.5886005
-1.8034363
-1.2532363
0.19634681
-1.0141927
-1.1876477
-1.0485967
-1.2015085
-1.5274436
-0.60957329
0.4726081
-0.84929151
-1.2024022
-1.2902256
-0.87157978
-0.57114683
-1.3731065
-0.44718484
-0.80390554
-1.1187086
-1.4663999
-1.4167221
-1.0562252
-0.68120932
-0.34513344
-1.444681
-0.87869455
-1.111655
-0.37997898
-1.342123
-1.0781893
0.86121359
-0.45003841
0.51516007
-1.0469002
0.67270064
-1.0621273
-0.10012081
-0.92315757
-1.2869815
-1.1198913
-1.6894183
-1.0337675
-0.77177599
-1.0449771
0.28791776
-1.0887143
-0.8388154
-0.46682795
0.048292156
-0.77560457
2.0968741
-0.84111007
-0.94160324
-0.43278528
-1.6852732
-0.85233816
-1.4835823
-1.0453407
-0.23254147
-0.9876949
-1.2890349
-1.7677865
-1.4015033
-1.0449814
-1.51393
-1.5703952
-1.002341
-1.1490893
-1.3888899
-0.83613881
-0.64171661
-1.0230652
-1.1064342
-1.3404172
-1.351856
-0.65312254
-0.60523376
-0.37267058
-0.98958319
-0.92943711
-0.88516615
1.961475
-0.50151732
0.90797648
-1.0894747
1.3211206
-1.0362774
-0.76752802
-0.70530328
-1.7699874
-0.32205958
-1.1757477
-0.69798858
-1.0770562
1.6674312
-1.3940127
1.8488403
-0.91232692
1.1211289
-0.8664767
0.34441468
-0.81053395
-1.3498717
-0.010586655
-0.94600977
-0.34173957
-1.1846419
-0.98252082
-1.2612072
-0.64189251
-1.4406132
-1.7085687
-0.94114205
-1.398966
-1.5491494
-1.7257248
-1.7761201
-1.6209356
-0.93961608
-1.8673836
-1.6729243
-1.7651071
-1.4029271
-1.4104095
-1.1655932
-1.4324771
-1.3461118
-1.33044
-0.70667282
-1.1570149
-1.275317
-0.95635021
-0.87521602
-1.0145667
-0.64782531
-1.090891
-1.0175601
0.34073253
-0.91364822
2.2465339
-0.73762844
2.0672459
-0.7193691
-1.0214784
-0.94092383
0.48270786
-1.103905
0.89619436
-1.2457697
-0.91607759
-0.77440625
-1.481819
0.46604328
-1.3176451
-0.72285587
-0.83098542
2.0901273
-0.92604667
0.59253783
-0.97812255
-0.56091342
-1.2115642
-1.1600798
0.16681526
-1.0872528
-1.1604493
-0.98160215
-1.3307347
-1.2363013
-1.7350615
-1.4864846
-1.3238049
-1.3471593
-1.2525997
-1.0939587
-1.04556
-1.0971988
-1.2341463
-0.99476211
-1.0399519
-1.1693653
0.68418113
-1.3860322
-0.49976652
-0.39987087
1.0577362
-0.61529951
0.31089814
-0.49983846
0.54877684
-1.0019343
0.7106232
-1.0779273
-1.0515601
-0.56159781
0.23743266
-0.61370487
0.34075601
-0.9866916
1.1667736
-0.72904931
-0.47563673
0.1336659
-0.65253565
-0.65474581
-1.1914197
-0.33891633
-1.2679204
-1.7824932
-0.58641891
-2.2330326
-1.2340966
-0.94020072
-1.4205982
-1.2906425
-1.9682015
-1.494479
-1.2377896
-1.5128401
-1.1819167
-0.96336708
-1.4990435
-0.38745984
-1.1301575
-1.0921464
-0.35466244
-1.1371812
-0.53690107
-1.2311266
-0.11169272
1.0200638
-0.98526938
0.8129433
-0.84513662
-0.90536953
-0.89561032
0.76673064
-1.0745979
-1.1079975
-1.6413094
-1.4555451
-0.26838218
-0.77285673
-0.17479875
-0.77535466
1.5170182
-0.72343967
1.4027704
-0.44277807
-1.0333593
-1.7385325
-0.93936142
-0.76404843
-1.1524716
-0.99288694
-1.1783385
-1.4303376
-0.92818656
-1.7388693
-1.3784725
-1.4600858
-1.2422401
-1.5784093
-1.5527962
-1.4530003
-1.0578198
-1.2050324
-1.0920084
-1.3226176
-0.83130698
-1.1568733
-1.6793511
-1.0126271
-0.96485579
-0.54529865
-0.84416017
0.77295146
-0.8701135
-1.0698023
-0.88460052
2.9332709
-1.071194
0.17397312
-0.94416035
-0.28028307
-1.3580124
-1.2414962
-1.6797879
-1.8613501
-1.3290518
-1.6674497
-1.9680366
-1.1376606
-1.2837878
0.81113704
-0.9780977
1.0723734
-1.2842848
0.038346741
-0.64404315
0.54505933
-1.0372578
0.10906454
-1.4500395
-1.0230431
-1.2695466
-0.93196585
-1.4344777
-0.62342653
-0.9442741
-1.0466029
-1.5145377
-1.5653849
-1.6172942
-1.2629809
-1.0427337
-1.075833
-0.96562278
-1.1213767
-1.0239045
-1.0982123
-1.3308838
-1.3607286
-1.2026621
-0.58660506
-0.28004862
0.75865658
-0.71222184
1.1145235
-0.76823608
1.2157071
-0.99710977
0.60149858
-0.7741893
0.28022819
-1.3079507
-1.6280574
-0.25883146
-0.9933696
1.8398756
-0.52551005
2.467519
-0.85942763
0.88966779
-0.98223285
-0.24567325
-0.63598031
-0.67178743
-1.0572908
-0.60162483
0.32693951
-0.41374552
-1.112305
-1.4145632
-1.1540572
-1.0529516
-1.1232795
-1.4734445
-1.2053265
-1.3937406
-1.329656
-1.6159663
-1.1373374
-1.092752
-1.6042084
-1.686247
-0.6916739
-1.1914833
-1.0891588
-1.0524901
-0.81380929
0.57569569
-0.070428553
-1.2161138
2.2749184
-1.0975219
0.76788316
0.21424489
0.61278944
-0.74239665
0.37267792
-1.0218324
0.69703938
-1.6321107
-1.045157
-1.0870006
-1.4937068
-1.18775
-1.27487
1.9412471
-1.0751461
1.3011545
-0.50693374
2.3145578
-0.73447057
-0.72109608
-0.96670982
-0.99266862
-0.98925118
-0.99767585
-0.98586051
-1.1335379
-0.95319385
-0.54977335
0.93400624
-0.75472887
-1.1075139
-1.1189058
-1.802307
-1.213556
-1.250651
-0.85538582
-1.5136671
-1.5071712
0.70320161
-1.2528343
-0.76695168
0.75371647
-0.62704476
-1.1600384
-0.83568543
-0.97024332
0.18352735
1.7470798
-0.88474226
1.8885779
0.063977362
1.4099228
-0.38724454
1.4296254
-1.1574568
0.21080478
-1.1877803
-1.100843
-1.1596007
-1.3014815
-1.1884975
-1.1872676
-0.97488382
-1.1655827
-1.1194917
-1.183489
-0.69113162
-0.81854032
-1.802122
-1.0337881
-0.99231108
-1.9649224
-0.75750857
-0.046033796
-2.0982929
-1.7118697
-1.1372161
-0.37028286
-1.385893
-0.91914493
-2.2151962
-1.2319941
-2.2456038
-1.8546046
-1.9375869
-1.3093063
-1.619885
-1.657431
-1.4732332
-2.0169556
-1.8881851
-1.3430403
-1.7698711
-1.4586852
-1.2341531
-1.2082943
-1.8667493
-1.1447563
-1.2731094
-1.2322725
-0.81906486
-0.95028449
-0.81796331
-0.90615242
-1.0723969
-1.2074986
-1.0051882
-0.93257202
-0.98169266
-0.92652863
-1.077976
-1.1318834
-1.3507974
-1.0203133
-1.1443189
-1.6300844
-1.612005
-1.2494354
-1.4531214
-1.0826208
-1.4084986
-1.6481049
-1.2268792
-2.0342453
-1.4219743
-1.3146173
-1.2670744
-1.5882074
-1.3191118
-1.4943977
-1.7079855
-1.7053544
-1.3196107
-1.4799162
-1.4180149
-1.4869187
-1.4958342
-1.5426929
-1.3610811
-1.4641409
-1.0760095
-0.81201248
-1.1115013
-1.1362526
0.97295779
-0.97059103
-1.2244611
-1.2890797
-0.77981379
-0.4938852
-1.3766968
0.65925321
-0.96061095
-1.2614692
-1.5065375
-1.0798327
-1.7037485
-1.6930134
-1.206603
-1.8164072
-1.6477206
-1.3268938
-1.1477242
-1.2278286
-1.2286943
-0.076024406
-1.5467178
-1.2227903
-1.211382
1.1833464
-2.1046065
-1.5054807
-1.1446072
-1.1841579
-0.7804658
-1.1406186
-1.3514477
-1.2268502
-0.80918664
-1.0566313
-0.87434104
-1.2319105
-0.89440262
-1.0253156
-1.0729499
-0.82947973
-0.10021466
-0.0017688305
-0.96341362
-0.57849768
-0.96647795
-1.1389557
-1.1050618
-1.0438829
-0.8428163
0.23000297
-1.7062291
-1.0228352
-1.0761834
-0.9580865
-1.2983128
0.16752052
1.6075392
-1.1782386
-1.1779277
-0.97114348
-1.0541092
-1.5054149
-1.1939162
-1.0616438
-0.87561528
-1.5243642
-1.1308482
-0.98939489
0.10778421
-1.3005417
-0.98386299
-1.3901286
-0.71194647
-0.84711925
-0.62383153
-1.0311661
-0.68357636
-1.2296762
-0.28088964
-1.1684857
0.20482376
-1.0863519
-1.451005
-1.4047224
-1.3719006
-1.5881143
-1.1269737
-1.7275816
-1.034544
-1.1875129
-1.2030354
-1.3156914
-0.092387647
-0.53849117
-0.83680657
-1.1436491
0.34622486
-0.80031303
-1.1140858
-0.99004097
-0.9111659
-1.1518271
-1.3559967
-1.1077944
-1.0604567
-1.2596382
-0.78521866
-1.0290721
-1.2790132
-1.0459186
-1.0694367
-1.2308012
-0.98532786
-0.76815937
-0.092600301
-1.1021766
-0.98336498
-0.62859009
-0.79601308
-0.75046931
-1.0207091
-0.66280535
-0.60647809
-1.1814301
-1.0995795
-0.70764025
-1.1170307
-0.72184934
-1.0704208
-1.2786172
-1.1654662
-1.011323
-0.66710072
-1.1050043
-1.0445767
-1.2553499
-0.96549493
0.16044107
-0.96114486
-1.0788331
-0.98378632
-1.4450269
-0.89043114
-1.1687279
-1.2480528
-0.98438873
-1.1032363
-0.66472746
-1.0145361
-0.89106592
0.85429457
-1.0300625
3.0928618
-0.9301258
0.55271164
-0.32387601
0.20187649
-1.0174035
-0.9808219
-1.1324491
-1.0266794
-1.4737073
-1.1719323
-0.5466776
-1.2386117
-1.3796493
-1.0440617
-0.84264055
-0.77574812
-0.9842649
-0.94402082
0.94713944
-0.39874883
1.2640676
-0.00091688956
0.65579279
-0.23775908
1.3062462
-1.017368
-0.97350178
-1.0151827
-0.77345944
-0.53093215
-1.150229
-0.80695644
-1.0041592
-1.1971308
-0.30649047
-0.63988752
0.9653386
-0.27132647
3.0688058
-0.0061768265
-0.84162287
-0.9995238
-1.0447969
-1.4924207
-1.2341058
-1.5604408
-1.5314761
-1.5305302
-1.1469938
-1.0848056
-0.78111473
-0.10276079
-1.1520874
-0.52639093
0.31930038
0.17215678
2.5713162
-0.41997055
0.92974296
-0.74408252
-0.43919128
-0.9866759
1.0850709
-0.91090008
-0.43674798
0.0068030065
-0.83201103
0.95707353
-0.97615222
1.5157638
-0.48418709
0.99441845
-0.48046357
-0.55499721
-0.49136029
-1.1503656
-0.62271165
-1.1914946
-0.41576273
-1.1473694
-0.2937756
-1.3490111
-1.0764343
-1.7076835
-1.5466057
-0.51561865
-1.0730415
0.4008241
-1.3369307
-0.83221084
-1.1632854
-0.88085089
-1.1342626
-0.64768231
-1.0765308
-0.25958816
-0.47307571
-0.49812067
1.6165155
-0.47729344
0.63953018
-0.88212861
0.26857957
-0.97927028
0.026567837
0.25242646
-0.97115973
-1.1220275
-0.84756989
-0.98478598
-0.35718816
-1.0488215
-1.3624342
-0.49103805
2.1898721
-1.0662398
2.1979753
-0.58498067
0.90174589
-1.8658868
-0.085032205
-0.89666137
-1.0068763
-0.77763582
-1.2233738
-0.39206143
0.1834142
-0.31698391
-0.96203902
-1.1930461
-1.6261177
-1.2669614
-1.0562021
-1.065891
-1.6028387
0.16612699
-1.0442422
-1.052914
-1.0046973
-1.3754151
-1.0138048
-0.96674344
2.1455054
-0.83845344
1.3377281
-0.8063611
0.57174897
-0.49297348
0.15040624
-0.52674349
-0.075339499
-0.89947519
0.36775349
-1.1784843
-1.0961809
-0.68512519
-0.85692213
1.8233039
-0.99674182
1.6228177
-1.023459
0.10767887
-0.56567428
1.9221931
-0.98770364
-0.73684047
-0.84121186
-1.2244616
-1.4494047
-0.58102358
-1.0479283
-1.3524579
-0.94573197
-1.3221079
-0.8663871
-1.3710569
-1.4151938
-1.1177086
-1.3567692
-1.2521718
-1.6794715
-1.2217546
-0.98867788
-1.0072499
-1.3902016
-1.1509126
-1.2351388
-1.2303638
-1.2255579
1.6309128
-0.41128053
1.6376904
-0.88778953
0.68231291
-0.68164043
1.6163587
-0.9187329
-0.66334849
-1.0768685
-0.87100144
-0.98906196
-0.011903274
0.12336146
-1.3768665
-0.92623491
-1.1981498
0.096170703
-0.60431549
0.27142695
-0.7632912
-1.4737842
-0.4397788
1.6645967
-0.1831061
0.16426386
-0.77091275
0.77637246
-0.61772181
-1.130068
-1.0686645
-1.3310805
-1.2973129
-0.92998434
-1.2328625
-1.783995
-0.94684006
-0.52838309
-1.1918491
-1.0548873
-1.2234836
-0.78336166
-1.09261
-0.91810098
-0.07561338
-0.93662154
-1.428352
-0.96517575
-0.84336542
-1.0701208
-0.96936992
-1.1974759
-0.9629794
-0.48905245
-0.15208387
-1.3539041
-0.4487045
-0.55773034
-1.0195101
-1.0191176
-0.82250825
2.2005877
0.51156078
-0.36603956
-0.76351332
-0.76579738
-0.85138867
0.0044185984
-0.8455208
0.13718111
-1.2934014
-0.37752868
-1.261987
-1.8935492
-1.3945932
-1.440765
-1.8761816
-1.2984071
-0.94719833
-1.6715284
-1.0946062
-0.9176451
-0.30945206
-0.37085067
0.20091144
-0.71781229
1.3266467
-0.53865815
1.2386839
-0.98193096
0.90729631
-0.84298929
-0.37973961
-1.2499859
-0.12467673
-1.2651787
-0.97118435
-0.81689909
-1.6398378
-1.1278586
-1.9766728
-1.5301858
-0.54500735
-0.65871139
-0.87517491
-1.3356197
-0.064582047
-0.7714276
0.13932584
-1.1679574
0.79592868
-0.59790254
0.72190579
-0.77758
0.1042567
-0.5387797
0.47011733
-0.81974182
-1.4185859
1.3479567
-0.76675994
0.22140947
-0.90314172
1.0495997
-1.1781648
1.4091624
-0.62518594
-0.32178193
-1.3751813
-0.2193783
-1.5812027
-0.64333811
-0.98585781
-1.0391916
-1.1506295
-0.61950941
-1.2869713
-1.1957594
-0.9180669
-1.4198749
-1.234714
0.88777129
-1.1581012
1.2447536
-0.18972303
1.1419751
-0.25831231
1.6044358
-0.7333638
1.5179814
-0.23693668
-0.99982565
