-0.99854885
-0.69244582
-1.0534613
-1.0535669
-0.98029842
-0.96647416
-0.038270476
-1.0823442
-1.0520039
-0.79436413
-1.4372636
-1.2856171
-1.7725274
-1.7462631
-1.4612316
-0.24275217
-0.96505317
-1.8776706
-1.5975176
-1.6625609
-1.5941648
-1.5860965
0.25032083
-1.9564425
-1.2825373
-1.3392484
-1.4510321
-1.5058117
-1.6848069
-1.2369013
-1.4551019
-1.2161225
-1.4211543
-1.477975
-1.5438575
-1.1957992
-0.91315716
-1.0504763
-1.0346404
-1.2652157
-0.97302379
-1.1232383
-1.1288369
-0.50815187
-1.2502496
-0.86075235
-1.5513309
-1.1018924
-1.2531904
-1.2500895
-1.2630013
-1.258499
-1.4273851
-1.2919888
-1.4259188
-1.9254697
-1.5241436
-1.7684265
-1.214269
-1.3341125
-1.3950394
-1.0558221
-0.79461698
-1.1000461
-1.2465592
-1.052359
-1.139301
-1.1248105
-1.0798792
-1.1154314
-0.96220634
-0.84354969
-1.6539176
-1.1640043
-0.98323538
0.25429766
-1.2268636
-1.0429436
0.25606468
1.1895909
-0.97806452
-1.1546815
-0.65716908
-1.0299339
-1.2434898
-1.2018164
-0.82336735
-0.24202425
-1.2233488
-0.35257395
-1.1920513
-2.0794829
-1.1844866
-0.24240011
-1.0811217
-1.4102783
-0.3727297
-1.0506753
-0.104547
-1.0033031
-1.187612
-0.87152485
-1.0297244
-1.0408021
-0.71038721
-0.665021
-1.1447139
-0.97569837
-1.4128756
-0.7293631
-1.2659856
-0.65604114
-1.5563126
-0.98350446
-1.0401326
-1.0319466
-1.2518629
-1.0554534
-1.4119905
-1.0082211
-1.2819652
-1.9439971
-0.95652843
-1.1994018
-1.2116241
-1.50762
-1.5964406
-1.2132917
-1.2554776
-1.5314647
-1.3330848
-1.2251788
-1.4845012
-0.99398257
-1.9996303
-1.7654774
-1.2266793
-1.590057
-0.62689609
-0.98406665
-1.1766445
-0.78291026
-1.3022625
-1.003355
-1.286289
-0.97056965
-0.65514221
-0.57498045
0.10451126
-0.87054132
-0.86799039
-1.0869492
-0.91768442
-1.2402085
-0.70946181
-0.45604125
-1.5768567
-1.1466071
-1.586087
-1.240749
-0.6625319
-1.3651348
-1.7533682
-1.6201381
-1.3856172
0.53799457
-1.3411434
-0.26182859
-0.71985559
-1.1131269
-1.3321501
-0.94910381
-1.0487651
-1.1031749
-1.2422476
-1.5040125
-1.0323077
-1.0689477
-1.0223562
-1.0060574
0.12477669
-1.1505888
-1.2599208
-1.1404354
-1.0880586
-1.1000139
-1.1556485
-0.33059592
1.1747415
1.2037619
-1.4018604
0.63531798
-0.30161659
-1.1986033
-1.5105858
0.70444696
-1.0953401
-0.17197424
-1.1002624
-0.96833423
-1.138218
0.22847493
-1.2534951
-0.047009087
-1.2976407
-0.89297925
0.51221736
-0.35216243
1.8795024
-0.24156615
0.4805087
-0.35262509
-1.5003533
-0.99938986
-0.977703
-0.029229347
-0.86165662
-0.61208036
-0.087509675
1.6213564
-1.0604905
0.28054689
-0.89889112
-0.3374075
-0.38759892
-1.0417275
-1.0757681
-1.2412306
-0.69702757
-1.4847974
-0.96524883
-1.7052481
-1.1963241
-0.64111166
-1.2911191
-1.275411
-1.1429027
-1.2098105
-1.3772233
-1.3350887
-1.0341937
-1.1989481
-1.5358067
-1.2524328
-1.2242425
-1.0758662
-0.96955632
-1.1415263
-1.5112431
-1.0207827
-1.2780983
-1.0319813
-1.1245522
-1.0972359
-0.97579054
-1.2473343
-0.96625964
-1.7117144
-1.0590762
-0.96044094
-1.2591822
-0.97753725
-1.1688018
-1.1494357
-1.1279498
-1.2338387
-0.97442284
-1.0972359
-0.061681797
-0.81391917
-1.191804
-0.84210556
-0.98708539
-0.87665014
-0.89009299
-1.0654513
-1.2058176
-1.0072064
-1.2365591
-1.4669205
-1.0972359
-1.0972359
-1.0726016
-1.2365591
-1.1020592
-0.68543855
-0.86777677
-0.99112721
-0.94714124
-0.95564938
-1.1279786
-1.204999
-1.1428178
-1.4530986
-0.80425959
-1.251206
-1.0135547
-1.2887972
-0.88946409
-1.5970111
-1.00046
-1.3290356
-0.99379965
-1.024233
-0.83168136
-1.0016179
-0.87795711
-0.70417372
-1.0371702
-1.0607263
-1.2927978
-1.1920827
-1.3546349
-0.48060351
-1.3300122
-1.1080316
-1.3671681
-0.50971423
-0.91365871
-1.6488862
-1.1535026
-1.333778
-0.88062612
-1.1346283
-1.0972359
-1.0193966
-0.97267196
-1.0033646
0.59250943
-0.98454372
2.0744839
-0.79208596
-1.0807967
-0.7933091
-1.0020281
-1.0997912
-1.1157748
-1.6055859
-1.1547632
-1.3099217
-0.99216082
-1.0188246
-1.1278195
-1.1413095
-1.1275169
-1.0043017
-1.0507794
-0.78697355
-0.5643796
-1.4408014
-1.1952413
-1.1315175
-1.1542303
-1.3499827
-1.0219255
-1.3623164
-1.1291178
-1.0607107
-1.00046
-1.026182
-1.1670168
-1.3050057
-0.9698488
-1.1198775
-0.98883762
-1.6550249
-1.1642879
-1.2577851
-0.94753868
-1.0762085
-1.2500092
-1.4197149
-1.0515659
-1.0789243
-1.3373099
-1.160192
-1.434047
-0.99260098
-1.3355174
-0.35760324
-1.1618981
-1.2067889
-1.0914465
-1.0972359
-1.0848442
-1.0972359
-1.4381211
-0.95083583
-1.2430723
-1.9281115
-0.93978589
-1.0999928
-0.90618147
-1.0273297
-1.1956065
-1.2946043
-0.97375891
-1.55769
-1.3248986
-1.1176603
-1.1080769
-0.93798913
-1.00046
-0.81973935
-0.77200052
-0.74751469
-0.66671407
-1.0988299
-0.69650619
-0.65249936
-0.75585859
-0.49589517
-0.97078628
-0.035340828
-1.1063624
-0.87073357
-0.97231564
-1.0202387
-1.2675432
-0.96110459
-1.4092413
0.45473553
-0.94419185
-0.99146415
-0.87407801
0.62207101
-0.96092715
-0.10462109
-1.1214749
0.15775617
-1.251206
-0.74588975
-0.98476587
-1.0972359
-1.4099519
-1.0689844
-1.1080769
-1.1331047
-1.1759187
-1.0972359
-1.1019029
-1.0267215
-0.98444878
-1.2847692
-1.23692
-0.98250837
-1.5909985
-1.305226
-1.1102746
-1.0787837
-1.6434001
-1.15745
-1.1736144
-0.92418122
-1.221543
-1.3656225
-1.3417674
-1.3426035
-1.1224561
-1.1108368
-1.1750214
-1.104889
-1.2232261
-1.1433086
-1.3820743
-1.2291426
-1.3762993
-1.1446552
-1.0815019
-1.1091485
-1.2043711
-1.2346692
-0.75068581
-1.1211895
-0.9541034
-1.0972359
-1.2191394
-1.0776373
-0.9908383
-0.49274774
-0.93736218
-0.72894296
-1.2196338
0.404696
-1.0442696
-0.59396309
-1.1760801
-0.086611896
-1.1434174
-1.2316894
-1.1766834
-1.2044276
-0.0015151054
-0.9261249
0.1992163
-0.97599517
0.40461123
-1.079296
0.2035171
-1.0571334
0.18857574
-1.0648716
0.69648389
-1.3217377
-1.0418073
-0.95930504
-0.92633361
-0.42528945
-1.1312575
-0.98116577
-1.0072331
-1.1909431
-0.99586865
-1.1574886
-1.05949
-1.3444563
-1.2261543
-1.465082
-1.0863768
-1.0188166
-1.2364717
-1.341634
-1.2231336
-1.4291079
-1.205532
-1.0279078
-1.2427461
-1.3002123
-1.155827
-0.89648501
-1.3522559
-0.85036993
-1.1929793
-1.2856065
-1.2974929
-1.1288132
-1.6892027
-1.0804299
-1.3328558
-1.2737974
-0.92489941
-0.90470611
-0.93216627
-1.3595978
-1.1557819
-1.3009568
-1.1186758
-1.3156176
-1.8097867
-1.1847041
-1.4641716
-1.378616
-1.2686308
-1.1470345
-1.2763546
-1.311233
-1.4564994
-1.6381689
-1.700078
-1.1519671
-1.6391813
-1.4859605
-1.033374
-1.3554618
-1.1631251
-1.2951102
-0.99745822
-0.96490876
-1.5996525
-1.4494008
-1.2416208
-0.856235
-1.0615248
-0.98018676
-1.0507794
-0.90429607
-1.3436174
-0.97384688
0.21461916
-1.0873417
-1.1239856
0.58406364
0.71181271
1.7821972
0.22194271
1.7357447
-0.86852072
-0.99112778
-0.95044565
0.085935831
-1.0246682
0.24067703
-1.2540473
-1.0614546
-0.82675813
0.84325832
-1.130352
1.2542589
-1.1324911
-0.40632545
-1.1301629
0.3649794
-0.64953914
1.1135916
-0.9975611
-0.02015919
-0.85687871
-1.1970117
-1.1170595
-1.0201557
-1.3123024
-1.1181458
-1.2296573
-1.7593079
-1.2349714
-0.98547006
-1.159235
-1.1390609
-0.84176908
-0.9630672
-0.76570901
-1.0978072
-1.137399
0.82460464
-0.57334472
-0.33657156
0.29459178
0.39143347
-0.6621212
1.1366535
-1.1260622
1.0579647
-0.95903629
-0.15866357
-1.3379206
-1.1518821
-1.1758824
0.6960413
-0.91995329
0.10308545
-0.681927
1.7261912
-0.82325726
0.75985787
-0.57351733
-0.80793656
-0.75345862
-0.81717366
-0.85522214
-0.80414937
-1.0033831
-1.3002179
-1.4061689
-1.1949143
-1.0532883
-1.2020804
-0.78143165
-0.064408079
-0.8774234
-1.3726414
-1.3242825
-1.2456122
-1.2850036
-1.3334058
-1.1010259
-1.0835477
-1.1962422
-1.3375631
-1.0723395
-1.2102312
-0.99980164
-1.3359246
-0.93440466
-0.82642341
-0.84009204
-0.98885296
0.35676056
0.19330662
-0.99369833
0.89633626
-0.30628193
1.4097611
-0.49186869
0.097493512
-1.1691044
-1.1455419
-1.1462291
-1.3018428
0.1262653
-0.83262159
1.3067579
-0.83558345
1.5984248
-0.38352505
2.2594345
-0.02013984
-0.76329011
-0.50597358
-0.87301784
0.26240179
-1.0428694
-0.98260041
-1.2303623
-1.1288605
-1.0102573
-0.88814288
-1.1643724
-1.2390432
-1.2599084
-1.550933
-1.0513147
-1.2200148
-1.2550637
-1.0033852
-1.54378
-1.2653816
-1.1331459
-1.6316677
-1.4652451
-1.1692038
-1.6549245
-1.1353626
-0.94659127
0.0050918755
-0.20725746
-0.94876575
-0.99988478
-1.0174644
-1.2349279
-0.90391832
-1.0825936
-1.1836758
-1.3308993
-0.46554902
-0.96862086
1.1027908
-0.89204358
1.900911
-0.82930053
0.28491669
-1.0515719
1.0245498
-0.94994823
-0.67122149
-1.2547532
-1.2983218
-1.2070533
-0.55692866
-1.2632129
-1.0711515
-1.4393695
-1.1843261
-1.0575176
-1.0754432
-0.42540005
-0.97351492
-0.092139565
-0.2309567
1.8370492
-0.64150204
1.9348901
0.13942224
1.1437446
-0.35198721
-1.1954189
-1.0594603
-1.0097887
-1.0471955
-0.91613268
-1.2242586
-1.0206918
-1.3402869
-1.3496313
-1.3045004
-1.430506
-1.2720046
-1.2474416
-1.3230764
-1.2880227
-1.5893213
-1.0889935
-1.1336715
-1.4862118
-1.0241369
-1.0508284
-1.1499524
-0.94507442
-0.99877381
-0.45759455
-0.41764537
1.4190025
-1.486449
1.6455311
-0.48641126
0.50988817
-1.1218086
0.42460621
-0.99593518
-1.1348517
-1.4262186
-1.1241027
-0.93181296
-1.179999
-0.48347935
-0.8558465
1.5615882
-1.0239625
0.57921215
-0.61999342
1.6625444
-0.96506639
0.10493266
-1.1778839
-0.66410558
-0.93530107
-1.0316471
-1.1190742
-1.2332407
-1.072901
-0.993926
-0.95161181
-1.222538
-1.250965
-1.3146381
-1.2287165
-1.2959853
-1.2750301
-1.4962818
-1.5630046
-1.4984128
-1.2744824
-0.97645529
-1.0513789
-1.1171676
-1.236423
-1.3425748
-1.6253756
-1.3429984
-1.0021862
0.46150487
-1.4059432
-0.93459344
-0.89711774
-0.59727458
0.76447118
0.64120128
-1.008053
1.4907181
-0.99973963
0.90755113
-0.40059376
0.11016643
0.50431562
1.5847672
-0.83329073
-0.23095491
-0.87686219
-1.0624118
-0.96798346
1.2776658
-0.25346262
0.46983028
-0.47371437
-0.4607946
-1.2149905
-0.73141518
-1.1988931
-1.0449685
-0.37953124
-0.98690859
-1.0172035
-1.1263043
-0.88688909
0.24543092
1.5240145
-1.0962215
1.0971886
-1.2352898
-0.9663507
-0.61876145
-1.3476821
-0.97192203
-2.0124382
-1.5167607
-1.803717
-1.5438258
-1.5196139
-1.5586534
-1.3539165
-1.3879063
-1.1660721
-1.3009687
-1.2452745
-1.0595912
-1.5570477
-1.0847247
-1.4621167
-1.0987334
0.00094653983
-1.3949511
-0.90099518
-0.39122627
-0.99894108
-0.97109161
-0.93601983
0.057140645
1.4410946
-0.65759592
0.98500254
0.48159726
2.1657863
-1.040335
0.43873647
-1.0282212
-0.68550287
-1.2050259
-0.97099287
-0.53258298
-0.46992524
-0.997736
-1.2723988
-1.2362617
-1.202301
-0.92259393
-1.7371294
-1.2165912
-2.113256
-0.49534435
-1.4178818
-0.70303149
-2.3798595
-1.3798796
-1.2846958
-2.3851473
-1.673261
-1.6324606
-1.5817591
-1.5736805
-2.046811
-1.2487232
-1.9237147
-1.4853871
-1.1342117
-1.1312546
-1.0926565
-1.2500873
-0.99442886
-1.0331099
-1.3561767
-1.0625908
-0.9281262
-1.2760498
-0.82333062
-1.2189168
-1.0109847
-1.1850348
-0.94533027
-1.1353039
-1.2451799
-0.8763654
-0.8791721
-1.1324006
-1.1111861
-0.94301806
-1.0911799
-1.0517158
-0.8631313
-0.88650056
-1.0143026
-0.83676438
-1.016218
2.0940841
-1.194631
-0.85666193
-1.046677
-0.65257402
-0.91972941
-0.30901257
0.010465656
0.5258542
-1.058764
0.15556261
-1.057523
-0.76977584
-1.0124257
-1.2357553
-1.1944779
-1.0190085
-1.3104331
-0.75054231
-0.5173814
-0.92136341
-1.4354139
-0.81040821
-1.3520914
-0.87058912
-0.84898271
0.66091797
-0.89796059
1.8209187
-0.025276475
0.82944137
-1.0730154
1.4661367
-1.0043416
-0.84455838
-0.9129535
-0.78538827
-0.9985918
1.7315848
-0.95774056
-1.0284387
-0.95166546
-1.0925173
0.84654592
-0.6292447
0.89899262
-0.73857289
1.6429845
-0.77117127
2.1283779
-0.85540297
-1.0516762
-0.80310055
-0.87911381
-1.1978446
-1.1086579
-0.92392187
-0.97227547
-0.81576178
-1.0326475
-1.0506577
-1.1914584
-0.39983421
-1.4095046
-1.3202968
-1.4709211
-1.2512528
-1.4772128
-1.753437
-0.7917647
-1.5386388
-0.72823973
-1.4344772
-1.9161033
-0.62418829
-0.34052082
-2.0931522
-0.34733076
-1.0309112
-1.2294043
-1.6623391
-1.319738
-1.0887308
0.28951626
-0.15668046
-1.2001885
-0.45615932
-0.70563151
-0.034840691
-0.52168489
0.94913207
-0.68697005
-0.76219903
-0.7419857
-0.60877837
-1.354847
-1.1033417
-1.1721703
-0.68324284
1.4421442
-1.1674866
0.45363117
-1.0271528
1.9438358
-0.98588888
-1.0079063
-1.1646198
-1.1135336
-1.4119266
-1.1100847
-0.84191568
-0.78019363
-1.0449029
-0.8520979
-1.4436716
-0.77058677
-1.3853963
-1.1469494
-0.99425947
-0.78204903
-0.96605748
0.28070603
-1.1698897
-0.67536925
-1.7906397
-1.0402627
-0.91383556
-1.1647153
-1.1773841
-1.6559312
-0.95855412
-1.0026966
-0.93676979
-0.9142014
-1.2536214
-1.5241188
-1.4035637
-0.12570113
-1.0510187
-1.4964806
-0.89088746
-1.0224334
-1.0640693
-0.45691159
-0.90222695
-0.37582874
0.34470257
1.3844118
-0.39489716
2.3403494
-0.81166152
1.2688982
-0.79463877
-0.85163875
-1.1076232
-1.1096805
-0.98210201
1.0065377
-1.0163654
2.0889457
-0.8575939
1.4213658
-0.40282911
0.75336247
-0.35461628
-0.98953002
-0.53979332
-0.99335127
-1.1038966
-1.2121155
-1.3773157
-1.4247646
-0.88010656
-1.1473335
-1.2290107
-1.270122
-0.95152889
-0.58460465
-1.1304027
-0.24673402
-1.1014117
-0.55898072
-1.1429906
-1.2556026
-1.6659228
-1.3539631
-0.58034359
-0.55548882
-1.1064083
1.4881531
-1.243595
2.105874
0.021784624
1.7680846
-1.0806514
0.69044143
-1.0763809
-1.1008851
-1.0714146
-1.6606171
-1.4235989
-1.8118935
-1.2124241
-1.1279202
-0.3178463
-0.78809712
1.1882073
-1.0010443
1.0283186
-1.1550986
1.327187
0.67065291
0.46993998
-1.0040036
-0.38390681
-1.5115476
-1.1108867
-1.2315146
-0.9622579
-1.0407128
-1.0052323
-0.75640454
-1.26944
-1.4299497
-1.4283828
-1.4141871
-1.1327092
-1.0601522
-1.5695994
-1.4538132
-1.2868043
-1.3084151
-1.6873607
-2.1376552
-1.4757971
-1.4491378
-0.98199449
-1.21883
-0.92557919
-1.0931546
-1.1948711
-0.70870867
-0.97928188
-0.52607773
1.1885964
2.2277489
0.45898813
2.5094465
-0.85110427
1.9381983
-0.89670477
-0.41429765
-0.62357178
-0.39697271
-0.04099819
-1.1478223
-1.088389
-1.2798483
-1.2720058
-1.2743291
-1.2927769
-1.1736021
-1.1492949
-1.8428188
-0.39102822
-0.30678167
2.5322512
-0.98277779
2.0103222
-0.46478124
2.5151251
-0.22051208
1.7444196
-0.12148314
-1.0304211
-1.1135383
-1.0504179
-0.77738026
-0.51391515
-1.0571792
-1.3173979
-1.2043418
-1.316701
-0.0095413679
0.05273861
-0.92852376
1.6940535
-0.09149011
1.7366655
-1.0695497
-0.98664523
-0.9042285
-0.87105393
-0.60310257
-0.13997604
-0.76013452
-0.18983905
-1.0014497
-1.0594847
-0.93122867
-0.98949736
-1.0856503
0.83409228
-0.047362442
0.95645523
1.0487827
1.8808076
-0.4918405
-0.25914357
-0.0021721672
-0.99598592
-0.073443119
-0.013354631
-1.1275061
-1.0727049
0.42597526
-1.0470754
-1.054743
-1.1511801
-1.1731644
-1.1040694
-0.92692218
-0.8450305
-1.4410562
-1.1934173
-1.1743391
-1.4933042
-1.2221443
-1.5121982
-1.1327282
-1.2177743
-1.5520397
-1.0299975
-1.603259
-1.1379363
-1.8764571
-1.7162414
-1.0150457
-1.5263113
-1.5810039
-1.2291689
-0.95359237
-0.85355071
-0.070589218
-0.4858392
-0.97807691
1.4617119
-0.93107235
1.2577005
-0.59466417
1.0816744
-0.19127198
0.48596677
-1.1776894
-0.020580901
-0.61839691
-1.1314837
-0.47813971
0.69395007
-0.92910826
0.45181229
-0.3824798
-0.98886316
-1.0404766
1.2881585
0.10139786
1.1579701
0.52422317
-0.39601914
-1.0037671
-0.96889421
-1.1296706
-0.96811665
-0.96416807
-1.1271511
-1.008452
-1.8105264
-0.99076688
-0.98980589
-0.97580703
1.5726994
-0.90936778
2.5387466
-0.90631723
0.90339179
-0.67058893
0.023433728
-1.0055226
-0.4074298
-1.0235144
-1.3723754
-1.6646464
-0.8122127
-1.1581459
-0.17680024
-1.092401
-1.2383673
-1.1924841
-1.6081027
-0.69206893
-1.603459
-0.49009595
-1.1321664
-1.9997756
-0.6976143
-1.3741968
-1.5779904
0.40099772
-1.7190009
-1.637002
-1.0182194
-0.19121217
-0.34622507
0.82242159
0.69153755
0.51335002
-0.064991207
-1.208336
-0.40067665
0.21317916
-0.96579845
-1.0971406
-1.4179168
0.35772072
-0.27354933
0.62769356
-0.98085284
0.020307534
-1.1492557
1.1750744
-0.68785778
-0.88659454
-1.2369331
-1.1742382
-0.52568222
-1.0962942
-1.2914798
-1.7037774
-1.5021344
-1.1351239
0.14999207
-0.75265509
-1.2259461
-0.38913279
0.68915304
-0.29135214
0.23541867
-0.74627088
-0.24162106
-0.98106848
-1.1162942
-2.0238629
-1.2980264
-1.9712151
-0.34312265
-1.2038352
-1.1669274
-1.455555
-0.84375686
-0.94822896
-0.7021693
-1.2521812
-1.6445808
-1.1669567
-0.62677193
-1.3887266
0.96878932
-1.5483789
-1.1172612
-1.0559804
-1.2903909
-1.2030762
-1.1503838
-0.92634565
-0.74664825
-1.0882375
-0.79457988
-0.85769093
-0.5498735
-0.67149417
-0.58261945
-1.2859384
-0.09251804
-0.93465314
1.5376212
-0.50001001
-0.22535183
-1.0012739
1.155058
-1.2465209
0.82411225
-1.2153582
-1.5391093
-1.6236573
-1.1120236
-1.0740725
-0.19232876
-1.3985214
-1.4028506
-1.2306217
-1.1010282
-0.99179174
-1.0066321
-0.25736456
0.21368684
1.0687508
-0.79648052
-0.1346821
-0.750139
0.90028378
-1.1590329
-1.0048021
-0.57034662
-0.87829223
-1.1081249
-0.75155904
-1.0513271
-1.3106383
-1.3590697
-1.3607847
-0.14711535
-1.3030999
-1.0772937
-0.66229037
-1.258724
-1.3220344
-1.0455562
-1.2220451
-1.397015
-1.4416536
-1.0299459
-1.0556688
-0.95977841
-1.1266583
-1.0868534
-0.17077008
-0.79648052
0.5218723
-0.52440257
0.10697941
-0.79648052
1.2420231
-0.85080143
-1.3101432
-1.1995481
-0.50485932
-1.2179427
-1.020657
-0.86940899
-1.2096668
-1.1226224
-0.79551125
-0.93082392
-0.3482132
-0.55139381
0.19954927
-1.0169367
-0.81483565
-0.79648052
1.1615012
-1.006441
-0.052064149
-0.31830585
-1.524897
-0.87062807
-1.9552016
-1.1214904
-0.31825609
-1.0790605
-1.6621434
-1.1154545
-1.3427502
-1.3612943
-1.2416095
-1.2658366
-1.3731372
-0.46797579
-1.7739677
-1.2612697
-1.208475
-1.1238679
-1.2335061
-1.1738533
-1.7097968
-1.0831787
-1.1033089
-0.85745997
-1.1293422
-1.0679515
-1.1699273
1.0609956
-1.2934175
-1.1636635
-0.71938198
-1.1311629
-1.1718874
-0.69558432
-0.64948938
-1.0085627
-0.8577438
-1.0302823
-0.77456041
-0.68421412
-1.0302718
-0.97092095
-1.1008817
-0.49308106
-0.80377355
-0.33900124
-0.40265613
1.1036449
-1.3370313
1.1497389
-0.36823673
-0.89700835
-1.1015623
-0.8413813
-1.2354671
-1.085108
-1.2913597
-1.0021859
-1.4189528
0.99294359
-1.0998914
-1.7962337
-1.3508741
-1.9390472
-1.7142917
-0.97048249
-1.6958846
-1.7596778
-1.5296502
-0.9521776
-1.7349255
-1.0098846
-1.1292613
-1.8743908
-1.0373713
-1.4245375
-1.3805653
-1.2436459
-1.5319632
-1.1805729
-1.2288702
-1.0860604
-1.0074229
-1.1770155
-1.3059745
-0.97731636
-1.6856324
-1.1348696
-1.2499556
-1.9334445
-0.97325301
-1.0598122
-1.1548542
-1.8260113
-1.3754826
-1.2085369
-1.2973618
-1.2063942
-1.1289856
-1.1720538
-1.2470387
-1.3411731
-1.2299443
-1.1039598
-0.85783193
-0.77887432
-0.81415541
-0.21694619
-1.004326
-0.9637459
-0.9623093
-0.99572592
1.8004578
-1.0497768
-1.147388
-1.0008663
-0.85732061
-1.0409275
-1.2713057
-0.97633118
0.010503698
-0.79907223
-0.99733927
-1.0765271
-1.133352
-0.98139072
-0.73625957
-1.0404818
-0.68248441
-1.5914646
-1.0918548
0.26427767
-0.70852971
-0.202021
-0.71571918
-0.24444962
-1.0277529
-0.51891306
0.38263217
-0.82446205
-0.48264647
-0.99807242
-0.79155151
-1.192869
-1.2281661
-1.6408112
-1.1167039
-1.4464718
-1.2300353
-1.2263289
-1.1529392
-1.2038826
-1.2602066
-1.1178517
-1.1810008
0.47995619
-1.0177664
0.044335022
-1.0738851
-1.1632868
-1.1354232
-0.76712104
-0.89159829
-1.1651173
-0.9367082
-0.93807344
-1.0720625
-0.93275092
-0.71848261
-1.0269039
-0.23993935
-1.1552861
-0.044000577
-1.0596001
-1.1689204
0.65028446
-0.98866612
0.054585893
-0.97841643
-1.5302084
-1.1450927
-1.1305449
-0.95076863
-0.92666502
0.74597602
-1.0591304
1.3292136
-0.97892563
-1.047289
-1.0222432
-0.99202921
-0.73584022
-0.97991611
-0.92696813
-1.2222346
-0.90861419
-0.45376512
-1.1325765
0.95703219
-1.0169688
-0.86083529
-1.0508798
-0.9881784
-1.2001569
-1.026357
-0.46182419
-1.0866836
-0.51018492
-0.9554194
-1.1558032
-1.1051909
-1.1830677
-1.1702216
-0.6013224
-0.81270075
-1.2759063
-1.2786111
-1.0502442
-1.1308286
-0.24629654
-1.111981
-0.21780387
-0.95818768
-1.0286801
-1.0385585
-1.2097108
-1.041908
-1.2511508
-0.79067498
-1.0622341
-0.8803036
0.48094223
-0.9096775
-0.21361398
-0.96379264
0.41273231
-1.1243567
-0.76862823
-0.53365045
-0.92599806
-0.47584178
-1.0190363
-0.89443425
-1.0818406
-0.7033613
-0.86037764
-0.43167798
-0.60636876
-0.91092611
-0.44267103
0.1473039
-0.98601933
-0.055448283
-0.48944571
0.089638582
-0.64560373
0.13135355
-0.17192568
-1.1587936
-0.93044333
-0.99670001
-1.2760038
-1.3346784
0.69422128
0.48834416
-0.99875415
1.0604691
-0.68073074
-0.79173008
-0.61545318
-0.92101027
-1.2764965
-1.1121306
-1.1215199
-0.96446775
-0.97978433
-0.79402881
-0.99667464
-0.99275796
0.37265675
-1.0399504
-0.74820766
-0.99815584
-0.2641
1.1763304
-0.65159237
-0.4444004
-1.0652164
-0.4434729
-0.9529371
-0.96569585
-0.87638927
-0.01297193
-0.65739204
0.65423208
-0.73605421
-0.53802481
-0.99810405
0.26242518
0.62704051
0.12320283
-1.0497521
-1.1345613
-1.028141
-1.0136994
-0.5247545
-0.43610311
-0.9941149
-1.3510627
-0.94486733
-0.36395327
-0.74350524
-0.98386637
-0.93748104
1.2490541
-1.089216
-0.8476476
-1.1517241
-0.98028089
-0.99234018
-1.2610913
-0.21255283
-0.73772185
-1.1698413
-0.9008407
-0.17629368
-0.6715887
-0.95555931
-1.0283274
1.1874203
-1.1753243
-0.1408766
-1.0897372
-1.0659503
0.37993367
-0.4273531
-0.34096203
-1.0740137
0.64960332
-0.86788242
1.5815109
-0.89903951
0.34023116
-1.0487381
-1.4708009
-1.0356362
-0.99022506
-1.0329192
-1.1114306
-1.0756132
-1.2600198
-1.2094324
-1.1310855
-1.1620983
-1.2955068
-1.049062
-1.1388638
-1.1850399
-1.3389898
-1.0623139
-1.1407747
-0.99866849
1.3652713
0.16831423
2.2775329
-0.77810698
0.7248651
-0.95318751
-0.52853743
-1.0082339
0.16004681
-1.0700829
-0.45198137
-1.2191602
-1.0343741
-1.0100218
0.72463629
-0.29309927
0.73855766
-1.0191578
-0.033042685
-1.0108949
0.28382142
-0.17113197
-0.88195173
-1.3395452
-0.98470517
-0.99619953
-1.0113886
-0.92833329
-0.14335089
-0.43880653
-0.78320694
-1.0176578
-1.265592
-1.0230645
-1.1950071
-0.9738843
-1.2782761
-1.0656575
-1.090222
-0.91447444
-0.93166722
-1.2518696
-0.7401476
-1.0680325
-0.73275521
-1.0366587
-0.5270863
-1.0722855
1.2203208
-0.51312515
0.33248183
-0.7064065
1.430795
-0.38465649
-0.6642866
-1.0176084
-1.0457811
-0.20453824
-0.92835979
0.51821472
-0.65242795
1.6265937
0.066367624
0.059212728
-1.0750686
-1.0325732
-0.26511694
-0.14429539
-1.1940389
0.37301616
-0.91108957
-1.1001036
-1.1383205
-0.87112783
-1.1569306
-1.0276317
-1.0733205
-0.74947518
-1.050373
-1.0219546
-0.97265953
-0.99749503
-0.93726384
0.61696912
-0.96526522
2.1279451
-1.2210272
0.79387548
-0.9434878
-0.89897759
-1.1298052
-0.66440328
0.51519261
-1.3289223
-1.1594187
0.98637148
-1.0867542
1.5483976
-1.0977458
1.4626759
-1.0499693
0.13506537
-0.67683318
1.0429608
-0.91369901
-0.89948854
-1.0254812
-0.93577255
-1.1362475
-0.98285168
-1.223488
-1.1596535
-1.1775769
-0.83905743
-1.432117
-0.97760917
-0.58994407
-1.0621252
-1.0024429
1.5110463
-0.91680174
1.2644273
-0.92582216
-0.96364659
0.15881211
-0.10802432
-0.2206041
-0.23798955
-1.0917584
-0.47439959
-1.1170118
-0.35189416
-1.5921735
0.16775079
0.45898904
-0.39374105
0.8040168
-1.1176586
-1.1282469
-0.65388121
1.6191463
0.040834378
1.3171445
-1.1458917
-0.5406368
-1.1569893
-0.46267167
1.0052036
-0.89834306
-1.1740178
-1.072647
-1.2125785
-1.344769
-1.3995562
-1.5324418
-1.3393025
-1.4178602
-1.4825015
-1.3433294
-1.5333215
-1.6407594
-1.2969256
-1.4439632
-1.5078827
-1.082008
-1.1044291
-0.70720128
-0.93794484
-0.89252937
-1.0231074
-1.1627114
-1.0397027
-0.95120828
-0.69626902
0.78589879
-0.18038638
-0.58294173
-0.86029693
1.0094941
-0.79135042
-1.1718979
-1.2643114
-1.3051057
-1.00391
-0.84481319
-1.0891058
-0.26021955
-1.1990735
-0.10473968
-1.282986
-1.2789943
-1.1461529
-1.3447933
-0.22639137
-0.62047114
0.55878411
-0.94753655
-1.1882678
-0.89581637
-1.0015635
-0.76333961
1.6985544
-1.3793049
0.58966836
0.072884463
-0.50553672
-0.96029292
-0.99205854
-1.090412
-1.2886415
-1.0136883
-0.39273829
-0.9952573
-1.1848711
-1.5395863
-0.72805976
-0.88511415
-0.97628662
-0.99383757
-0.99613434
-0.42593112
-1.3796031
-1.1550068
-0.92019084
-1.2243787
-0.95093203
-0.56063409
-1.0987564
1.0061023
-1.0531866
-0.68492793
-1.0199527
-1.0416994
-0.9217725
-0.43480875
-0.7979747
-0.96705559
-0.64131426
-0.66884156
-0.99157001
-0.24337281
-1.193672
-0.91643437
-1.1303416
-0.98416209
-1.0308166
-0.92631034
0.75067262
-1.0123566
0.77914861
-0.57721735
1.5219559
-1.0499569
-0.71943083
-0.79847437
0.21856204
-0.96669362
-1.0051474
-1.0723485
-0.97905595
-0.52299982
-1.0100236
-0.50001981
-1.2265015
-0.96910679
-0.73638931
1.929998
0.37806079
1.3377555
-0.59948402
-0.62108855
-1.0318755
-0.80667987
-0.3161791
-1.2442422
-0.94899881
-1.0881724
-1.0607934
-1.0067811
-0.98670488
-0.87415625
-1.1192168
-1.0533312
-1.3281866
-1.4332135
-1.0157999
-1.2717362
-1.0819959
-1.1898718
-1.3505599
-1.3179069
-1.2629376
-1.0795709
-0.9774245
-0.89115403
-1.1934813
-0.95916808
0.51837665
-0.75130663
0.16642515
-0.93339983
-0.29335482
-0.98446239
1.2124906
-1.0556346
0.17639616
-0.95242967
-1.0528997
-0.97361159
-0.10301539
-0.20642618
1.4430657
-1.1262762
0.7090264
-0.89559531
1.470168
-0.32284139
0.45808108
-0.87925459
-1.3268336
-0.91791211
-0.95804231
-1.1537673
-0.98894567
0.24154548
-1.0235999
-0.47263703
0.551995
-1.0901499
-0.064999144
0.10445069
1.8650913
-0.98435432
0.079661701
-0.90645761
-1.294553
-1.2296239
-1.0378049
-1.1168757
-0.90705483
-0.80127182
0.87769778
0.12588159
2.1652455
-0.12637574
0.37212669
-0.93394383
-0.36296774
-1.0848427
-1.283493
-1.0339144
-1.1541498
-1.7453462
-1.7608071
-1.1054248
-1.3242999
-1.4645646
-1.5254991
-1.1292588
-1.3029491
-1.3838083
-1.2466497
-1.2794994
-1.0871375
-1.342452
-1.1071581
-1.0403393
-1.3785439
-1.0221915
-1.1074002
-1.1325811
-1.5339443
-0.94720498
-0.81665153
0.042596669
-1.0597884
1.7183468
-0.71187186
1.5484107
-0.77195193
0.41318779
-1.0150067
0.36377428
-0.73382479
-1.0055417
-1.1308281
0.70234714
-0.69580752
2.1005153
-0.94525014
-0.4426922
-1.1337085
2.0462709
-0.80067715
0.45996041
-0.99833734
-0.69625734
-1.1741539
-0.93333825
-1.0564377
-1.0563779
-1.2802488
-0.95529553
-0.67254471
-0.21952461
-1.275306
2.3097017
-0.81163626
0.77058829
0.36235055
1.1413714
-1.1036757
-1.0446494
-0.790779
-1.0407448
1.1515931
-0.15898102
1.9707522
-0.39601225
1.1630705
-0.70929532
1.9742522
-0.88546503
-1.0674978
0.82948989
0.29858459
-1.0115977
-1.0844278
-1.3333701
-1.396953
-1.3653269
-1.3381827
-1.2509542
-1.2629501
-1.147827
-1.3363079
-1.2160071
-1.2179417
-1.0687463
-1.0972466
-0.8044259
0.52551487
-0.26703072
1.2719289
0.25389836
0.073413453
-0.74404445
-1.3625667
-1.0696809
-1.1972893
-1.2026756
-0.05897832
0.26872002
-1.0676198
-0.64294425
-1.4576688
-0.55979145
-0.79761904
-1.3148092
-0.89434621
-0.86406825
-0.4962359
-1.3939183
-1.0717014
-0.9139704
-0.13578739
-1.1547935
-1.108365
-1.1206422
-0.66909249
-0.67408064
-0.98317661
-1.2952726
-1.3370944
-1.0151597
-1.2109411
-0.74262996
0.37380131
0.096337478
-0.95059934
-0.86483969
-0.20568803
-0.98262834
-0.28857391
-0.7809598
1.0897776
-0.67117535
1.687579
-1.1415865
-0.91253461
-1.312445
-1.297224
-1.061729
-1.5463284
-1.6669171
-1.3399279
-0.92930927
-1.1258079
-0.053442778
-0.7617449
-0.81963337
-1.0424281
0.14345139
-0.77108221
0.051875275
-0.87515715
0.08194525
-1.1762793
-1.1477147
-0.67916212
0.035334367
-0.88596733
0.29662929
-0.69592453
-1.1801532
-0.9757756
-0.18532815
-0.9764568
-1.0760687
-0.52183709
0.34354421
-0.65808191
0.71494638
-0.44348094
-0.14555889
-0.81166747
0.70321516
-0.89752423
-0.66128011
-1.1051719
-0.77830179
-1.3705878
-0.99233661
-1.077318
-0.86107446
-1.6361518
-1.4428629
-0.89701257
-0.51688838
-1.2336665
-1.2524122
-1.1575191
-1.0331199
-0.60230736
-0.72840995
0.79804932
0.66888816
-0.54376431
0.38782599
-0.76109274
-0.23156384
0.66107367
-0.81228781
-0.41804842
-0.89550818
0.94143132
-0.4820399
-1.1305351
-1.271218
-0.74968561
-0.99059125
-1.4704932
-1.0155751
-0.71037054
-0.88725088
-1.0020008
-0.37714061
-1.7606826
-0.97467916
-1.2867828
-1.038373
-1.3635049
-0.89653225
-1.4287628
-1.168051
-0.22218782
-0.88317878
-1.2627154
-1.0709583
-1.4520242
-1.3457398
-1.527942
-1.179154
-0.97227537
-0.97459612
-0.53444298
-1.1536383
-0.74906713
-1.2392446
-1.124049
-1.3197918
-1.427798
-1.1181951
-1.7397501
-1.2359433
-1.2058287
-1.1214932
-1.4260373
-1.4117119
-1.3933342
-1.0816851
-1.173769
-1.1050976
-1.1219205
-1.0993434
-1.840843
-1.1223339
-0.51497307
0.97087459
-0.86809039
-0.18803527
-1.0036405
0.20840674
-1.4052027
-1.1518425
0.028627274
-0.54449456
2.362346
0.37312727
1.5754701
-0.78498783
0.45972532
-0.96580544
-0.96440883
-1.1087945
-1.1960589
-1.1387579
-1.2199615
-1.2931105
-1.3460984
-1.8160678
-1.6919332
-1.0765757
-1.0914861
-1.0510651
-1.0357685
-0.72348453
-0.92763736
-1.1785768
0.1047446
0.44054522
2.0117923
-0.95256671
0.30522409
-0.84855656
-0.18107067
-1.1718541
-1.3450769
0.79465852
-0.4601547
2.0802991
0.45389658
1.9156781
-0.62191231
-0.61107381
-0.53163209
-1.1713447
-1.0996179
-0.9770982
-1.2846606
-1.911612
-1.3986823
-0.94446975
-1.1601543
-1.3361222
-0.65373057
-1.0284924
-0.20246726
-0.46803323
1.5932187
0.28280708
0.67003844
-1.0090213
1.2344653
-0.93445409
-0.62973266
-1.1078495
-1.2603381
-1.117615
-0.33963564
-1.1470105
-0.87291118
0.34938144
1.0070033
-1.3146538
-0.78953389
-1.0246915
-1.2542517
-1.0793833
-0.96876017
-1.2351282
-0.86504965
-1.3037654
-1.0653313
-1.1753184
-1.1897001
-0.6798096
0.76367325
-0.1256664
1.290265
0.45269869
1.9329683
-0.88631068
0.040386536
-1.2072398
0.1039988
-1.1436564
-1.7710658
-0.30367782
-0.64952799
0.34190366
-0.86760729
2.1155528
-0.57628835
0.9569994
-0.77411222
-1.1528659
-1.0876742
-0.92091274
-1.41156
-1.2204593
-1.2621074
-1.4131785
-0.98306816
-1.1860472
-0.8419853
0.83794316
-0.53873103
-0.70467475
-1.2997377
0.35696001
-0.97770631
0.31844672
-0.99135607
-1.2229557
-1.0196189
-1.3164065
-0.86112945
-0.23917771
-1.0476987
1.2215404
-0.981465
0.70913156
-0.56987142
-0.75838822
-0.80687636
-1.1954635
-1.0656788
-1.0010747
-1.1363848
-1.0765633
-1.0367329
-0.97389212
-0.63736038
0.85300734
-0.92333432
-0.19551479
-0.95046595
-0.69305827
-0.77984098
-0.99798935
-0.98972049
-1.0805116
-1.0995984
-0.82591032
-0.81159847
-0.82088595
-0.79695525
-1.09418
-0.85212607
-1.1980047
-1.3767801
0.60413424
-0.62927418
-1.8116971
-1.1333246
-1.3350792
-0.41785443
-1.3596308
-1.4333195
-1.5225107
-1.6483135
-1.5339057
-1.2909352
-1.0562242
-1.4152803
-1.359321
-1.3939353
-0.050014046
-0.66297197
0.1446657
-0.82193362
0.26536799
-1.1272585
-1.1254033
-1.0106322
-1.2534248
-1.4057859
-1.1206235
-1.2993756
-1.4096114
-1.0781173
-1.1747361
-1.5973644
-0.97432929
-1.2079898
-1.0020449
-1.2656237
-1.3200378
-0.67413843
-1.4685327
-1.1673852
-1.8000128
-1.3987401
-0.98004957
-0.91427387
-1.2548271
-1.0462841
0.1812711
-0.83293901
-0.56487986
-1.2168889
0.91652437
-1.2018184
-0.81030781
-0.71468127
-0.51074363
-1.4479004
-1.0375199
-1.1306198
-1.3686157
-1.0375679
-1.2159479
-1.3090687
-1.1852736
-1.0510904
1.4179952
-0.21035136
0.97986146
-0.40313988
0.44821366
0.37559736
0.26797972
-0.88778482
-0.52359371
-0.011841146
-0.96819582
-1.0216192
-1.050811
-1.0740346
-1.6495979
-1.1541864
-1.247689
-1.1235535
-1.3052332
-1.6242231
-1.0604608
-1.3601139
-1.4572057
-1.1377701
-1.2219157
-1.1028964
-0.11863957
-1.0565135
-0.2239758
-1.3502147
-1.2456778
0.57926307
-1.1936241
-0.27116614
0.90307271
-0.19283327
-0.36853515
-0.48613891
-0.61470061
-1.117699
-0.88876681
-1.5002666
-0.98579084
-1.2103812
-1.1991756
-0.68089082
-0.96161324
-1.0686063
-0.88792815
-0.35407278
0.44467947
-0.64113267
1.2687112
-0.99189453
0.95404449
-0.60811226
0.89380159
-1.0674502
-0.56948465
-1.1228231
-1.0393983
-1.0786382
-1.019874
-0.12174183
-0.59292732
-0.98741113
0.090035905
0.31544031
-1.0568386
-1.4364858
0.82986056
-0.13979946
-1.138561
0.54758659
-0.065352684
-1.1206193
-1.0262255
-0.96443973
-1.0476805
-0.78272744
-1.1706937
-1.8772236
-0.31586506
-1.2706003
-1.0308014
0.0232295
-0.53753491
-1.0517532
-1.0197247
-0.89175516
0.52510449
-0.90712868
-0.11547481
-1.064807
-0.21777894
-1.0430185
-0.27401992
-0.76030212
-0.64264644
-1.0972359
-0.72278055
-1.2087914
-1.0938681
-1.3134953
-1.4212841
-1.1504131
-1.1541577
-1.4212986
-1.3829492
-1.1605577
-1.2176887
-0.15830901
-0.94447465
0.22822357
-1.1519586
-0.94572007
-0.76839992
0.079003455
-0.053339866
2.3956715
-0.91927116
1.3838829
-0.86274836
-0.77473671
-0.76907451
-1.1709896
-0.94369789
-1.0468718
1.1076408
-0.25623762
-0.33368929
-0.36315998
1.452656
-1.1240204
1.8360421
-0.81890903
1.0638499
-0.812273
-1.2414627
-0.96403838
-1.1017235
-1.3337875
-1.6252157
-0.8530446
-1.112699
-1.1808138
-1.221902
-1.3218814
-0.98719833
-1.4144211
-1.2645281
-1.2647541
-1.5876441
-1.1859247
-1.1275813
-1.2777669
-1.0210786
-1.6225913
-1.3776436
-1.1704879
-1.1730695
-1.2126456
-1.0383622
-1.6324117
-1.6181561
-0.48340657
0.49706676
-0.80885226
-0.12841196
-0.27097989
0.77210373
0.09069084
-0.195789
-0.80141632
1.4342845
-0.94535218
1.6550515
-1.2938303
-0.62256384
-1.3556509
-1.125042
0.021443149
-1.1237049
-1.5731502
-1.1097751
-1.5793642
-1.2633706
-1.3068456
-1.1895274
-1.2246712
-1.1449941
-1.470226
-1.3305071
-0.95697053
-1.3041486
-1.7000708
-1.1420683
-1.2754846
-1.0835243
-1.002652
-0.59679791
-0.7487379
0.47751672
-0.79528743
1.2680335
-0.84287312
1.9634283
-0.92872316
2.3660027
-0.80344975
1.4910103
-0.66775649
-0.23458564
-1.0946329
-1.0850444
1.6843453
-0.45046908
2.0305139
-0.3466826
0.4800611
0.28267566
0.20003461
-0.94431809
0.91015934
-1.0795481
-0.35615358
-1.0724579
-0.91838032
-0.9905954
-1.1773651
-0.44404565
-1.2410503
-0.99731585
-1.1867095
-1.1838938
-1.0154097
-0.1709718
-1.1885675
-0.76137661
-0.18664657
-0.40902045
-0.54331769
-0.3131574
-0.32892444
-0.17772713
-0.54081909
-0.99069725
-0.76508301
-0.93369714
-0.78571533
-1.5366327
-0.93167299
-0.77326652
-0.69309679
-1.0027012
-1.830905
-1.2866385
-0.97081408
-2.0696795
-1.446611
-1.1994117
-2.3721616
-1.5715193
-1.4365967
-1.9697503
-1.5421249
-1.1552884
-1.9321244
-1.3114512
-1.1045621
-1.1974455
-1.3189344
-1.1316076
-1.2690474
-1.437338
-1.2098022
-1.3340111
-1.1066512
-1.1161664
-1.1264208
-1.0902323
-1.1110931
-0.82979637
-0.39694627
-1.1366774
-0.78885975
-1.3067862
-1.1911427
-1.0423221
-1.0220804
-1.4915062
0.061824872
-1.0722478
-0.90684833
-1.15029
-1.22131
-1.0698019
-1.3375956
-1.0397072
-1.1902788
-1.3182341
-1.0906138
-1.0645477
-1.0734946
-0.37134221
-1.4243044
-0.75648218
-1.030146
0.8140601
-1.5269413
-0.86768068
0.43714859
1.3109417
-1.0405807
-1.1221266
-0.97019948
-1.0057923
-0.20496671
-1.0436106
-0.88866816
-0.19796912
-0.45765866
-0.58815629
-1.3214407
-0.91016909
-0.93049085
-0.77552256
-0.51953899
0.32412416
-0.61945551
-0.8937817
-0.38301482
-1.1373855
-0.80896722
-0.94649591
-1.077643
-0.47545676
-0.8231915
-0.95794208
-1.0790207
-0.96414263
-0.95313044
-1.0248613
-0.11261318
-1.2330594
-0.98759533
-1.2571082
-1.5214133
-1.0437396
-1.0694376
-1.1120657
-0.95436879
-0.98368461
-0.71196968
0.19375358
0.69102587
-0.84101437
-0.54695176
-0.18639688
-1.1408051
-0.72975847
-0.59588015
-0.22299673
-0.97959861
-1.0022391
-0.6922548
-1.1993711
-1.1731232
-0.87507196
-0.94196875
-1.3046842
-0.80896523
-1.0278261
-0.80920645
-1.1620629
-0.92653794
-1.1135164
-0.48752363
-1.4647333
-1.1829151
-0.7473101
-0.30924845
-0.99356431
-0.80600051
-1.0254826
-0.65700781
-1.345837
-0.91161412
-0.99374501
-0.95955871
-1.2593323
-1.0253278
-0.61102431
-1.039434
-0.93173107
-1.1068907
-1.0007617
-0.96860208
-1.3916878
-0.99714355
-1.1683421
-1.0481136
-1.1434377
-0.85579444
-1.4680699
-1.0791253
-1.0855772
-1.2714333
0.81854246
0.73035007
1.4055524
-0.032357937
1.3287212
-0.31133067
0.087787915
0.59776983
0.936497
-0.66955659
-1.1601098
-0.90065741
-0.90336059
0.45729394
0.25497905
-0.068595123
-0.42462355
0.4487697
1.1854693
-1.0291462
1.4716727
-0.48889751
-0.085449581
-0.98865243
-1.3123069
-0.98457757
-1.0570027
1.2953198
-0.46634131
0.74559174
-1.2404033
2.8317404
-0.30631593
1.7146015
0.25788204
0.0063415779
-1.0306949
-1.0341252
-0.44507395
-1.1201428
-1.0120399
-0.66075468
-1.0216747
-1.1309288
-0.84687116
-1.3497285
-1.5277853
-1.2536373
-1.0771316
-1.4664231
-1.1072431
-1.2467784
-1.5114897
-1.8066538
-1.066003
-0.85583366
-1.0649781
-1.3287115
-1.046167
-0.96170281
-1.2042555
-1.216348
-1.087323
-1.1445892
-1.120586
-0.71839253
-0.095620237
-1.2626994
2.6584237
-0.89323483
0.30245316
-0.91838004
1.4353755
-0.9302002
-0.94096082
-1.6435199
-1.0332222
-1.0775099
-0.98163499
0.090405
-0.47488987
0.37948945
0.45864596
0.84574556
-0.47407867
1.2879776
-0.35205368
-0.16671955
-0.99257133
-0.9251353
-1.0790906
-0.99429446
-0.8378243
-0.92692199
-1.0292781
-1.1566697
-1.2314897
-0.96664506
-1.2166204
-1.0028955
-0.93162697
-1.7631488
-1.067117
-1.6641211
-1.1620338
-1.2016089
-1.5777985
-1.756501
-1.2338211
-1.3195304
-1.1537528
-1.3919573
-1.2435797
-1.3745569
-1.1287548
-1.3274163
-1.0269231
-1.580269
-0.91036135
-1.0183374
-0.95762295
-0.74399791
-1.0905204
-0.87782358
-0.98672188
-0.69056293
0.97425043
-0.71847093
0.031737716
-0.78626932
0.59007328
-0.84118661
-0.70186191
-1.3118539
-0.80389304
-1.3732321
-1.3921513
-1.2525947
-1.1488239
-0.78225878
-1.0773888
-0.16221165
-1.1010683
0.54367185
-0.72811791
-0.29283441
-0.84915079
-0.17339984
-0.72712477
-1.0600958
-0.71728478
-1.0350853
-0.93902578
-0.94557409
-1.011256
-0.87499531
-1.2752104
-1.2317281
-1.4256713
-1.2123522
-1.4536438
-1.3397147
-1.1751149
-1.4021714
-1.1725513
-1.2664683
-1.1088602
-1.2921627
-1.4003619
-1.0808243
-1.0698792
-1.0524373
-0.61708234
-1.1194912
-1.3794399
-1.1512415
-1.0313053
-1.0148707
-1.2186353
-0.64608389
-0.95372558
0.24973216
-0.97512291
-0.89606229
-0.93343558
-0.036950603
-1.0942836
-0.69352403
-0.73681095
-1.0332617
-1.0707881
-1.0291204
-0.96672294
-1.178509
-1.2127463
1.7536532
-1.1434611
1.2962355
-0.94719406
0.51148408
-0.87229382
-1.0895933
-0.93561688
-0.8584451
-1.2405088
-1.3230029
-1.7998292
-1.4194628
-1.1130317
-1.3405823
-1.6449912
-1.1862391
-1.4292398
-0.93574565
-0.15504799
-1.2999365
-1.1064649
-1.668695
-1.4612155
-1.2845948
-1.0792331
-1.381038
-1.1069596
-1.1802088
-1.1858819
-1.4238825
-1.1794433
-1.4125371
-1.2175675
-1.1445783
-1.1693275
-1.317248
-1.1973118
-1.2313248
-1.3743781
-1.2942958
-1.2678826
-1.2044569
-1.116203
-1.4267215
-1.3693693
-1.5440284
-1.3135335
-1.2813507
-1.9231487
-1.2169271
-1.336781
-1.3442973
-1.1342679
-0.90969841
-1.3927056
-1.2173764
-0.6154867
-0.94405131
-1.0372047
-1.0773364
-0.63531657
0.13231359
-0.019263412
2.1185155
-0.51818629
0.71117969
0.038746916
-0.93910303
-0.96908295
0.38570839
-1.2751975
0.010643598
-0.81112437
-1.0957388
1.3075699
-0.88578876
0.57078898
-0.77508182
-0.77314683
0.0013207209
0.14248091
-1.0112003
1.0169221
-1.0022514
-1.1065891
-1.1181873
-1.0250424
-0.84209307
-0.99142409
-1.4288084
-1.0290795
-1.2688363
-0.94963877
-1.3752376
-0.94179711
-0.72747077
-0.87657699
-0.65127112
-1.0444058
-0.95527281
0.97865967
-0.74509084
-0.32230851
-0.82619846
1.3397041
-0.0032838382
2.2152168
-0.87334045
1.0369227
-0.90213101
0.34419203
-1.0736905
-1.045557
-1.0816391
1.4640526
0.24169343
1.386973
-0.55621058
0.54576289
0.11266445
1.051166
-0.45097889
-0.81481117
0.92349977
-1.1002768
-0.82602034
1.2174889
-1.0515832
-1.2133105
-0.77348971
-1.3408134
-0.83942097
-0.98879066
-1.1456857
-0.90438834
-0.55186962
-1.2162998
-1.4724785
-0.81445666
-1.1258144
-0.98353339
-1.2735236
-1.1343448
-1.0560191
-1.3362963
-1.0349254
-1.1100796
-0.9857359
-1.2095439
-0.88274646
-1.1155435
-0.86139704
-0.5013086
-0.42647805
-0.92621002
0.60120424
-0.41432219
-0.84712882
1.5934544
-0.9254019
1.9783212
-1.0039075
0.94650599
-1.1688249
-0.83301087
-1.1222741
-0.90396536
0.73852098
-0.50069303
2.051585
-0.86433523
2.0736504
-0.77956265
1.8732094
-1.0289797
-1.0222783
0.40844495
-1.0128292
-0.51297938
-1.0378098
-0.99260766
-0.95452794
-1.3087053
-0.89707367
-1.2660797
-1.2545364
-1.3217105
-1.6213271
-1.1142386
-1.4370291
-1.0759884
-1.7905822
-0.70344674
-1.580154
-0.94247763
-0.98397509
-0.8449214
-0.74783356
-1.0131969
-1.0170501
-1.3082257
-1.2144813
-0.96819812
0.66377718
-1.2027674
-0.7234743
-0.88069508
-0.98146967
0.73206459
-1.000826
1.7974441
-0.35878619
0.66185329
-0.51574998
0.29283675
-0.96138903
-1.1904502
-1.0214438
-1.0381663
0.64253076
-0.18578054
0.88446524
-0.8818963
2.7870728
-0.058537954
1.5146436
-0.35913853
-0.37288096
-0.64568575
-0.93875094
-1.0387209
-1.1006268
-0.90447005
-1.0360156
-1.2120783
-1.1340467
-1.1390207
-0.56502758
-1.1765138
-1.3758684
-1.7530348
-0.71746475
-1.6751858
-1.0712546
-0.98705089
-1.3820349
-1.1084039
-2.0599595
-1.0455114
-1.318056
-1.2811622
-1.6355077
-1.2323763
-1.0441274
-0.55753968
1.0750967
-0.92582144
0.94456556
-0.80576435
1.4567207
-1.1736383
1.4961556
-0.95419312
0.25003839
-1.1559053
-0.9774677
-1.0186195
-1.1407762
1.604167
-0.56703105
1.410708
-0.14227268
0.78574817
-1.0883421
0.52896924
-0.89689058
1.4456857
-0.71251427
-1.2010031
-1.1421663
-0.95127551
-1.0375634
-1.1586814
-0.91890628
-1.0566474
-1.3248894
-1.4952579
-1.4141037
-1.3869762
-1.1019897
-1.2338479
-1.4539099
-1.299728
-1.2630144
-1.5838258
-1.5042602
-1.3541152
-1.443582
-1.2079746
-1.9592661
-1.1309124
-0.95446703
-0.95875935
0.057073024
-0.11908273
-1.1398612
-0.86689807
-0.268385
-0.96817993
1.5792896
-0.50166532
1.9818091
-0.37283178
0.957341
-1.0218251
-1.0729722
-1.3874439
-1.0545477
-1.1825602
-1.0560985
-1.0124857
1.5516406
-0.57843378
0.26367987
-0.82836567
1.7861085
0.19457484
-0.92581738
-0.87371803
-0.99809094
0.41303576
-1.097442
-0.99895856
-1.0857428
-0.89730477
0.57135369
-0.0077039292
-1.0106036
-0.36627117
-1.231308
-1.1679588
-1.0549523
-1.0385223
-1.606434
-1.2157481
-1.5220334
-1.0696744
-1.0671148
-0.24527581
-1.2372123
-0.95169827
-1.0144135
-0.97873752
0.74044992
-0.28038638
1.5159209
0.73795692
1.413029
-0.78554762
-0.00051026376
-0.70848008
-0.84495013
