-1.3243885
-0.83607264
0.33298373
-2.0231123
-0.99264172
-0.858623
-0.97430728
-0.77480538
-0.82192746
-1.1043507
-1.2905521
-1.0824552
-0.91834987
-1.177109
-1.0141814
-1.4775634
-1.114311
-1.2676735
-1.1832008
-1.2362366
-1.3814588
-1.1083099
-1.3968612
-1.0979137
-1.1848957
0.088938752
0.10592148
-1.9015076
-1.4279435
-1.8362383
-1.9127619
-1.5916216
-1.6913288
-1.582629
-1.2221379
0.29924881
-0.89619237
-1.8404766
-1.1394715
-1.645499
-1.3037993
-1.3378018
-1.4561312
-1.1735714
-1.0781069
-1.0477794
-0.84939566
-0.090515898
-1.3970135
-1.0538245
-1.1272698
-0.97239702
-1.37666
-1.3527805
-0.94866428
-1.1558561
-1.2670997
-1.2152709
-1.3102313
-1.2978501
-1.0925652
-1.4218264
-1.0025458
-0.94642488
-1.0630605
-0.63967451
-1.2103392
-0.39350242
-0.98360325
-1.8255376
-1.0765672
-1.2878105
-1.2749062
-1.179797
-1.0954064
-0.96893362
-1.0433455
1.4412933
-1.2330018
-1.0140633
-0.91385488
-1.1415782
0.64549632
-0.70057247
-1.1352581
-1.0772115
-0.93200447
-1.0683642
-1.316497
-0.41469248
-0.83406471
-0.80581009
-1.1340296
-1.0922587
-1.0157656
-1.1538263
-1.1552048
-1.4320933
-1.1476536
-1.0124926
-1.3207587
-1.2032803
-0.91947099
-1.0600564
0.68312402
-0.96123922
-1.0093313
-0.75346797
-0.63078181
-1.0151254
-1.1894947
-1.1385142
-0.68096591
-0.99706082
-1.1789325
-1.1444143
0.38686219
-1.0063856
-0.84523638
-0.97990637
-1.2371034
-1.3226974
-1.388385
-0.13027619
-1.3120228
-1.1629919
-1.5915981
-1.0581566
-1.3147689
-1.5642414
-1.1585862
-1.1408166
-1.0709658
-1.3694766
-1.1287773
0.059788417
-1.0213849
-1.1004966
-1.2240711
-1.143623
0.35691497
-1.2205197
-1.2063343
-1.0041125
-1.076487
-0.43002182
-0.22427553
-0.96867633
-1.1280544
-0.97940519
-1.0234053
-1.2050476
-0.90000729
-1.0236146
-0.49192788
-1.0969941
-1.045149
-0.66636472
-0.64316761
-0.8570682
-0.99694995
-0.7918845
-1.4875121
-0.13121462
-1.3625014
-1.0806825
-1.1394942
-1.1741048
-1.510538
-0.60561916
-1.1638535
-0.076283174
-1.2280014
-0.83694333
-1.1056959
-1.0692233
-0.28734137
0.72829192
-1.0211868
-0.98788507
-0.96503012
-1.1910009
-0.77847905
-0.9721656
0.72523643
-0.69148712
-0.97640407
-0.94156685
1.3785937
-0.55412936
0.51569566
-0.74034395
0.47616562
-0.70844614
-1.0225768
-0.81803718
-1.0603625
-1.009836
-1.1469325
-1.2226137
-1.4096805
-1.280166
-0.99868134
-0.83068842
-0.96216173
-0.30860428
-0.88643052
0.023397726
0.81980675
-0.037777341
-1.1957964
-0.96583513
-1.0532148
-0.88094259
1.7183178
-1.0225236
0.79406082
-1.1616114
-1.5229621
0.72170566
0.13171106
-0.18664043
-0.88291502
-1.0317988
-0.91271317
0.096796159
-0.97511775
0.28558668
-0.65993754
-1.0986924
-1.2300817
-1.1569214
-1.4107597
-1.2327732
-1.2099631
-0.86325161
-1.5107639
-1.2743433
-0.45934513
-1.1553995
-0.83712776
-1.0913798
0.12713926
-0.97102449
-0.74989195
-1.4315009
-0.94688655
-1.0591446
0.48757467
0.97672879
-0.091147336
-0.96376598
-1.1344498
-1.1129677
-0.83247595
-1.4256425
-1.0821467
-0.84230363
0.065790337
-0.96895272
-0.34385089
-1.2269039
0.45936829
-0.96214166
-0.98049884
-1.0023959
-0.5225644
-1.0083269
-1.1030371
-0.38574753
-1.0486448
-0.94189371
-1.3749668
-0.97860639
-0.48119646
-0.60392938
-1.1416677
-0.94078566
-0.26721873
-0.96214166
0.29089019
-0.51919942
-1.3415872
-0.20995416
-1.0078521
-1.0043702
-0.9897127
-1.031228
-0.94085466
-0.96084719
-1.0105986
-0.96757988
-0.55627287
-0.85037467
-0.54925446
-0.6748418
-0.83168972
-1.1294283
-0.99616141
-0.96320166
-1.0631454
-0.98100472
-0.95393759
-1.1477327
-1.0306539
-1.0314528
-0.86271154
-0.20059691
-1.1200815
-0.70439955
-1.0589099
-0.63365641
-1.0631454
-0.29907486
-0.89445227
-1.0658385
-1.0225786
-0.93076891
-1.3560581
-1.1817278
1.3688332
0.14038758
-1.0806107
-0.5365295
-0.92069244
-1.2736613
-1.0210834
-0.96503012
-1.1541242
-1.3970135
-1.1115458
-1.2642471
-0.86160234
-0.99501199
-1.2232603
-1.003803
-1.3077444
-0.87323708
-0.23102725
-0.21206062
-0.20395135
-0.879773
-1.0016871
-1.3054194
-0.8594094
-1.0432557
-0.91111431
-1.0631454
-0.99682044
-0.9255885
-0.96523588
-0.99982341
-0.97110581
-0.86428556
-1.1133548
-0.47932291
-1.0252759
-0.95306921
-0.88492343
-1.0243944
-1.0435448
-0.036285573
-1.1339692
-1.0688424
-0.84041898
-1.0258161
-1.2191109
-1.5428612
-1.1466069
-1.009093
-1.0752351
-1.0486673
-0.33585944
0.66823252
-0.94347531
-0.81281103
-0.60833666
1.6508556
-0.8549623
0.30659098
-0.78337144
-1.0992588
-0.26060925
-0.99938764
-1.2268796
-1.4201316
-0.90891067
-1.3074909
-1.1174379
-1.1984396
-1.2064147
-1.019034
-0.98769091
-1.1834724
-0.23022477
1.1078946
-0.35650151
0.26987913
-0.93320663
1.8185441
-1.2489203
0.80077681
-0.96503012
-0.54953175
-0.8793008
-0.98908295
-1.138689
1.1238685
-1.0015426
2.2415627
-0.73119617
-0.49160936
-0.95409678
0.46552155
-0.87021641
1.5536531
-1.0227347
-1.14561
-0.99158089
-0.24974406
-0.46289487
-1.0102773
2.1677483
-0.93994022
1.8690169
-0.96503012
-0.38188699
-0.21884167
-0.75035765
-0.93559191
-0.994696
-0.87749167
-1.036338
0.98460166
-0.96394749
-1.0092852
0.33528508
-0.16261274
1.4289101
-1.0045277
-0.16314795
-1.072504
0.10326642
-0.99563879
-0.98728831
-0.95609724
-1.0148376
-1.4329009
-1.0253808
-1.0834194
-1.1823639
-1.1419183
-1.1014991
-0.86509096
-0.75203832
-0.96503012
0.032634257
-1.042623
1.4686211
-0.88225293
1.4235889
-0.74199462
0.71909338
-0.78254557
-0.91849482
-0.91605477
-0.51106696
-1.0802883
-1.4277525
-0.34996479
-0.99420888
-1.0013658
-0.94275665
-0.010837952
-0.91955573
-0.42760362
-0.51576159
-0.20926955
1.4114893
-0.88632722
-0.5780279
-1.027194
-1.023385
-1.3164992
-1.1423361
-0.83245569
-0.25079586
-1.0255109
-1.5175626
-1.0325632
-1.0351767
0.21531473
-0.86900882
-0.97716924
-1.2676332
-1.1020007
-0.8616228
-1.1383752
-1.5433108
-1.3273254
-1.2978868
-1.6313368
-1.2345469
-1.4492426
-1.1692079
-1.2640108
-1.5595717
-1.1371388
-1.3515212
-1.1995076
-1.1904965
-1.2122049
-1.1183986
-1.1571547
-1.3374297
-1.2881027
-1.3148073
-1.7303696
-1.1061755
-1.1066782
-1.6221337
-1.2450648
-1.1713834
-1.1009403
-1.1674568
-0.74772438
-0.4844375
-0.62367852
0.50182205
-0.85739346
1.8486538
-0.19168632
-0.47691989
-0.75057933
-0.59822123
-1.0975725
-1.1012342
-0.87058413
-1.0217334
-0.0053343221
-0.31341288
-0.45189688
0.30347582
-0.69941504
1.8971306
-0.646213
1.2691217
-0.97794151
-0.98838364
-0.74537557
-0.83055668
-0.26515086
0.54009725
-1.1009877
-0.60411767
-1.0984301
-1.0881489
-0.93768432
-0.49949577
-1.0729393
-0.47207179
1.1589283
0.54455147
1.4462914
-0.12811864
0.19056208
-0.22842365
-0.67666444
0.13242279
0.60194506
-0.84005773
-1.056576
-0.49916297
-0.49531008
0.64176699
-0.11783722
-0.40841937
-0.38310971
1.5306293
0.38292116
-0.040430661
-0.59797964
-0.96216732
-0.75508727
-1.4106917
-1.2354953
-1.0645318
-1.0696835
-1.0304671
-1.0494249
-0.98133274
-0.98729729
-0.73533527
0.88892602
-0.50929345
0.48563533
-0.72311886
0.014882018
0.12357594
-0.54503858
-0.99223511
-1.0957883
-0.92575155
-1.2531669
-0.71370027
-1.8602949
-1.3192097
-1.4285682
-1.2548685
-1.3703729
-1.4088486
-1.3950845
-1.3556271
-1.3229711
-1.3297987
-1.1318969
-1.4368052
-0.51870275
-1.1405046
-0.74897178
0.0037694378
0.28567519
-0.34687379
-0.48750746
-0.69110544
-0.96980746
-0.71039438
-1.1919063
-0.52362456
-1.1891003
-0.96886261
-0.31712906
-0.52464367
0.17099569
-0.98789604
-0.36949247
-1.0223451
-0.098856625
-0.91400643
-0.90424165
-0.8869911
-0.74609775
-1.1201542
-1.0193675
-1.104928
-1.0308448
-1.3427081
-0.33816008
1.296551
-0.87986584
-0.14395073
-0.092569822
-0.63818435
-0.37410751
0.044609464
-1.0363216
-1.2099819
-1.1704977
-1.2879213
-1.2089451
-1.0359773
-1.1869065
-0.94405571
-1.2057181
-0.97134643
-0.96581516
-0.73020423
-1.1945161
1.1999726
-0.73342665
1.4137327
-0.39024256
1.4937098
-0.7840673
-0.23449289
-1.0814394
1.0046045
0.16047352
-0.61925765
0.59776462
-0.17714123
1.6652893
-0.12219414
-0.093287509
-0.32107632
1.2073067
-0.99544949
-1.1822437
-0.98635644
0.12801249
-0.88458834
-0.61967509
1.4457602
-0.59441192
1.2315662
-0.63688591
0.6994703
-0.90278071
-0.95306631
-0.072328298
-0.71397872
-0.9742038
1.6131168
0.79865241
-1.1053895
-0.90663003
-0.95185906
-1.0376087
-0.97126175
-1.3394743
-0.13918594
-0.98208059
-1.0172638
-1.4737968
-0.34057655
-0.97739289
-1.0575188
-0.75291832
-0.89732017
-1.1156249
-1.1209816
-1.0413783
-1.0364927
-0.94643626
-1.1154247
-0.84494322
-1.2612367
-0.95153581
-0.77160077
-1.2845691
-0.49073702
-0.59812174
-0.60365842
-0.88437748
-1.0723209
-0.81411946
-0.96432711
-0.62274821
-0.76539447
-0.97989231
-0.71141647
-0.70737996
-0.96456351
-1.0738988
-0.65439363
-1.2713423
-1.376864
-0.89241928
-0.535728
0.35545045
0.20230027
-1.364025
0.63697284
-0.62833899
-0.72126132
-0.94867516
-0.81557033
-1.1269193
-0.32884173
-1.289879
-1.0008394
-0.91089785
-0.95142216
-0.75327146
-1.3250555
-1.3682124
-1.1006599
-1.0125632
-0.70405441
-0.92901355
-0.75336107
-1.1153048
-0.78397574
-1.1636483
-1.0503627
-0.97836551
-0.91668296
-1.2107375
-0.91764267
-0.99630343
-0.53929686
-1.0119673
-0.98950556
-1.1508743
-0.62879962
-1.6935301
-1.0844723
-0.12063393
-1.0628298
-0.93464547
-1.0854175
-0.77716078
-1.0062757
-0.91540971
-0.95581832
-0.48217916
-0.8800366
0.48654662
-1.2153016
-0.39542896
-1.0820433
-0.10141427
-0.87005918
-0.37015413
-1.0690583
-1.1503225
-0.80911544
-1.1664579
-0.88771661
-0.99295165
-1.3742028
-0.90747151
-1.0664481
-0.84881483
-0.92177041
-0.43386369
-0.78349577
-1.2111567
-1.0313006
-0.98537189
-1.1409677
-1.3421395
-1.3885526
0.10294144
-1.5404771
-1.2888295
-0.90530995
-0.9203153
-1.1519797
-0.27423701
-1.0841128
0.23846438
-0.34577993
0.2149972
-1.0272525
-0.47063168
-1.1033365
-1.1242022
-1.1397121
-0.81337914
-0.85783041
-1.2061551
-0.26948401
-1.1559813
-0.89578509
0.052147276
0.90948114
-0.94116152
-1.1501376
-1.0201075
-1.2517297
-1.0362321
-0.75977762
-0.56487111
-1.073635
-1.0077828
1.6163598
-0.99499759
0.69557332
-1.1848648
-1.3057763
-1.2151165
-1.1100466
-1.3108254
-1.144574
-1.1146809
-1.0789422
-1.2595266
-1.7508524
0.14243097
-1.2296031
-0.90291313
-0.31721519
-1.0087309
0.23561765
-1.2517449
-1.0734638
-0.90448099
-1.2937941
-0.94701913
-0.92352987
-0.71122489
-0.65449802
-1.2737311
-1.6849027
-1.4647531
-1.3231019
-1.4797216
-1.2559435
-0.57281739
-1.4952804
-2.1302736
-1.2859706
-1.7652883
-1.6246112
-1.0468938
-1.5588048
-1.2658802
-0.76228678
-1.002182
-1.3569047
-1.3148513
-1.6260336
-1.322312
-1.2996106
-1.096312
-1.4282087
-1.000747
-1.0870806
-1.325786
-1.2264912
0.12690049
-0.53918822
-1.0468422
-0.089885688
-0.89998836
-0.95360139
-0.35517416
0.21132605
-0.91796715
0.60228124
-1.0930633
-0.87203387
-1.0907071
-0.98187831
-1.1892899
-0.88328167
-1.087913
-1.14441
-1.1510072
-0.98644498
-1.1468047
-1.1441928
-0.74683916
-0.80764894
-0.84398011
-0.13322302
-0.50686427
-0.13436276
-0.88139784
-1.0775248
0.70519793
-0.19006735
-0.93715216
0.20320144
-1.1638698
0.21389041
-0.81423691
-1.0173529
-0.28946764
0.025312588
0.53421969
-0.064258575
-0.70485577
-1.0170114
-1.0094457
-1.3202038
-1.1260088
-1.4400128
-1.0537192
-1.1504342
-1.2845539
-1.2182204
-1.2965074
-1.1575212
-1.2792291
-1.2604285
-1.2238936
-1.0857985
-1.0795423
-1.2101106
-1.2617801
-1.3829204
-1.2571341
-0.98611059
0.57850468
0.0083327342
1.3001651
-1.1260191
0.5466752
-0.65668541
-0.89569785
-1.0484776
0.73357506
-0.95894624
-0.6975102
-1.0570424
-0.81982159
-0.83811536
-0.052158217
-1.2248322
-0.74615765
-1.0828283
-0.068275004
-1.6111482
-0.81244804
-0.792602
-0.94574688
-0.28903619
-0.15624704
-0.99377058
0.95063824
-1.2391808
0.51590461
-1.1182638
-0.11035016
-1.1429083
1.05
-1.0734423
0.57991609
-1.1193622
-1.1194977
-1.2092909
-1.1570727
-1.273058
-1.2095448
-1.0947662
-1.4066469
-1.1693647
-1.1375453
-1.0407867
-0.91075247
0.22839693
-0.47880936
0.2295232
-1.0580115
-0.2373271
-0.58734449
-0.78597334
-1.0264474
1.0521034
-1.0156591
-0.50561495
-0.85639275
-0.65347472
-1.2686386
-0.71587606
-0.33107289
0.78026222
-0.738806
0.24477767
-1.0405962
0.53464209
-0.42945647
-0.37583693
-0.91094978
-0.29807515
-1.0213893
-1.2041007
-1.3057409
-1.3459594
-1.6834429
-1.6355189
-1.0939343
-1.3790407
-1.4710076
-1.0864994
-1.2671769
-1.1717468
-0.74805882
-1.1885593
-1.3192978
-0.61974727
-0.61195858
0.74649431
-0.90507789
-0.74566414
-0.82820424
1.227867
0.18533822
0.25404335
-0.99359692
-0.81023489
-1.4555598
-0.83531803
-0.36387061
-0.49799902
-1.2235193
-0.87322469
-1.1996136
-0.090504544
-0.76455262
0.67112428
-0.83900455
-1.240869
-0.97448754
0.74343767
-0.858757
-0.060954158
-1.0674181
-0.091168334
-1.3977953
-1.0561331
-1.096768
-1.002769
-1.1275107
-1.2023049
-1.0875314
-1.1331178
-1.3235887
-1.2993297
-0.93640886
-1.1363851
-1.1577713
-1.3243253
-1.09055
-1.1694787
-1.0453439
-1.2133808
-0.87184336
-1.188517
-0.8999233
-0.91078135
0.37284808
-1.1192242
-0.92999812
-1.1219053
-1.2424201
-0.43499099
-0.82977356
-0.30206124
1.0360314
-1.0885113
-0.47351713
-0.97295497
0.13157802
-0.23188043
-0.54380012
-0.63672916
-0.7512646
-0.64760958
0.014468552
-0.41671187
-0.9065821
0.97783617
-0.26448935
-1.0082936
-1.0044226
-0.43368567
1.0772075
-1.3726505
0.50129328
-1.1418353
-1.0955963
-1.2431398
-1.4481618
-1.0438002
-1.5443399
-1.0503102
-0.96395371
-1.4722456
-1.0573813
-1.6449508
-1.3226674
-1.5518514
-1.1758775
-0.76149969
-1.1013912
-0.97319661
-1.1319436
-0.83857302
0.61520757
-0.47179966
0.71759295
0.69954019
0.89574669
-1.2537916
-0.34575086
-1.0709655
1.5324363
-0.75129054
-1.353084
-1.4018695
-0.90267958
-0.84694985
-0.36529799
-1.2401109
-1.0154498
-0.26687237
-1.2193296
-0.3249017
-1.5148856
-1.7653575
-1.3715604
-1.2604563
-1.1031397
-1.6997213
-1.5005876
-1.2123067
-1.4819574
-1.287584
-1.4326864
-1.4609598
-0.78361909
-1.2636311
-1.4147395
-0.94880762
-1.1305626
-0.87254245
-0.5221672
-1.177554
-1.1815113
-1.0518184
-1.2253651
-0.54706526
-0.16533356
-1.2425321
-0.88486254
-1.4189623
-0.97963679
-0.84968564
-1.0738002
-1.2365907
-1.1275645
-0.53246795
-0.23786968
-0.46857426
-1.0358643
-1.0201461
-0.98464338
-0.91003729
-0.82088158
-0.0077059389
-1.2620786
-0.064577536
-1.040373
0.37623184
-0.85000354
-0.36956361
-1.1077313
-1.005857
0.0015303019
-1.1423673
-1.1667505
-0.99434875
-1.7220272
-1.1686565
-1.0660851
-0.2744203
-1.0781499
-0.99852519
-1.4186594
-1.0675732
-0.98261661
-1.0654549
-1.0005381
-1.1733137
-1.1425063
-1.1574668
0.63196091
-0.97206113
-0.22308449
-1.1816801
-0.83329972
-0.93273111
-0.87475543
-0.90016178
-1.1957588
-1.4321146
-1.0694356
-1.1404455
-0.94194879
-1.164205
-0.82180343
-1.1084986
-0.87166316
-0.62970633
-0.74149339
-0.60221445
-0.53986015
-0.88321341
-0.6962199
-1.0189896
-1.1611249
-1.1964376
-1.3690613
-1.5982339
-1.4145274
-1.0916213
-0.90599276
-0.64843102
-0.58455499
-1.0025951
-1.1062811
-1.1979617
-1.0749574
-1.1374257
-1.0006082
-0.76956553
-0.92662706
0.98317333
-0.77531396
-0.082831224
-0.89297233
-0.39811615
-0.69465731
-1.2730633
-0.74530919
-1.2759818
-1.0547173
-1.322674
0.78095294
-0.94666664
1.8445211
-0.99616268
-0.21776354
-0.91363201
-0.21459711
-0.82618013
1.0056742
-1.0519469
-1.22421
-1.2592374
-1.1167279
-1.1414554
-0.83503257
-1.2812337
-1.0851277
-1.0097074
-1.2103473
-0.96727777
1.2109282
-1.2624735
0.78281666
-1.2078671
-0.99020936
0.086184572
-0.64253553
0.90813651
-0.99170661
1.6051514
-1.1238147
0.67228917
-0.93345334
-1.3237231
0.19236958
-0.73578643
0.75437226
-0.84219601
1.3255108
-0.45354042
-0.66031255
-0.71951984
-1.0877884
-0.83779935
-0.36369211
-1.2686707
-0.99335849
-0.86139822
0.72316915
-0.99174313
-1.0587058
-0.95668794
-1.470623
-1.5977261
-1.2666174
0.19254413
-0.47008368
-1.2109345
-0.79350177
-0.82693634
-1.2927159
-1.2264393
-0.41870587
-0.88672961
-0.052049949
0.13321116
-0.64379179
-0.27027027
-0.74466707
-0.87482452
-1.130499
-1.1199161
-0.95745993
-1.3665845
-1.2260038
-1.4140288
-1.4513097
-0.91695898
-1.0227402
0.3672061
-1.4362152
-1.1008594
-0.24939612
-1.3803045
-0.8772335
-1.0101672
0.78781656
-0.97276667
1.3707543
-0.76178732
0.33777331
-1.1149303
0.053614014
-1.0860398
-0.70865523
-1.3983254
-1.091914
-1.0355421
-0.93248884
-1.0743688
-1.4105039
-1.869442
-0.93469667
-1.0839494
-0.79275171
-0.35775381
-0.069307574
-0.57301132
-0.026830947
-0.7143025
-0.96104633
0.17185091
-1.0752406
0.61207616
-0.58248736
-0.74080624
-0.77497097
-0.99365534
-1.1724948
0.61524665
-0.7337826
0.51930062
-0.36904658
1.2659787
-0.4456075
-0.88146021
-0.69377977
-1.103762
-0.65297825
-0.2339183
-1.1931181
-1.1779952
-1.1257025
-1.2978162
-0.90257382
-1.1359721
-1.0965619
-1.2827219
-0.97925826
-1.1660164
-1.2418203
-0.32923915
0.11232954
-0.9369226
-0.97710022
-0.33324373
-0.56037501
-1.7363662
-1.0981698
-1.2575668
-1.2583638
-1.0962178
-1.0870503
-1.4407524
-1.2540015
-1.0965639
-1.1782569
-1.1505713
-0.96911767
-1.1506144
-1.1108919
-0.99567507
-0.59073232
-0.82338774
0.53998396
-0.11588188
1.1346039
-0.9461123
0.79427665
-0.24060783
1.2874623
-0.91587901
0.20184036
-1.0549285
-1.1083444
-1.2846107
-1.0379479
-1.1599741
0.070797511
-1.0659185
1.6140488
0.050392823
0.59151318
0.70789793
1.115881
-0.84656111
0.35335366
1.3220551
-0.45483202
-0.94932479
-1.0189065
-1.0212292
-1.5573397
-1.5564302
-0.92764478
-0.50804301
-1.111329
-0.91534885
-1.0359153
-1.0047455
-0.33702494
-0.98963849
-0.97847195
0.35347946
-0.98555466
0.35617263
-1.1052752
-0.22510722
-1.2901337
-1.6526927
-1.0232909
-1.1517541
-1.6183908
-1.198029
-1.0278464
-1.1465907
-0.97966406
-1.0998421
1.0549586
-0.87108091
1.3534746
-0.98550981
1.2504109
-1.4125622
-0.93354894
-0.26860625
-0.93975829
-1.5146085
-1.1164785
-0.89723552
-1.1014817
-0.80138308
-1.175524
-1.0217951
-0.76679129
0.49023838
-0.44269923
-0.71228701
-1.0550607
-0.73050334
-1.1229666
-0.6662484
-1.0205492
-0.92530534
-0.93582825
-0.57263845
-0.78157626
-0.41713803
-0.78745597
-1.1009002
-0.68949905
-0.91156339
-1.3645215
-0.28439215
-0.82916401
-0.74713972
-0.97081512
-1.1377904
-1.0644703
-1.2164038
-1.1123055
-0.99948443
-1.133462
-0.82867763
-1.3784579
0.48206689
-1.1314203
1.3693443
-1.1390829
0.41906241
-0.11544218
-0.56779639
-1.0512841
-1.3441505
-0.9460276
-1.4160798
-0.95395535
0.76094316
-0.78974254
0.780117
-1.1525349
-0.86601541
-1.0765877
-0.60689724
-0.19551609
-0.90791998
-0.91575786
-1.2475041
-0.92914731
-0.96797753
-1.0749106
-1.1307324
-1.0930709
-1.4752824
-0.9719182
-1.1009768
-1.2616151
-1.5624147
-1.4951264
-1.1382055
-1.1978286
-1.0625208
-1.0814622
-1.6121593
-0.8422846
-0.45708985
0.62052972
-0.80712113
0.061250684
-0.83914917
1.054623
-0.48436115
0.16811303
-0.98419175
0.19503701
-1.0466089
-1.0534922
-1.1952749
0.43783732
-1.0670929
0.077013905
-0.73744177
-0.89270128
-0.46706481
0.76827845
-0.89225128
0.66642314
-1.1332578
-1.031543
-1.4100285
-1.1960058
-1.0733206
-1.2288813
-1.0725424
-1.028281
-1.2136219
-0.98309199
-0.37740682
-0.2620455
1.0655768
-0.47982941
0.98809608
-0.54514766
0.87205413
-0.80228135
0.56866564
-0.82389445
-1.0918151
-1.0491577
-0.82680947
-1.1683847
-0.88711198
-1.1066971
-1.2805346
-0.68984817
-0.89454474
0.26688397
-0.54285124
-1.0173368
-0.21559286
-1.0681365
-1.215499
-1.3442952
-1.0595501
-1.2840987
-1.2550722
-1.513397
-1.1130629
-1.3894894
-1.5369465
-1.2736769
-1.1537879
-1.3174042
-1.3523473
-1.6173589
-1.2175089
-1.1628125
-1.3103947
-1.0952973
-1.1458761
-1.0710703
-1.2471789
-1.6921334
-1.4941431
-0.87655739
-1.1215459
-1.0959103
-1.2229338
-0.77128341
-1.3348825
-0.9170809
-0.27349158
-1.1147331
-1.1449981
-1.3114426
-1.0681531
-1.0629297
-1.1002686
-0.98697942
-1.1041988
-1.0704037
-0.77076449
-0.7103051
-0.92817677
-0.50683606
-1.084251
-0.88676247
-0.84243135
-0.75296319
0.15498429
-1.5336509
-0.85623301
0.76486113
-0.82892531
-0.51814276
-1.2673851
-1.1828645
-1.2674843
-1.1401726
-1.0212373
-1.1990225
-1.6037022
-1.8729588
-1.1522147
-1.1779629
-1.7487403
-1.176205
-1.0763862
-1.3675271
-0.94640896
-1.0821325
-1.0451322
-1.1038183
-1.1135725
-0.93193375
-1.0188305
0.28485947
-1.1742752
-1.0595408
-0.80125773
-0.027086162
-0.87992881
-0.035986453
-0.97360205
-0.34958807
-1.2179155
-0.51817619
0.5832049
-1.0418594
-1.2588635
-0.61106266
-0.19710805
-0.97196249
-0.97077652
-1.2419252
-0.68313075
-1.1983769
-0.65663015
0.43621678
1.584985
0.12615922
-0.81352033
-1.0199908
-0.44755752
-0.34029373
-0.73544828
-0.31337708
-0.15548794
-0.99437027
-0.4618571
-0.13762215
-1.4108377
-1.2469996
-1.2932657
-0.95560427
-1.1175396
-0.59766295
-1.006945
-1.1554518
-0.86499256
-0.94801788
-0.88392408
-1.0293098
-0.19229867
-0.82355603
-1.0532813
-0.68710158
0.050001145
0.18389171
1.312019
-1.2148033
1.116995
-1.1008198
-0.92810642
-1.0270706
-0.91686798
-1.1277533
-0.70830294
-1.2464395
-1.1467489
0.38717035
-1.2328126
-0.91003632
-0.8409849
-0.57523055
-0.43669303
-0.76497555
0.98558639
-0.021757458
1.1143193
-0.77886556
-0.43423006
-0.25503355
-0.93040163
-1.0283134
-0.83001377
-1.0742063
-1.1457696
-1.1099152
-1.149288
-1.3395952
-0.94560476
-0.9512132
-0.69725689
0.29614716
-1.0677968
0.11010102
1.2519205
-0.6532938
2.2708743
-0.63097878
-0.069935288
0.068573945
0.44086965
-1.0535087
-1.0206617
-1.2160122
-1.1067183
0.49066732
-0.91938594
1.4521144
-0.66972468
0.49945092
-0.95859074
-0.15963136
1.1777434
0.75234154
-0.59389524
-0.34473734
-1.4122062
-1.0584578
-1.126766
-1.1030557
-1.0193321
-1.0234435
-1.0873686
-0.97952408
-1.3168793
-1.1669611
-0.97521527
-0.43617781
-0.79705552
-0.82383295
-0.42645321
1.2011219
-1.0172025
1.3433999
-0.78002546
2.5492893
-0.88977406
1.5445513
-1.3467146
-1.4530792
-1.0039222
-1.156481
-0.82231699
-1.1191889
1.4053081
-0.63200224
0.057037453
-0.75314557
0.58426637
-1.033132
-0.84667759
-1.0424449
-0.56951792
-1.0067836
-1.0070855
-1.0732461
-0.47285822
-0.22929618
-0.16124179
1.7724996
-0.92847693
0.97820092
-0.81601866
1.029331
-0.99685114
0.80104389
-0.98957247
-1.1650443
-1.0921362
-1.1285324
-1.171124
-1.2356882
-0.29909235
0.018891043
0.045533587
1.2054671
-0.63106991
1.5018284
-0.3705884
-0.60982857
-0.96433976
0.91773177
-0.57060779
-1.0163256
-0.957172
-1.1965851
-1.4847352
-0.96224993
0.49086517
-1.0586134
-0.41983945
-0.86722225
-1.0076674
-0.63789714
-0.54967396
0.045220823
-0.65362805
0.3951355
-0.87562566
-0.21503991
-1.3422382
-1.0518471
-0.75182075
-1.0135925
-0.12406618
-1.1471439
-1.3650807
-0.52507736
-0.71744791
-0.88225555
-1.1090141
-0.99090139
-0.99082194
-1.1593869
-1.2000193
-1.1931037
-1.6282608
-1.0287295
-1.2287058
-1.1919199
-1.6897052
-1.2608469
-1.2423668
-0.91985498
-1.0340682
0.0098376642
-0.15560126
-1.0345909
-1.0412849
-1.0727739
-1.2018022
-1.2935632
-1.2495541
-0.67346739
-1.4447641
-0.93399624
-1.213464
-0.56099574
-1.497898
-0.85884175
-1.1838535
-0.80015843
-1.3156499
-0.71179989
-1.2553345
-0.78613775
-1.2360295
-0.98691751
-0.92585597
-0.64621333
-1.6166963
-1.125625
-1.0947897
-0.99785994
-1.7888361
-1.1770965
-0.78323377
-0.89064749
-1.1077935
-1.0740403
-0.84669184
-1.2362681
-1.4386445
-1.0510928
-1.550436
-1.762142
-0.98438602
-1.1337057
-1.0088614
-1.0846515
-1.4596732
-1.2716719
-1.5804929
-1.1072658
-1.5230955
-1.1831261
-1.13751
-1.0469796
-1.6625096
-0.94703484
-1.437745
-1.1323079
-1.2481457
-0.66501434
-2.1849691
-1.1524162
-1.4829748
-1.2697718
-1.3281116
-1.2901578
-1.1526298
-1.034184
-1.2128144
-1.2033608
-1.0567783
-1.3572125
-1.1383216
-1.2897134
-1.1764277
-1.1490949
-1.2283169
-1.1146944
-1.1752707
-1.4437537
-1.3517801
-1.1981207
-1.3773638
-1.1185738
-1.1321528
-1.1746692
-1.2467103
-0.74175918
-1.1204335
-1.1805184
-1.1289056
-0.33994992
-0.9801573
-1.1232974
-1.2675191
-0.86632666
-0.97756757
-1.1045724
-0.79875405
-1.6207208
-1.2934438
-1.0945526
-1.5501635
-1.5860526
-0.55276972
-0.96834209
-1.0857748
-1.0183521
-0.79078798
-0.84359176
0.19857339
1.3889222
-1.2522487
-0.70189392
-0.55288735
1.9431081
-0.98478925
-0.86602228
-1.0356086
0.25867719
-0.44267218
-1.052283
-0.60832384
-0.11406856
0.035817033
-1.1112401
-0.16665896
-1.1803755
-0.92637063
-0.89875471
-0.012433182
-0.36638846
-0.97812096
-1.0467257
-0.57418682
0.037119863
-0.6834366
0.062914274
-1.1740066
-0.44037263
-1.0389878
-1.0816133
-1.0348482
-0.79483962
-1.1458611
-0.092651321
-1.1757462
-1.2945728
-1.4394265
-0.7713597
1.9252309
-0.91998751
1.39178
-0.97099443
-0.77921235
-1.0770686
1.081185
0.91435647
-1.0266386
-0.80145076
-0.90827755
-1.1408227
-1.0739634
-0.68297988
0.73862976
-0.12874362
-0.79216069
-0.87098361
0.82428442
-0.3551687
2.1610938
-0.40305454
-0.72893479
-1.1009459
-1.0594793
-1.0822157
-0.66710245
-1.1139395
-0.86067497
0.81154527
-1.0029467
0.85421505
-0.79781417
1.6726291
-0.705084
0.34095548
-0.95472885
0.80841495
-1.6187057
-1.3054839
-1.1159473
-1.1632341
0.59865327
-1.6109882
0.94673765
-0.91577361
1.6884747
-1.1739781
-0.94553773
-0.57261721
1.2782028
-1.0006815
-0.80609371
-1.1949141
0.5165791
-1.1816448
-1.2349384
-0.99090887
-1.0084666
-1.1262424
-1.0250329
1.1471109
-0.49876694
1.0872382
-0.96046805
0.33680234
-0.77732306
0.89980685
0.33404249
-0.21823128
-1.118399
-0.86203791
0.13232183
-0.8539068
-1.0006378
-0.34118189
0.12433953
-0.98409303
-0.30888849
0.88484173
0.20280987
-0.63014806
-1.0132777
-0.9020552
-1.1264418
0.60734784
-0.52250235
-1.0544125
-0.97676369
-1.104986
-1.0799111
-1.253482
-1.2011099
-0.97544086
-0.2114775
-0.91367138
-0.75550104
-0.82214979
-1.0284171
-1.1904239
-1.068228
-0.4012654
-0.80442725
-0.96066362
-0.47432586
-0.80730154
1.0618196
-0.92118556
1.1183394
0.81126341
-1.4177386
-1.0438922
-1.1142898
0.15907157
-1.2070084
-0.90392732
0.88408305
-1.1315678
1.6581907
-0.84894395
-0.086792363
-1.0572156
1.7157503
-0.49793969
-0.93666012
0.33430343
-0.72328648
-0.070785039
-0.73991844
-1.0648591
-0.85212259
-0.71620966
-0.43298904
-1.0271265
-1.1420154
-1.0527978
-1.1650571
-0.96800612
-0.75300419
-0.23260093
-1.1080139
-0.88218498
-0.91061357
-0.86219721
-0.90521154
1.1664735
-0.49043834
1.0789622
-0.57468148
-0.60840264
-0.97666906
0.50192806
-0.99794743
-1.0179323
0.84727308
-1.1194592
-0.78636659
0.50752521
-0.72694382
0.21782979
-0.52645152
-0.16543193
-0.96159779
-0.014712733
-0.71527477
-0.86840008
-1.3788746
-1.016303
-1.1586356
-1.1497563
-1.0046955
-1.2082167
-0.98903327
-1.0294092
-0.79631836
1.6083827
-0.95449678
-0.2449442
-1.0099704
0.082743293
-1.0263414
0.28705689
-1.0456031
-1.0781599
-1.217072
-0.88806714
-1.2946505
0.21119291
-1.1559394
-0.89129203
-0.00015571159
-0.36563406
-0.88840423
-0.98805145
-1.1326979
-1.0477478
-1.5584638
-1.086576
-1.285471
-0.99981189
-1.1047254
-1.0239902
-1.9876956
-0.95250427
-1.4125338
-0.89205952
-0.6662231
-0.79635666
-1.0230495
-1.6411908
-1.8269846
-0.87327554
-0.99980187
-1.1342856
-1.0572023
-1.0199798
-0.48123976
-1.6497437
-0.78611576
-1.1121008
-0.2299295
-1.0477643
-1.1706671
-1.2618763
-1.0877884
-1.0237311
-1.160212
-1.2051169
-0.64751433
-1.1918156
-1.1460888
-1.2013133
-1.1985215
-1.0864195
-1.2667505
-0.38924793
-1.2157004
-0.47863219
-1.0093692
-1.2566965
-1.4763311
-0.49675782
-1.3747053
-1.2191444
-1.0800095
-1.4855321
-1.2528214
-1.4517109
-1.3635524
-0.79561091
-0.81922099
-1.3587174
-1.2286894
-1.0469797
-1.3383881
-1.4084892
-1.2086039
-1.061291
-0.62435621
-1.0777944
-1.1312398
-1.2124114
-1.0077788
-1.1088344
-1.1462361
-1.2833438
-1.4021004
-1.3507174
-1.4450825
-1.3769414
-1.5680678
-1.1088139
-0.79633165
-1.1038013
-1.0465131
-1.3659162
-1.3511809
-1.3173392
-1.2410297
-1.1847668
-0.65377081
-1.0538276
-0.88992879
-1.1364557
-1.1512594
-0.83777903
-1.1751052
-0.28545784
-1.1785134
-1.1836521
-1.1512515
-1.2539955
-1.2823545
-1.2883333
-1.2618948
-1.391757
-1.3395729
-1.420677
-1.2387856
-1.2087593
-1.4450439
-1.2343151
-1.237702
-0.74437671
-1.3695602
1.2213938
-1.1574417
-1.348411
-0.96681011
-0.56562632
-1.0823686
-1.4898983
-1.2822565
-0.83222691
-1.1081719
-0.89932419
-1.6498427
-0.91790553
-0.77958168
-1.3424312
-1.1744741
-1.2934391
-1.1300734
-1.0562535
-1.4436472
-1.0157411
-1.1324025
-1.0013787
-1.7170341
-1.3879636
-1.2338272
-1.1025264
-1.1445802
-1.2688059
-1.2435186
-1.6126935
-1.3283186
-1.0877884
-1.3310571
-1.2185508
-1.2185508
-1.1313952
-0.99991431
-1.0574908
-1.3912995
-1.1839075
-1.0877884
-1.0117906
-1.4221683
-1.1000061
-1.3168136
-1.2323899
-1.1902386
-1.3760394
-0.72041061
-0.95056857
-0.011022677
-1.1179877
-1.400695
-0.95117777
-1.2336235
-1.1428042
-1.0342856
-1.3332469
-1.0778401
-1.2592726
-1.1851482
-1.3055272
-1.3048018
-1.0753638
-1.2144909
-1.503909
-1.2305693
-0.54616151
-1.3755829
-0.93514435
-1.2671967
-1.5074688
-1.8165646
-1.013613
-0.83622316
-1.3307016
-1.1795923
-1.3674379
-1.4308822
-1.1563465
-0.78697032
-1.0816687
-0.87602189
-1.2196285
-1.3689522
-0.94994342
0.2929307
-1.0008797
-0.75487978
-1.0383158
-0.4719752
-1.4337582
0.77809028
-0.88402001
-1.056942
-1.2419647
-0.91383585
-1.2945659
-1.0524099
-1.1030443
-1.0630236
-1.3319537
-1.8663935
-1.2895467
-1.5154653
-0.93618854
-0.98167089
-1.2546323
-1.5664007
-1.2907343
-1.2746097
-1.3200789
-1.3869047
-1.6669545
-1.043325
-1.7769819
-1.1373275
-2.4534045
-1.2185508
-1.1081039
-1.138254
-1.2417272
-1.3860281
-0.94250531
-1.3995771
-1.1317334
-1.030804
-1.5297887
-0.93656312
-1.0952369
-1.3008245
-1.740734
-1.1350144
-1.0877884
-1.1811631
-1.2700574
-1.5366996
-1.5294454
-1.7626725
-1.0712378
-1.6425419
-1.354111
-0.88504829
-1.1873035
-1.3568342
-1.3169133
0.77683026
-0.88182427
1.0918683
-1.2518386
-1.1870208
-1.0072541
-1.0145657
-1.1053434
-1.016455
-1.1825053
-1.0118993
-1.089513
-1.5576291
-1.0785469
-1.4195508
-0.88809176
-1.1319597
-1.1930162
-1.0804937
0.53699242
-1.0729592
-1.1940748
-1.0613833
-1.1790863
-1.847149
-1.2214596
-1.2538836
-1.738872
-1.1313952
-0.84902294
-1.1214278
-0.97949604
-1.2169783
-1.2254133
-1.121218
-1.0643199
-1.1674682
-0.46311933
-1.301651
-1.1874245
-1.7503163
0.13170167
-0.89747608
-1.0582095
-1.0877884
-1.0642617
-1.5297541
-1.2972722
-1.1986245
-0.97046047
-0.86625615
-0.89561837
-1.1722168
-0.85464787
-0.91161192
-1.4886319
-1.2509469
-0.99482104
-0.98827735
-1.3543406
-0.96674308
-1.4928734
-1.3982926
-0.98965604
-1.2189435
-1.2204528
-1.1745777
-0.92546308
-1.1481616
-0.49357338
-1.2865253
-1.3041609
-1.3362429
-1.3359885
-0.99975998
-1.0934415
-1.2009274
-1.1337296
-1.2126737
-1.044502
-1.3119584
-0.94919798
-1.0877884
-1.0942663
-1.033336
-1.3207614
-0.82308147
-1.2316522
-1.1886279
-1.837288
-1.5628453
-1.1650249
-1.2066961
-1.1721848
-1.1622287
-0.79170866
-1.0817205
-1.3780028
-1.3394969
0.457577
-0.77249485
0.22952785
-1.2588169
-0.69233138
-1.1321394
-1.0027589
-1.0350974
-0.97606015
-1.3512191
-0.79417816
-1.3453872
-1.1821129
-0.93285349
-1.3603286
-1.2256062
-1.2588932
-1.6432881
-1.140071
-0.30482691
-1.3429292
-1.586206
-1.0689273
-1.3326568
-1.9446492
-1.6224492
-1.2317367
-1.3894719
-1.182163
-1.2583745
-1.3620672
-1.1317029
-1.1714122
-0.47344891
-1.0780384
-1.3687355
-1.0794288
-1.2528767
-1.0877884
-0.21533867
-1.1728969
-1.0877884
-1.4875766
-0.89223201
-0.94759197
-1.2092451
-1.2889688
-1.0451998
-1.765075
-1.0224789
-1.2905444
-1.336986
-1.2451534
-0.31820779
-1.3334939
-0.5288241
-1.1421257
-1.5314827
-1.4035134
-1.8815604
-0.99835303
-1.0753573
-1.4687005
-0.93482679
-1.4884944
-1.4658455
-1.0329132
-0.61112337
-1.3935989
-1.7796181
-1.562642
-1.6298178
-1.3405615
-1.0911937
-1.1364101
-1.3464467
-1.2506292
-1.1214032
-1.3606898
-1.2393571
-1.5938858
-1.3652383
-1.090616
-1.0139392
-1.1725743
-1.1073643
-1.3166038
-1.3991014
-1.3729662
-1.2313354
-1.1316252
-1.4550327
-1.6745673
-0.97412965
-1.5609744
-0.98673276
-1.0872951
-0.7814801
-0.96577712
-1.1591422
-1.1289342
-1.4179181
-0.75338629
-0.13271627
-0.95746474
-0.80739822
-1.0730207
-1.4799461
-0.96259001
-1.1348641
-1.5204226
-1.5224969
-1.3294244
-0.93950961
-1.3531698
-1.7551756
-1.2470584
-0.20680386
-1.2049772
-0.11470257
-1.0533817
-1.3557654
-1.2341167
-1.3012269
-1.4048488
-1.0490866
-0.99770933
-0.94646527
-0.96067223
-1.2405029
-1.0434204
-1.2775645
-1.1560498
-0.42792209
-1.1770606
-0.92247667
-0.44153771
1.670239
-1.1135512
-1.1701427
-1.3319576
-1.7054295
-1.5613351
-0.80541675
-1.3769661
-1.3800113
-0.87993468
-1.1732983
-1.025865
-0.8714826
-0.50137448
-0.98661715
-0.91843307
-0.94391241
-1.1590948
-1.4346678
-1.3905686
-1.2435947
-1.2601352
-1.1225116
-1.2405745
-0.40886735
-0.7425783
-0.23520911
-0.82172777
-0.7210725
-1.0159411
-0.92245332
-0.49355596
-0.68830253
-1.7045341
-1.1759005
-1.355776
-0.83103194
-1.2212348
-1.4725278
-0.91813698
-1.3998813
-1.2493212
-0.84936216
-0.95156162
-1.1093221
-1.4062807
-1.0796273
-0.95326937
-1.4184446
-1.0110275
-1.0719668
-1.1287294
-1.2814452
-1.3147086
-0.55350276
-1.2451204
-1.3202361
-0.79540834
-1.1894501
-1.4028263
-1.0503382
-1.3484203
-1.1545259
-1.0128047
-1.4431161
-0.92346072
-1.3672354
-0.85640205
-1.0185709
-1.2450357
-1.145985
-1.1816695
-1.0307055
-1.1747454
-0.42544563
0.50826741
-1.1124527
-0.42406735
1.3594659
-0.92575655
-1.1697788
-0.49920976
-0.97996346
-1.0692403
0.58105781
-1.2319705
-0.66880258
-1.3217323
-1.2140807
-1.3274159
-1.4997194
-1.0372533
-1.1193104
-0.46030843
0.77756494
-0.57145578
-0.76692514
-1.0861747
-0.94863207
-1.4324986
-1.2473534
-1.2707933
-0.45451695
-1.1567717
-0.71473304
0.40286697
-1.0192124
-1.4062541
-0.89290832
-1.1071054
0.78354049
-0.73993698
-1.4108137
-1.4597202
-0.82819661
-1.3653044
-1.0271751
-1.4342441
-0.67173309
-0.67269137
-1.1264503
-0.92822384
-1.1053961
-0.53554332
-1.1177134
-0.78209153
-0.99762029
-1.3672062
-1.4470061
-1.3241228
-0.86645739
-1.2395258
-0.98749967
-0.75404145
-0.85191591
-0.9875963
-1.1738507
-0.47797292
-1.0443704
-1.4952631
0.6713343
-1.3477779
-0.65961976
0.25288737
-0.5249778
-1.8145789
-0.32752881
-2.1502052
-1.9832248
-1.468251
-0.94865616
-1.1151182
-1.3137415
-1.1523822
-1.5044038
-0.86761705
-1.4335729
0.3538885
-1.0351571
-0.68651419
0.085297208
-1.1950478
-0.91537351
-1.3873448
-0.96718823
-0.97787451
-0.91712216
-0.86115246
-1.0266575
-0.98127885
-1.1437203
-0.98904141
-0.47064641
-0.32485165
-0.9863373
-0.9368197
-0.77164769
-1.6550032
-1.5733257
-1.3301633
-1.1596272
-0.88393017
-1.5190705
-1.4024668
-0.81750237
-0.77961947
-0.83860355
-1.1566148
-1.2554295
-1.368357
-1.1257314
-1.7557858
-1.1243664
-1.2987675
0.37655456
-1.4695009
-1.1048966
-1.6086394
-1.4460957
-0.98853774
-1.3156415
-1.2843539
-1.3862154
-1.423129
-0.81473493
-1.1390636
-0.95463644
-1.4462116
-0.9258746
-1.3763202
-0.72747585
-1.5950366
-1.035968
-1.1711638
-0.57948241
-1.5156409
-1.9507807
-1.4647485
-1.1538219
-1.1511918
-1.1072261
-1.7182573
-1.6111957
-1.4690525
-1.5049515
-1.6648962
-1.0399988
-1.449423
-1.5024685
-1.6293444
-1.3304181
-1.5059508
-1.4103311
-0.92555398
-1.2345771
-1.1571207
-1.265323
-0.89101235
-1.1348326
-0.97757428
-0.12991118
-1.0470718
-0.26746782
-0.61888594
-0.25019056
-0.99286184
-1.1079624
-1.408357
-1.3384432
-1.4216884
-1.1855687
-1.5453333
-1.4159262
-1.6598792
-1.6066418
-1.134179
-1.5998115
-1.7874739
-1.5544599
-1.4650418
-1.5312703
-1.0024807
-1.718643
-1.2427848
-1.2033686
-1.549955
-1.3150608
-1.5652867
0.21699188
-1.3241197
-1.3924716
-1.1514908
-1.0293128
-1.1923645
-1.0711395
-1.4060822
-1.2488643
-1.6950074
-1.1911674
-1.0804259
-1.388602
-1.3856534
-1.2571829
-1.2623454
-1.3106763
-1.0267574
0.26329101
-1.3167718
-1.6047895
-1.2398779
-0.60057306
-1.4281691
-0.89685746
-0.52622783
-1.1993295
-1.0827931
-0.89610083
-0.78200431
-1.9845573
-1.1507811
-1.0565982
-1.312188
-1.3115041
-1.2185508
-1.6077769
-1.2368032
-1.2041627
-1.5143707
-1.0878608
-1.2737971
-1.6002832
-1.1301865
-1.3687369
-1.2436297
-1.1268453
-1.8343443
-0.34989473
-0.93400302
-0.90144608
-1.5324528
-0.99107115
-1.0033476
-1.2385517
-0.83608484
-1.0400416
-0.75557278
-1.877947
-1.1660315
-1.2177035
-1.5292542
-0.53603949
-1.2770931
-0.68484566
-1.035274
-1.70131
-1.298813
-1.3287314
-0.91342316
-1.4895587
-1.0285178
-1.3583392
-1.2249065
-1.089211
-0.95127181
-1.1893953
-1.2329071
-1.2112358
-0.91044579
-0.54737444
-1.082532
-1.3793353
-1.2211809
-1.6578798
-1.5347417
-0.95279057
-1.5987944
-1.1966587
0.5744008
-0.91830898
-1.0070986
0.87544471
-1.1156588
-1.0974684
-0.99104168
0.069709605
-1.0880856
-0.91793289
-1.37487
-1.2516557
-1.0184305
-0.85987101
-1.6190982
-0.9305783
-1.4368609
-0.63440507
-1.4603296
-1.1307976
0.64826108
-0.97419895
-1.2130566
-1.1060628
-1.0222052
0.22296676
-1.0349961
-0.72059334
-1.2758455
-1.2456332
0.054044772
-1.2743355
-1.1720591
-0.99783423
-0.34941861
-1.4713102
-1.3093916
-1.0198809
-0.90772045
-0.68107392
-1.3392097
-0.87923732
-0.29012974
-0.85479124
-1.3130461
-1.3709145
-1.1898979
-1.518187
-1.1465268
-0.91534918
-1.030117
-1.3735086
-1.1002264
-1.4431862
-1.1362145
-1.1632219
-2.0443746
-0.93636271
-1.6192351
-1.4433485
-1.5030105
-1.0610929
-1.2531148
-1.3646718
-1.100568
-1.4276963
-1.0991294
-1.4799245
-1.1311248
-1.8556343
-1.3314022
-1.2952681
-1.2321565
-1.0867002
-1.4445897
-1.1978558
-1.1969682
-0.25821061
-0.96720355
-1.6678996
-0.9482853
-0.90366906
-1.7023766
-2.0262731
-0.92144848
-0.92858198
-1.1498892
-1.3388806
-0.91273758
0.4391216
-0.87808898
-0.93992456
-1.0886727
-0.97081512
-1.6685463
-1.1169819
-0.99758534
-0.73832637
-1.5397778
-1.0288086
-0.95419845
-1.0877884
-1.0545746
-1.0215783
-1.2392874
-1.1161537
-1.090616
-1.0698657
-1.0005381
-1.0877884
-0.97081512
-1.1915745
-1.0251583
-1.0005381
-1.0323791
-1.090616
-1.3310571
-1.3278073
-1.3447425
-1.1404548
-1.0545746
-1.0235779
-1.2185508
-1.0288086
-1.0877884
-1.0877884
-1.2209106
-1.0877884
-1.0809901
-0.27656196
-1.0005381
-1.090616
-1.0877884
-1.2185508
-1.0005381
-1.0906408
-1.0005381
-1.0334074
-1.0005381
-0.84457578
-1.2864203
-1.1003502
0.13546243
-0.97081512
0.54685957
-0.59617776
0.3788265
-1.3383463
-0.30302638
-1.1204938
-1.2159384
-1.4798801
-1.2691646
-1.5085636
-1.1023366
-0.68083343
-1.0874315
-0.82094914
-1.0797154
-1.2640535
-1.1974209
-0.65713907
-1.3614273
-1.0103792
0.3575096
-1.150999
-0.85819628
-1.0372223
-1.5794709
-1.0559425
-0.76929834
1.6034912
-0.64075423
1.5287222
-0.98579864
1.9892123
-0.85034302
0.46256297
-1.1362443
0.35130715
-1.2827749
-0.9866315
-1.0390527
1.2027229
-1.1454202
2.1719279
-0.99340772
2.6071227
1.0704909
2.1559055
-0.32164018
0.86165264
-0.31395837
-1.1363201
-0.95951294
-1.0946336
-1.3910082
-1.0242716
-0.54139094
-1.3027476
-1.2300237
-1.2844469
-1.1591943
-0.74261843
-1.0956353
0.17368831
-1.0753611
-1.477299
-1.0452998
-1.0197681
0.94113362
-0.29549686
2.2685237
-0.41090822
1.8668544
0.44822515
0.0063614937
-0.84270652
0.71942625
-0.9005464
-1.372724
-1.1943564
-0.92655732
1.4375108
0.21173022
2.263604
-0.91643935
1.637008
-0.65536837
1.9261203
-0.080192186
2.1506949
-0.73218293
-0.91962257
-1.1166277
-1.0912349
-1.1057901
-1.1142387
-1.0004316
-1.4877234
-0.94704759
-0.16358598
-1.2300338
-0.093349464
-1.101956
-0.42065273
-1.688039
-1.5149862
-0.74729658
-1.3926788
-0.94143411
-1.1025742
-0.8500589
-0.94881678
-0.1590922
-1.0763874
-0.8199967
-1.0746024
-0.31630324
-1.0186917
-0.78300168
1.0049683
-0.679878
2.5227486
-0.52475677
1.5209615
-0.23475937
1.9320041
-0.33637768
1.0094059
-0.80966752
0.57013595
-1.1536551
-1.0015457
-1.505225
-1.689313
-1.2490602
-1.4703974
-1.1653838
1.5353816
-0.92003023
-0.38418425
0.78680139
-1.0013102
-0.35689308
1.4199967
-1.0229542
1.0990155
-0.96839399
1.0458874
-0.92093062
-0.92473699
-0.9468723
-1.0891116
-1.2206375
-1.072781
-0.70000869
-0.58667263
-0.67025237
-0.93874456
-1.0235804
-1.1686755
-1.5250442
-1.1542508
-0.88587426
-0.91510246
-1.013235
-1.4974005
-0.60834803
0.5806068
-1.1034689
-0.75325795
-0.80826483
-0.98344582
-0.93363753
-1.0404249
-1.1931848
-0.20180103
-0.62541989
-0.33823361
-0.29182047
1.8533709
-0.61707753
2.1278807
-0.86116031
2.4182246
-1.0762601
0.18351848
-1.144724
0.79785785
-1.1079242
-0.93601012
-1.2193209
1.0624627
-0.41353971
0.40170318
-0.28802114
1.7144525
-0.4762249
2.4037614
0.15300984
1.6141278
-1.0528922
-0.27502488
-1.1245259
-0.083925678
-1.0050507
-0.92480454
-0.90819005
-1.0858869
-1.0534979
-1.2346441
-0.78327263
-0.83316313
-0.28851704
-0.22676641
-1.0903178
-0.88839582
-1.0247751
-0.87733443
-1.3451202
-1.2797397
-1.2370597
-1.3331933
0.35080797
-1.1215183
-0.89650612
-1.1921861
-0.13303744
-0.99547546
-0.89572019
-1.2473898
-1.1120219
-0.73398641
-1.0115652
-0.16264291
1.9369411
-0.79438277
2.0119952
-0.60524524
2.0150018
-0.71338195
1.6835923
-0.94076883
1.6923612
-1.2563458
-0.24844624
-0.75780182
-1.0216742
-0.8419279
1.2697423
-0.51911728
2.2769991
-0.91050967
2.0672415
-0.79667635
0.41266452
-0.74633971
0.47736184
-0.90994029
-0.035280859
-1.0639857
-1.1109495
-1.1423504
-1.1041388
-1.0379671
-1.0899329
-0.72843062
-0.10392203
1.8046754
0.077657717
2.0779359
-0.41713015
1.1347178
-0.5157449
1.3616441
-1.290672
-0.68323274
-1.2259344
-1.1603399
-0.27950713
-1.1575787
-1.2660455
-1.2135852
0.56410833
-0.46315631
-0.3764984
-0.28205555
-1.0828048
-1.0653399
0.10994959
-0.83178557
-0.46469829
-1.6053215
-1.4552623
-1.5403101
-1.4579199
0.17797706
-1.1128639
-1.4059026
-1.1167607
-1.1233032
-1.0495272
0.55546514
-1.0877625
-1.1382896
-1.1070544
-1.1747794
0.44674256
-0.98602231
-1.0120971
-1.1381761
-0.56199925
-1.1162826
-1.1349411
-1.0093389
-0.59289781
-1.0502145
-1.0794097
0.33068614
-1.2937743
-1.394023
-1.1898749
-0.53297225
-0.99446902
-1.1549071
-1.1002703
-0.60388899
-0.89893512
-1.3415176
-1.1960243
-0.86033189
-0.84482818
-0.52383526
-0.62521171
-0.85583464
-1.1222338
-0.88476229
0.48756373
-1.1185491
-1.1414267
-0.95658666
-0.55998299
-1.0991761
-1.0903379
-0.050416901
-0.37026267
-0.91956629
-1.2219006
-0.87952837
-0.68315912
0.76904242
-1.1278938
-0.99342901
-1.4984932
-1.2126312
-0.088088673
-0.92812772
-1.0675104
-0.94247931
-0.17982324
-1.2091136
-1.1759396
-1.2530428
-1.1117657
-1.0249614
-0.92387941
-1.1869469
-1.0303249
-1.0980485
-1.0982538
0.64471523
-0.80863359
0.69587576
-1.0843971
-0.95875545
-1.0804451
-0.67861053
-1.0348112
-1.0081728
-1.0108528
-1.0501175
-1.1003567
-0.61648971
-0.41258269
-0.8767379
-1.6750517
-0.97548838
-0.31328417
-1.1321123
0.17286047
-0.91222559
-1.1679074
-1.0397302
-0.58089105
-1.489811
-1.09332
-0.9869065
-1.19606
-1.0162235
-1.6233275
-0.99017035
-1.2941426
-1.0130109
-1.2992941
-1.232682
-0.9818356
-1.2751855
-0.83068424
-1.2817382
-0.77851097
-1.1271355
-1.0588431
-1.2353177
-0.82778739
-0.96395134
0.38969551
-1.2356091
-1.0596799
1.3727402
-0.73675098
-0.83151986
-0.1144216
-0.75527665
-0.92966752
-0.92585109
-0.53108803
-1.0728586
-0.83322519
-1.1264943
0.21611406
-1.2644621
-1.0195631
-0.86994594
-0.52481682
-0.54099103
-0.93534862
-0.96585385
0.79836975
-0.99953805
0.067600746
-1.3188939
-1.1159472
-0.86172801
-0.9286452
0.62672246
-0.96500288
-1.2828393
-1.0168616
-1.1780948
-1.2510055
-0.96626129
-0.69388671
-1.0307182
-0.88947361
-1.0201335
-0.35206615
-1.0053824
-0.27597732
-1.0147824
1.1946154
-1.0630893
-1.1470734
-0.9099582
-1.1939287
-1.4026567
-0.12875545
-0.41740393
-0.93498184
-0.99221534
-1.0166175
-1.1815666
-1.1021123
-0.85858412
-1.0642689
-0.90362042
-1.0983324
-1.0182014
-1.3178239
-0.94230761
-1.0650621
-1.1059147
-0.19945606
-0.78451679
-0.9122453
-1.1929857
-1.1973044
-1.3595897
-1.0163157
0.73283785
-1.0461562
-1.0380742
-1.1742854
-1.0011335
-1.3159878
-0.049927576
-1.0533077
-1.4980277
-1.0398771
-1.1901349
-0.7269606
-1.2691668
-1.0475899
-0.97843402
-0.64838814
-1.037998
-1.1902234
-1.1167628
-0.92775457
-1.0537079
-1.0306489
-1.0458123
1.3627687
-1.0090684
-1.0724019
-0.60735833
-1.5333732
-0.80182925
-1.5282878
-1.0627419
-1.1952661
-1.0220794
-1.0061417
-1.340331
-0.98839795
-1.1949212
-1.2547715
-0.99811288
-1.216792
-1.1421649
-1.2410452
0.12635896
-1.0128617
-1.10352
-0.97239556
-1.2759478
-0.98305787
-0.46155347
-1.1020827
-1.1777671
-0.81952988
-1.1518113
-1.1126927
-0.79523807
-1.0491835
0.21503309
-0.15591753
0.7408101
-0.81869932
1.6239086
-0.79375005
0.46000317
-0.78735408
-1.0189965
-0.99626666
-0.89622401
-0.93179077
-0.16637505
-0.59024646
2.0151138
-0.51107063
2.2626159
-0.59773454
1.2632828
-0.99203325
-1.0774062
-0.73954399
-0.84687197
-0.48605005
-0.83440949
-1.1349101
-0.084258521
-0.36625304
1.0012974
-0.93560119
0.051375679
-0.9349509
-0.22034678
-1.0880029
0.064557031
-1.1264558
1.0518868
-0.45344735
-1.2750029
-1.0864121
-0.95182377
-0.64639017
-0.91541743
2.3574427
-0.77217959
1.4389472
-0.85955762
0.9845877
-0.8259208
-0.0500378
-1.0119038
-1.7754447
-1.1294045
-1.2102702
-1.0232231
-1.1392636
-1.0688364
-0.93290584
-0.84601478
-0.60817696
0.022708973
-1.1548022
0.76326406
-0.58337263
0.85220027
-0.52345694
1.5847462
-1.1236957
-0.81313889
-0.75484793
-0.92833505
-1.6008284
-1.0698641
-0.99482533
-1.1266652
-1.0890096
-1.0359957
-1.0209517
-0.91233702
-0.65470522
-0.95346875
1.5276603
-0.51187646
1.9996111
-0.69525119
0.49312805
-0.97860183
-0.052124798
-1.1154002
-1.3214627
-1.0609993
-0.93674101
-1.2145576
-0.017983262
-0.98164223
0.23739612
-0.90159983
1.489964
0.12345742
-0.36020858
-1.0516307
0.89939056
-0.40551565
-0.71605137
-0.89807221
-1.0294846
-0.57837282
-1.0323059
-1.0750164
-1.507669
-1.1699583
-1.0030304
-0.99007557
-0.90400692
-1.0336688
-1.3540816
-0.82671437
-0.75373221
-0.96233485
-0.84710319
-0.38535623
-0.28770412
1.5024768
-0.058559625
1.0473274
-1.1048639
0.16289632
-0.62780984
-0.94559399
-1.2508192
-0.92411894
-1.0125659
-0.98232057
-1.7452864
-0.62734515
-0.90530515
-0.85929432
-0.92972932
-0.81398725
-1.1401278
-0.93685644
-0.061808523
-0.8911723
1.9134959
-0.62929079
1.9876642
-0.9242806
1.4672329
-0.1546043
-0.89600878
-0.90470768
-1.8483469
1.6191556
0.32879321
-1.0022112
-0.86945388
-0.85176796
-0.71597114
-1.136361
1.9774465
-0.58427877
2.0240217
-0.65243378
2.221442
-0.83653783
0.10525714
-0.74114435
0.70712387
0.60070015
-0.11389928
-1.1916312
-0.16718971
-1.0498545
-1.0249971
-0.8908425
-1.0094406
-0.80845848
0.99787098
-1.0019501
1.959431
-1.0024899
1.0600792
-0.88641691
0.77331424
-0.75622459
0.98729499
-0.83107445
-0.84455923
-0.74773243
-1.2452676
-0.96947203
-1.5609389
-1.1818508
-1.0253285
-1.0786091
-0.9863515
-1.4817919
-0.97679845
-0.87267722
-1.1042246
-0.95084336
-0.40346039
-0.6747653
-1.0099372
-0.99172137
-0.87526417
-1.0186122
-0.6536106
-1.1008861
-0.67942215
-0.54953489
0.11065831
-0.7841017
0.09829701
-0.88924018
-0.51116459
-1.100524
0.17849039
-1.1012779
-1.3551641
-1.1186055
-1.1391593
-1.13118
-1.2873919
-1.0728516
-1.6783191
-1.5101313
-1.0586388
-0.094448487
0.14813067
-0.95169181
-1.4138497
0.27543799
-1.0679006
0.42301263
-0.58728173
1.9049784
-0.93308285
0.49336751
-0.88673683
1.0630528
-0.96528159
-0.23369914
-0.84279937
-0.98850651
-1.02369
-0.31143466
-0.20283394
0.95655826
-0.7485852
1.1709711
-1.3892484
0.36624953
-0.9947451
-0.37074724
-0.96433976
-1.0371348
-1.1804829
0.44204186
-1.0247719
-1.1521662
-1.2594189
-1.1312298
-1.1479137
-1.1031221
-1.0534799
-0.16662483
-0.9239417
-0.89866102
-0.72029037
-0.71664844
-0.982176
1.3344502
-0.92740055
1.4586393
-0.64586605
1.2868873
-0.35776664
-0.99608307
-0.97948506
-0.91936612
-0.7896767
-1.1289044
-0.41762179
-0.91356369
1.0045251
-0.75054998
-0.081032786
-0.43298934
0.082371105
-1.0561029
-0.054686682
-1.0566037
-1.0385878
-1.0440044
-1.1304008
-1.2622261
-1.176682
-1.1529387
0.11093162
-0.67303954
-0.016075355
-0.058735566
-0.45555396
-0.080897053
-1.0189378
-0.99267729
-0.94022729
-0.99589232
-1.0346393
