-1.2516743
-1.004423
-1.0332585
-1.2238146
-0.86033267
-1.2104531
-1.1765991
-0.78400635
-0.89996794
-0.4569171
-0.79445608
-1.2969823
-1.0005179
-0.20402816
-0.63056894
0.079000963
-1.3780705
-0.34026884
-0.56589942
-0.99058141
-0.69234394
-1.0684277
-1.1315044
0.022954737
-1.1957036
-0.039464464
-0.85194308
-0.87322997
-1.0361119
-0.89170713
-0.40327423
-0.30578985
1.0139661
-1.0644196
0.41636435
-0.3145984
-0.77347387
-0.55759506
0.60625824
-1.0088758
0.64296689
-0.60165544
-0.21433573
-1.2303986
-1.1001415
-0.97756135
-1.1109656
-1.1852997
-1.1625031
-1.6136245
-1.3054439
-1.217358
-1.202937
-1.179837
-1.3600326
-1.3840586
-1.1132555
-0.88796326
-1.1059389
-1.0365372
-0.16890519
-0.45449437
-0.89208573
-0.89153302
-0.16688155
-0.8508534
1.3801511
-0.90353066
-0.35318479
-0.69863624
-0.66008553
-1.0518407
-1.2423382
-0.29426139
-0.78388678
-0.66651146
0.37328041
-0.68557966
-0.49412441
-1.153397
-0.65609616
-0.91458161
-0.43991359
0.048103583
1.6221957
-0.2355359
-0.22611522
-1.411867
-0.0092127455
-0.9357254
-1.2453884
-1.2894482
-0.5643292
-1.4165681
-1.2860523
-1.2661177
-1.5141673
-1.1823451
-1.3272617
-1.3273861
-0.87084864
-1.0059395
-0.94286201
-0.87897188
-0.31944191
0.63886949
-0.53500677
-1.2464438
-0.68902488
0.60338831
-0.90195995
-0.59748924
-1.0067387
-1.0853559
0.29216276
-0.89824684
-0.88181192
0.72088988
-0.7855766
-0.90282548
-0.72179904
-0.86889708
-0.03006565
-0.7081671
0.28512776
-1.222744
0.41433854
-0.37530896
-0.95370235
-0.73750106
-0.98114913
-1.0137057
0.23369656
-0.98445186
-0.99595588
-1.2099496
-0.57653955
-1.2196481
-1.3417814
0.90261065
-0.84564875
-1.4505798
-1.1004185
-0.42565264
-0.52958079
-0.53577881
-1.2249414
-0.92026439
-1.262439
-0.93835264
0.9906818
-1.0571923
-0.78381613
-0.8800931
-1.0170599
-1.0621682
-1.265504
-0.99572932
0.16897992
-0.55862656
-0.079804171
-0.78687511
-0.81751015
-0.91508505
-1.0313067
-1.324247
-1.6309121
-1.409512
-1.0084944
-1.3020702
-0.83364502
-1.3377606
-0.87900833
-1.2020864
0.46585164
-0.78363605
-0.83004614
-1.2526121
-1.0179837
-0.96136704
-1.54908
-1.1198167
-1.2713172
-1.0556847
-1.0804969
-1.206246
-1.3537531
-1.3983698
-1.1162628
-1.0556847
-1.1580899
-1.2215721
-1.2450723
-1.061317
-0.99690277
1.2178719
-0.93736917
-0.58801442
-0.91936101
-0.7951879
-1.1737843
-0.54161782
-1.1025269
-1.6983267
-0.9796578
-0.99213926
-0.6371833
-1.3139131
-0.19283018
-0.59442047
0.52767163
-0.56880923
1.3515534
-0.34044741
-1.22727
-0.59377848
-1.0773887
-1.1670346
-1.0793418
-1.1534098
-1.1968187
-1.0305802
-1.0468255
-0.91971619
-1.3034044
-1.4640363
-1.1042338
-1.0714669
-1.1246336
-1.4080692
-1.2168255
-1.0779366
-1.1937198
-0.9292717
-1.1217866
0.55088807
-0.38145774
1.7278968
0.10266327
1.7541204
-0.87590039
-0.072420588
-1.1032298
-1.2492754
-1.268271
-1.1662779
0.52947363
-0.11765202
1.5540912
-1.1311886
1.3595754
-0.66304161
-0.70529031
-0.027706004
-0.62282379
0.19332605
-1.0218707
-1.1734814
-1.1087295
-1.3414753
-1.0691749
-1.6253977
-1.239048
-1.2385592
-1.3697312
-1.3461478
-1.3401544
-1.3192699
-1.4612717
-1.3135817
-1.6271278
-1.1030565
-1.394544
-1.1871823
-1.0047927
-0.5618568
-0.92208663
-1.5718396
1.0130911
-0.062523217
2.1352474
-0.8295314
-0.61665029
-0.93725299
0.76915584
-0.53497319
0.012909276
-1.2204322
-0.6697186
-0.60343614
1.5196103
-0.34485667
-0.69137725
-0.36736432
0.077372864
0.3395295
-0.072492394
-0.78199576
-0.88951118
-0.48769668
-1.1441707
-0.84249843
-1.0400541
-1.1052062
-1.4043936
-1.0330262
-0.69403818
-1.5564209
-1.3386737
-0.8602949
-1.0677106
-0.83918387
-1.6367923
-1.3080139
-0.93379326
-1.0931073
-0.44904457
-0.97321526
0.41387951
-0.64928088
1.3535709
-0.69299737
1.2108571
-1.008464
-0.77207837
-0.86892084
-1.013249
-0.94197535
-1.4150545
-0.4733794
-0.057057251
0.054823933
-0.76312378
-0.74153548
1.1364846
-1.1089656
-1.0614874
-0.90029607
-0.77589962
-1.2662225
-0.88785954
-1.1242912
-1.1168471
-1.0601969
-0.91063714
-0.97086492
-1.357891
-1.6174101
-1.3079303
-1.153104
-1.0061429
-0.9973488
-0.9996985
1.2860939
-0.59669299
0.77951183
-0.5788493
0.024022809
-0.31964048
1.1139248
-0.96227341
-0.48812042
-1.2000415
-1.3954195
-0.5350323
-1.2735943
-1.3166312
-0.47945853
-0.24288672
-0.70922236
-0.45915732
0.75161212
-0.37472214
-0.46379706
-0.31418676
-0.76990222
1.1564237
-1.0470509
0.11117539
-0.14472748
-1.1906969
-0.89843975
-1.2433086
-1.5795795
-1.0022269
-1.0656573
-1.2838254
-1.3742723
-1.3753235
-1.2860417
-1.0993999
-1.481801
-1.0021343
-1.3615673
-1.1264847
-1.2133658
-1.1582253
-1.26585
-1.3709195
-1.5013344
-1.394336
-1.0846318
-1.600204
-1.2544612
-1.1120433
-1.38495
-1.0479349
-0.93786042
-1.6770406
-0.91657167
-1.1899732
-1.2410152
-1.5791389
-0.14323149
-1.4420003
-0.43808712
-0.6293393
0.45641976
-0.17356891
-0.069526087
-0.78735852
0.073675172
-1.1099349
-0.66908328
-0.75108393
-1.1550972
-0.36235711
-1.6066815
-0.89909157
-0.99957999
-0.9822318
-0.97142386
-1.1886459
-0.12901934
-1.0916044
-0.91464199
-0.87784614
-1.0580679
-1.034252
-0.88390317
-1.0528005
-1.06822
-1.0869235
-0.98495771
-1.3890265
-1.0782793
-1.2374454
-1.0001544
-1.2081459
-1.168013
-1.0001544
-1.1858056
-1.2733751
-1.1558638
-1.2015575
-1.3469293
-1.2517471
-1.2160649
-1.0652795
-1.1888807
-1.0584758
-1.0266525
-0.96263879
-1.0735025
-1.2483402
-0.67886576
-0.96827023
-0.92890348
-1.0001544
-1.0495509
-1.4113648
-1.2324514
-1.2628116
-1.0670011
-1.2961067
-0.9039301
-0.91736628
-0.65943973
1.1767859
0.47778174
1.2811915
-1.2333267
-0.18050308
-0.34042347
0.5555249
-1.0221293
-0.57286844
-0.98189567
-1.1756415
-1.5093913
-0.80330887
-1.0656384
1.0267516
-0.52487497
-0.98544552
0.32282806
0.92842888
0.36918949
1.9712631
-0.83721403
1.5627233
-0.036101221
1.7728951
-0.45151458
-1.332272
-1.5318676
-1.1263316
-0.27003484
-1.2996444
-1.6995492
-1.1790451
-1.5969322
-1.3199568
-1.0599654
-1.034252
-1.2416815
-1.0201732
-1.2134366
-0.90888813
-1.1431331
-1.5556273
-1.219564
-1.118128
-1.4074231
-1.3934452
-0.94429501
-1.3627821
-1.2879116
-1.3950946
-1.36297
-1.3707974
-1.1821077
-1.2063773
-1.5663947
-1.4900971
-1.3628129
-1.2921615
-0.97201459
-1.1049463
-1.0645529
-1.0506789
-1.4806739
-1.2193381
-0.57295121
-1.1493137
-1.2923799
-1.1484938
-0.90714986
-0.90815731
-1.1736867
-0.86596887
0.83261887
0.041828472
-0.82058605
-1.4012548
2.0836815
-0.09180441
0.76235917
-0.53301065
-0.53935925
-0.40083237
0.24156066
-1.0154518
0.96053593
-1.1464009
-0.89508411
-1.2179446
0.86317043
-0.91589988
1.2967239
-1.0344303
1.2938217
0.69918114
1.2874189
-0.85664071
-0.097239085
-0.45399502
-1.1021095
0.4629456
-1.2708917
-1.1761122
1.0087208
-0.9991235
-0.81667815
-1.2647727
-0.88527596
-0.45791586
-1.0467451
-0.99432172
-0.73647798
-0.74331686
1.7116681
-0.25831434
2.1073364
-0.87019687
1.3594258
-0.95960678
0.27151225
-1.1063879
-1.0684568
-1.3583474
-0.81318578
-0.97240868
-1.0067575
-1.1405548
-1.3960531
-1.0498151
-1.0145673
-1.1581419
-1.7098207
-1.0739265
-0.97476357
-1.7398014
-0.91362075
-1.2613316
-1.2494008
-1.5310268
-0.7984429
-1.8863267
-1.0745835
-0.95745233
-0.0065188181
-1.2033606
-1.4480453
-2.1169041
-1.5956382
-1.0245537
-0.97706902
-0.98774164
-1.8683406
-0.55581833
-0.66651765
-1.6259444
-1.7553817
-1.4105083
-1.3714756
-1.8031146
-1.4102782
-1.4393932
-1.5958632
-1.605763
-1.5660815
-1.3989777
-1.5146733
-1.093119
-1.6126993
-1.3654805
-0.42311837
-1.193673
-0.95865694
-0.9755098
-1.0900722
-1.2476135
-1.57654
-1.1642398
-1.118147
-1.3353493
-0.84927479
-1.2474726
-1.1044988
-0.92892748
-1.3718147
-1.4631462
-0.15583821
1.2597106
-1.1981062
-1.2246812
-1.0375278
-0.99115246
-0.38636528
-0.78780883
-0.63074533
-0.48022821
0.58737693
-1.1561517
-1.2614205
-1.3584509
-1.3380733
-0.47990044
-1.2273019
-1.1369473
-0.83161189
-0.66235941
-1.0011098
-1.3314315
-1.2260401
-0.6825641
-1.044865
-0.76861361
-1.1541669
-0.47461523
-1.6643894
-0.76497462
-1.149604
-0.96428608
-0.64219158
-1.2933149
-0.88530486
-0.72210385
-1.3222836
-1.0764139
-1.0617581
-0.71888654
-0.972019
-1.567074
0.85332159
-0.45674723
1.5860106
-1.3450706
-1.1339809
-1.0271056
-1.6727685
-1.3069009
-0.58913154
-0.98598625
-0.11181291
-1.1954222
-1.3298383
-0.98369001
-1.3665781
-1.6392285
-1.5912284
-1.3898697
-1.8709639
-1.3302811
-1.5528054
-1.4004157
-1.5103464
-1.5466363
-1.3943082
-1.1912757
-1.2559004
-0.99296863
-1.1099421
-1.032783
-1.1231335
-0.87543749
-1.0756965
-1.1941573
-0.32987154
-1.2858424
-0.82668011
-1.4916315
-1.1712697
-1.0919468
-1.2937965
-1.3096992
-1.0804713
-1.0388765
-1.0641552
-1.6135813
-0.99792386
-1.0050273
-1.1983097
-0.060348557
-0.43474391
-1.4538706
-1.0948949
-0.92690927
-1.4225322
-0.97574919
-0.85628117
-1.0191496
-1.1015557
-1.3303501
-1.0036583
-0.93324059
-1.0589632
-0.7650152
-0.67637735
-0.28664355
-1.0466905
-0.54217555
-1.448347
-0.73898067
0.78302715
0.87824641
-0.87985263
-0.80437893
-1.0304686
-1.0909884
-0.8562468
-1.0576323
-0.59745149
-0.84233015
-0.66435468
-1.1080488
-0.86747863
-1.3115862
-0.43104752
-0.91009347
-0.98462517
-0.11724584
-1.0165661
-1.0054125
-1.08582
-0.27128363
-1.0908577
-0.28879018
-0.8230457
-0.99050226
0.32905341
-0.74629135
-0.51477103
-0.773839
-0.80518708
-1.1960604
-0.66880637
-0.99725311
-0.37608481
-1.1884023
-0.90340066
-0.92966805
-1.0152816
-1.1717498
-0.91317008
-1.2821416
-1.4824371
-1.0761399
-0.93734674
-0.15188076
-0.71871786
-1.0761042
-1.1301257
0.00016043776
-1.0041057
-0.75963702
-0.37117704
-0.84763989
-0.88347758
-1.0589336
-0.3821269
-0.99806065
-0.94435689
-0.85540868
-1.6765611
-1.1659804
-0.32506458
-0.083503334
-1.1503062
-1.0005888
-1.0083995
-0.7560346
-0.9079558
-0.56385234
-1.3876899
-1.135405
-1.0618013
-1.098282
-1.6565895
-0.17251793
0.15219609
-1.1947121
-1.0019002
0.078908943
-1.4161312
-0.13760838
-0.79219635
-1.0333506
-1.2307862
-1.0552257
-0.92842334
-0.86299113
-0.88028145
-1.0034558
-1.0470092
-1.1213791
-1.1528595
-0.95111893
-0.035970757
-1.0516805
-1.1070851
-1.0725334
-1.0988022
-1.1676372
-1.207658
0.056774281
0.061544956
1.7767146
-0.85955362
0.61756279
-0.34150193
1.0468968
-0.075566134
0.87191459
-0.95511137
-1.0273917
-1.0484066
-1.1798222
-0.98998492
-0.89933611
-1.1544906
-1.1424301
0.0052616645
0.41568604
0.47827433
-0.40661489
1.2492467
0.4661129
1.0704706
-1.0108451
-0.88947857
-0.84459987
-1.328899
0.88594166
-0.92155971
1.5191825
0.25643296
2.6082026
-0.024780482
1.4771591
-0.73398304
-0.61468768
-0.43825144
-1.0987223
-0.70716918
-1.1491694
-1.2089119
-0.30116987
-0.78015275
-1.0865389
-0.37354623
-0.81063025
-1.1720025
-1.086013
-1.2878135
-1.3520863
-1.431707
-1.4076362
-1.2946135
-1.0888989
-1.4121629
-1.3668837
-1.2570001
-1.2859083
-1.2068764
-1.1367094
-1.4341552
-1.2574804
-1.2479711
-1.1858697
-1.2719889
-1.2330657
-1.2556718
-1.1739886
-1.2405074
-1.0624791
-1.7176847
-1.1636217
-1.2770062
-1.4539686
-0.91996102
-1.0322602
-0.80616625
-1.2639072
-1.023694
-1.0106269
-0.90984854
-1.0311981
0.13542692
0.2352283
-1.545401
2.4231628
-0.96688608
1.7718896
-0.72046147
1.2049885
-0.90785923
-0.57079649
-1.2402161
-1.1872383
-0.82096235
-0.5101568
-0.88637698
0.34113732
-0.22337345
-0.46469267
-0.2053168
1.6061745
-0.59648742
-1.0406964
-0.47351658
-1.0716087
-1.2653903
-1.1678268
-1.100518
-1.101691
-1.1326585
-1.2310864
-1.2391501
-1.2507229
-1.4138906
-1.3466017
-1.4061289
-1.5800032
-1.9986596
-1.6956954
-1.3253189
-1.3169977
-1.3628045
-1.257717
-1.3364015
-1.4070369
-1.597536
-1.3293824
-1.1392856
-0.84917667
-1.1776848
-1.300897
-1.0641518
-0.87278902
-1.0894789
-0.9630783
-1.0823674
-0.80837808
-0.97311208
-0.76389152
0.64508157
-0.11392665
1.0746873
-0.87692927
0.99767135
-1.0779805
-0.48087521
-1.0778582
-0.97428481
-1.253086
-1.0860538
-1.5204939
-1.1070586
1.3405307
-0.46188348
-1.00175
0.84838098
-1.0286686
0.67105779
-0.61560488
1.8933213
-0.70492598
1.1676552
-0.20760167
-1.1619429
-0.94416319
-1.0695058
-0.6361826
-1.0507161
-1.017311
-0.97119195
-1.2563235
-1.3858428
-1.3853309
-1.2914731
-1.512061
-1.4679751
-1.4946388
-1.8299892
-1.1726123
-1.2878473
-1.1262873
-0.84413313
-1.0131765
-0.87508869
-0.97718724
-1.3190302
-1.0327445
-0.73443876
-1.0108131
-0.48913954
-0.47387536
-0.8215877
1.8219873
-0.82362241
0.204444
-0.46889162
-1.1170359
-0.81254414
-0.30128606
-1.1564564
-0.12251128
-0.89114367
-0.25306136
-1.7869602
-1.0725122
-0.94494106
-0.57076625
-1.1517982
0.91786427
-1.0778969
0.99944946
-0.99622731
0.72255803
-0.78967869
1.8366595
-0.82464203
1.4748061
-0.92487298
-0.8785016
-0.796179
-1.1307527
-0.68367939
-1.0202516
-1.2930883
-1.0831977
-1.0183459
-0.89838864
-1.0093228
-1.4128044
-1.6589806
-1.3012312
-1.0479179
-1.1627736
-1.3042775
-0.86752966
-1.064984
-1.342224
-0.55971261
-1.059396
-0.80732241
-1.1187009
-0.91725645
-0.48160506
0.34989298
1.9883316
-0.69428432
0.11189897
-0.87181927
-0.77445772
-0.96742246
0.81729503
-1.2004676
-0.075982079
-1.1897789
-1.125607
-1.0084006
0.38668402
-0.85827038
1.3502243
-0.82123882
0.14504948
-1.2815709
0.96448491
-0.93444299
1.2388706
-0.84337437
-0.9804111
-0.14269499
-1.0490817
-0.99110018
-1.0196776
-1.2966974
-1.0238998
-1.2919012
-1.3306641
-1.1131906
-1.2457721
-1.5288658
-1.1197194
-1.2356481
-1.320959
-1.3663008
-1.121671
-1.1940069
-1.3107375
-1.2179142
-1.29871
-1.6349739
-1.2620594
-1.2131218
-1.2580119
-1.2766424
-1.4400327
-1.291973
-1.1658206
-1.4762505
-1.2068992
-1.2215705
-1.2860025
-1.1476008
-1.3662932
-1.2733604
-1.3467258
-1.4332499
-1.306348
-1.196607
-1.4819533
-1.3257333
-1.0953425
-1.1717698
-1.0740566
-1.1086017
-1.215827
-0.84909374
-0.99874327
-0.80913025
-1.1543365
-1.3392581
1.2339348
-0.9989031
-0.46133752
-0.46874505
2.3073981
0.50332248
1.5863858
-0.8356467
1.1259315
-0.85878159
0.013307409
-1.6430867
-1.1833407
-0.95263443
-1.1823109
-0.81726577
-0.59990731
0.72982769
-0.17941401
1.3404803
-1.0527476
1.5025463
-1.2439213
-1.0268739
0.35725229
-0.60587089
-0.82251616
-0.87595409
-1.0427365
-1.4288211
-0.33814168
-0.79613194
-0.38500247
-0.89961989
-0.70550729
-1.3210456
-0.92809084
-1.1419364
-1.0658526
-0.6474901
-1.0737855
-1.877082
-1.2017608
-0.94658767
-1.2897669
-1.4628589
-1.2088027
-1.5588148
0.02393107
-1.3690615
-0.88488097
-1.1231625
-1.0163816
-1.110681
-0.14432316
-1.1376692
-0.083758751
-1.0103291
0.58591935
-0.054629313
-0.87046719
1.6166669
-0.87042059
0.93322424
-0.6855521
0.5272967
-0.92714283
-0.74730747
-1.151277
-1.0576748
-0.12650677
-0.11527396
-1.4556338
-1.2009871
-1.2473171
-0.80902478
-0.90193266
1.4452226
-0.30690116
1.6013344
-0.96650372
1.512014
-0.79752698
1.8718031
-0.87343335
-0.73876464
-1.1197914
-1.0635522
-1.0962145
-1.0236431
-0.97941131
-1.2622978
-1.3223205
-0.97380466
-1.1912443
-1.0613346
-0.86099238
-1.5293774
-1.082
-1.118466
-1.3888888
-1.577874
-1.9269794
-1.6499777
-1.4466109
-1.2542227
-1.5171228
-1.3988174
-1.0987717
-1.4871797
-1.1856404
-1.2776924
-1.3729468
-0.52210703
0.097362908
-1.1961665
-0.73620951
-1.9475868
-1.1025795
-1.201972
-0.79580345
-1.1325653
-0.95541234
-0.8080378
-1.0380593
1.7920434
-0.68994212
1.4850987
0.1848632
0.37275608
-0.77601684
1.098334
-1.1074638
-0.5687756
-1.0694903
-1.472684
2.3261508
-1.384837
1.0815344
-0.9833638
2.4367945
-0.60842792
1.3389246
-0.33173768
-0.13541362
-0.85434202
-1.0187782
-1.160232
-1.051664
-1.2076321
-1.118331
-1.2832391
-1.1166781
-1.0924545
-1.2479787
-1.0627103
-1.287297
-1.7716314
-1.3621512
-1.5878408
-1.3742031
-1.1458382
-1.3279762
-1.1463854
-1.6457525
-1.4828043
-1.2660793
-1.8746427
-1.3391523
-1.3418031
-1.303495
-1.4560878
-1.1332956
-1.2907007
-1.5605077
-1.243715
-1.0906964
-1.6158848
-1.1477682
-1.2454751
-1.2842967
-1.2470144
-1.701485
-1.2387938
-1.039621
-1.3227422
-1.3332254
-1.2436881
-1.1287151
-1.4415941
-1.9632348
-1.4853508
-1.3190655
-0.91273954
-2.1464953
-0.99096865
-1.4552388
-0.93528265
-1.2876304
-1.4176064
-0.51339598
-0.96152678
-1.0828694
-0.86583828
1.8770744
-0.80856807
1.2031601
-0.69636261
1.0085032
-0.71898194
0.62367354
-1.0620032
0.072067685
-0.43813906
-1.0100876
-1.0753352
-0.87424491
-0.64728499
-0.77909393
1.1963698
-1.1077046
0.32603968
-0.67612628
1.3338542
-0.82475459
1.0077941
-0.91628154
-1.2170837
-0.93441053
-1.2649095
-1.248879
-1.2794954
-1.329499
-1.3528345
-1.3710416
-1.1001692
-1.4140516
-1.1865251
-1.5776691
-1.2883933
-1.3055502
-1.1850724
-1.3516013
-1.0479831
-0.84748394
-1.0349979
-1.1953801
-0.55565998
-1.3586389
-0.92559078
1.2189153
-0.9804908
1.7282345
-0.56757993
1.4997433
-0.91705315
0.78958312
-1.0447235
0.63204212
-0.85188333
-1.1242762
-1.0374225
1.5017021
-0.76351884
1.3966353
-0.88495564
2.0517368
-0.3784166
0.17262953
-0.96657988
-1.005336
0.49502896
-0.76753138
-0.99724229
-1.1349377
-0.97738024
0.80863956
-0.84689863
-1.1067397
-1.0561234
-0.61027985
-0.77123122
-0.97449013
-1.5015623
-0.79461731
-0.99422449
-1.1680765
-0.98810613
-1.079039
-0.40616166
-1.0810647
-0.60419318
-1.0507991
-0.68330623
0.92648255
-0.37433135
2.2266653
0.77029337
1.9813929
-0.42179915
0.7788378
-0.73778104
-0.96355609
-1.3532059
-0.92978091
-1.3369768
-0.91797425
-1.2192703
-0.30830695
-1.736089
0.41639582
-0.79049115
-1.0529593
-2.2128681
-0.91274508
-1.2501428
-1.0417527
-1.572344
-0.77130204
-0.99404366
-1.8610814
-1.5461141
-0.90495826
-1.3324857
-1.6382431
-1.2128356
-1.3224182
-1.2030988
-1.1810679
-1.2409391
-1.2236315
-1.3493634
-1.227558
-1.1330012
-1.335618
-1.2632872
0.96994742
-1.3886152
1.6231883
-0.56309115
0.35130729
-0.70074463
-0.23617636
-0.67181593
0.44496861
-1.5109467
-1.113683
-0.39690738
-1.02477
-0.68992532
-0.91427443
-0.67567083
-0.83750506
-0.49457429
0.87899518
-1.1865626
-1.2155743
-1.4210828
-0.95447922
-1.8899705
-1.0307488
-1.0764092
-0.48182989
-0.51318063
-1.0176081
-1.2868514
-0.99894227
-0.35118659
-0.93997928
-1.1149099
-1.1919262
-1.3632171
-1.4233946
-0.34838982
-0.83867837
-0.084229029
-1.0949758
0.035286769
-0.74927531
1.2559986
-0.86291305
0.43532624
-1.1373957
-0.94857268
-1.2632167
-1.1340891
-1.1467033
-1.1281402
-0.90494157
1.0600809
-1.0720247
-0.097001899
-1.0399022
-0.77946494
-0.5519996
-0.74096431
-0.71181098
-0.47783985
-1.1354516
-0.7795015
-1.4774796
-1.301423
-0.46162192
-1.164828
-0.92241243
-1.0292794
-0.92785387
-0.81482239
-0.52699888
-0.52989318
-1.2784129
-1.1536393
-1.2358808
-1.1164267
-1.1255625
-1.1982353
-1.185158
-0.93012304
-1.0626996
-1.1306657
-1.0222533
-0.7781127
-1.247389
0.14797828
-1.1039045
-0.96442572
-1.2631686
-1.2841515
-1.0879487
-1.046707
-0.44672972
0.23728355
-0.92470642
-0.66820683
1.5807027
-0.9869035
1.0112412
-1.2043985
0.39124191
-0.78835166
0.21524778
-1.3595722
-0.63545384
-0.45572684
-1.1844949
-1.1238271
-1.0952472
-1.1527053
-0.24705796
-1.0143752
0.12778087
-1.0474764
0.56781314
-0.54665953
0.92482776
-0.56257434
0.56639037
-0.96891076
0.090356186
-0.68503479
-0.97934051
-0.41696237
-1.0534329
-1.0609807
-0.93312788
-0.89632362
-0.71081968
-1.0799574
-0.8435625
-0.71279264
-0.59784534
-0.80861583
-0.50267764
-0.75635082
-1.2141393
-1.4817631
-1.2832177
-0.92285417
-1.1064048
-0.98056218
-0.89768312
-1.5603651
-1.1063847
-1.3109023
-1.1005223
-1.3104646
-1.1812201
-0.68299206
-1.3147266
-0.81360451
-0.70422231
-0.68476295
-1.1260641
-0.51865085
-0.4804776
-0.84472345
-0.52461646
-0.1229983
-1.1831984
-1.1532679
-0.15701631
0.73951544
-0.60779429
1.5855335
-1.2152542
0.12352843
-1.0604103
0.032270967
-1.0005539
-1.0324035
0.14760493
-0.77403052
-0.0099907847
-0.59076675
1.1020298
-0.82676266
1.8805489
-0.88436393
0.63438782
0.082954433
-0.98884893
-0.44951243
-1.0867927
-1.2001958
-0.6945367
-0.97159822
-0.85120895
-0.90424369
-0.55908102
-0.84117569
-0.52233309
-0.61100561
-1.2969366
-0.66786466
-1.142833
-1.5628669
-1.3499099
-1.4790636
-1.2039618
-0.93808791
-0.94459537
-0.5031999
-1.1003361
-1.1524804
0.074396327
-0.86220424
0.57883687
1.4866399
0.16659203
1.8610987
-0.70874514
1.8633528
-1.0038089
0.75606005
-1.0100243
0.97189482
-1.1206127
-0.031092913
-1.0994198
-1.1368631
-0.81220421
0.19191089
-0.74696798
1.0446325
-1.0383953
1.2528579
0.39733093
1.8344686
-0.9601016
0.57165444
-0.77327188
-1.0262559
0.23379974
-1.0959188
-0.41098166
-0.35303597
-1.0477605
-0.76080223
-1.2158738
-0.55344636
-1.0150375
-1.0796391
-0.42274758
-1.0812932
-1.1480649
-1.0890913
-1.0879761
-1.3329987
-1.1862227
-1.2881471
-0.93733803
-1.3744764
-0.9353942
-1.1748992
-1.0599465
-1.2177292
-0.50581749
-1.0586121
-0.54272645
0.58571876
-0.89649889
-0.69387419
-1.0689846
-0.47590354
0.2841497
-0.61301801
-0.24549272
0.95966703
1.9514935
0.6641917
-0.64496989
-0.82303667
1.0048985
-0.67112941
-0.75225804
-1.5645423
-1.1427366
-1.5067972
-1.1224433
-1.2137824
-1.2085964
-0.42189785
-1.2273794
-1.2376529
-1.0832132
-1.2896449
-0.53576536
-0.54133643
-1.2083875
-1.3913064
-1.6387399
-1.9137645
-1.0515643
-1.3546909
-1.3803982
-1.0272235
-1.3179183
-1.1699016
-0.13360369
-0.85482978
-1.2502347
-1.0271419
-1.0858167
-0.66476513
-1.0872859
-1.3018956
-1.0872859
-0.64247676
-1.5523606
-1.5365058
-1.498374
-0.73032128
-0.57104822
-1.1598539
-1.0453376
-1.3349892
-1.1356402
-1.0713137
-1.3715796
-1.4127632
-1.2351362
-1.3678496
-1.3633477
-1.3105182
-1.2923933
-0.96598336
-1.4476168
-1.0176034
-0.99935294
-1.1992984
-1.0201951
-1.2103904
-0.96717992
-1.0147846
-1.3899371
-1.0253192
-1.1463924
-1.3449694
-0.85047307
-1.5212258
-1.4291958
-1.3647159
-0.90860475
-1.3561467
-1.0149982
-1.3161984
-0.93721692
-1.1956388
-1.3303411
-1.1928965
-1.5262165
-1.1145856
-1.6967544
-1.3223703
-1.7536445
-0.98159098
-1.1773036
-1.4688976
-1.2559256
-1.6345562
-1.0920933
-1.0871009
-1.3925552
-1.2753979
-0.94180729
-1.2936458
-1.265468
-1.1669482
-1.4355646
-1.2219617
-1.343114
-1.4763651
-1.0915884
-1.1665232
-1.3201055
-1.5454475
-1.1280286
-1.3070507
-1.3134792
-1.3955755
-1.2249995
-0.84687614
-1.048637
-1.533962
-1.199031
-0.99783798
-1.2596712
-0.72598881
-0.77736466
-1.6115604
-1.1414343
-1.3501498
-1.2221103
-1.164801
-1.2797804
-1.1667475
-1.191852
-1.2706541
0.67040725
-1.0988356
-1.218175
-1.2688088
-0.28738218
-1.0305092
-0.80567786
-0.86521059
-1.3240356
-1.5014317
-1.0544633
-1.0931509
-0.60001266
-1.1046197
0.52747897
-0.91946786
-0.38938735
-1.0849844
-0.74058574
-0.97304598
-1.2177122
-1.4333813
-1.4569279
-1.2117655
-1.0285821
-0.95860345
-1.427307
-1.1236349
-0.81240166
-1.507736
-1.4839987
-1.2237381
-0.64577816
-1.1207409
-1.1868278
-1.8415209
-1.3983473
-1.1102657
-1.1739972
-1.2986151
-1.6318337
-1.2888055
-1.5506584
-1.3185363
-1.079795
-1.3051869
-1.2926064
-1.1346127
-1.2037107
-1.2925417
-1.3112837
-1.288777
-1.1692433
-1.3180533
-1.2139652
-1.481073
-1.1276726
-1.3181858
-1.1489259
-1.1805491
-1.0167911
-1.2486651
-1.1832812
-1.1238525
-1.5867056
-1.5017891
-1.4055202
-1.0286181
-1.4317936
-1.3051896
-1.1653335
-1.2963747
-1.8319591
-1.3908218
-1.0431013
-1.2362405
-1.4327433
-1.3741962
-1.4583688
-1.8600982
-1.204852
-1.1769753
-1.325478
-1.1205853
-0.99237576
-1.0826086
-1.932949
-0.16024309
-0.70702265
-1.1067701
-0.77933446
-1.1083955
0.33357523
0.32342405
-1.1347702
0.0048285547
-0.17294474
-0.91591458
-0.8848998
-1.5291901
-0.89486998
-1.2059483
-1.2881205
-0.96901794
-1.1067061
-1.5787412
-0.19967712
-0.81160717
-1.3327677
-1.1639174
-0.78695044
-1.0627031
-1.0585359
-0.94297496
-1.1568147
0.48057579
-1.3884216
1.5978079
-1.0830671
-1.5454761
-1.0211578
-1.416772
-1.35012
-1.1436244
-1.3367381
-1.1256259
-1.0462176
-1.1391535
-1.1479535
-1.518254
-1.3160646
-1.166825
-1.4544535
-1.2630851
-1.4832273
0.47255578
0.88068714
-1.166836
-0.96519566
-0.58279418
-0.55604678
-1.0562427
-1.0386196
-1.0591966
-1.3768722
-1.0734918
-0.70593155
-0.95378371
-0.80784608
-0.29551129
-0.94021257
-0.63145241
-0.71196433
-1.492163
-1.1417184
-1.0922044
-1.0239156
-1.3526179
-1.2833547
-1.1173489
-1.4950037
-1.3856994
-1.281051
-1.3106252
-1.3453173
-1.2363067
-1.1334666
-1.4916134
-1.4693351
-1.1613657
-1.2244995
-1.311325
-1.9032047
-1.0670814
-0.94032355
-1.4931151
-1.6203812
-1.4335303
-1.2416595
-1.4680152
-1.3876398
-1.1879989
-1.6255889
-1.4955279
-1.1820945
-1.4331673
-1.3529221
-1.1224611
-1.1330232
-1.7426507
-1.1270472
-1.2567167
-1.2564178
-1.3178712
-1.2927989
-1.4610094
-1.1682569
-0.79152766
-1.3895175
-1.3536266
-0.3389905
-0.51242006
-1.048641
-1.1749925
-1.6356346
-1.417619
-1.234729
-1.1107105
-0.95083147
-0.63691622
-1.0148305
-1.1353318
-1.1765911
0.53053247
-1.3553958
-1.0508467
-0.61580384
-1.0255114
-0.90547032
-1.1614822
-0.79225691
-1.0309682
-0.79564986
-1.3169545
-0.81496305
-0.99734239
-0.9004756
-1.3625143
0.14246433
-0.43005531
-1.0727071
-0.87628736
-0.57875221
-1.1408297
-1.4474269
-1.0578777
-1.3144781
-0.88959829
-1.3661224
-0.74934023
0.14708777
-1.2350287
-0.93810938
-1.3874302
-0.4162272
-1.1968474
-1.6298258
-1.1483877
-1.204719
-1.2075751
-1.3981808
-0.9696728
-1.096482
-1.4613771
-1.3490164
-1.3678243
-1.3540132
-0.77589519
-1.1383181
-1.3010136
-1.0245784
-1.2432917
-1.5898146
-1.4505651
-1.2926628
-1.0867027
-1.2501398
-1.3300848
-1.2707709
-1.1253634
-0.75224818
-0.75367037
-1.0922487
-0.65728146
-0.75887404
-1.0785152
-1.2818789
-1.0488249
-1.0215176
-1.0646132
-1.069983
-1.2007846
-0.6186473
-0.96620035
-1.1413194
-1.0932308
-0.95978689
-1.1177191
-1.5396724
-1.7335374
-1.2078803
-1.0482267
-1.2860197
-1.4297973
-1.896512
-1.2279287
-1.7357943
-0.56843136
-1.1267907
-1.2523688
-1.3832732
-1.0265377
-1.2911494
-1.5828701
-0.94405905
-1.8147453
-0.33153948
-0.98084562
-1.0690568
-1.400365
-1.4559831
-0.95772663
-0.67965437
-0.46802072
-0.38154049
-1.4455295
-0.1392271
-0.8120199
0.49123854
-0.18673538
-1.2496546
-1.575813
-1.274171
-0.11374213
-1.3796186
-1.3538807
-1.1774881
-1.1142045
-0.7297604
-0.7077006
-0.98568661
-0.37967124
-1.0228919
-0.57383951
0.21035925
-0.34844384
-1.3039986
-1.0660849
-1.1544176
-1.3897723
-1.3383387
-1.1750619
-1.4111304
0.10359317
-1.2669868
-1.1151848
-1.0705359
-1.5430577
-1.6098335
-0.95205482
-0.40854829
-0.3387124
-1.077868
-1.2354787
-0.72008398
-1.0932308
-1.1073228
-0.83119117
-1.3200244
-0.98037611
-1.1238043
-0.82556977
-1.0379984
-0.99965173
-0.98037611
-0.60051624
-1.3782818
-1.0348056
-1.7904538
-1.2579908
-0.62122527
-1.0556847
-0.13259632
-1.0168144
-0.91017653
-0.96306827
-1.3745236
-1.7538363
-1.4549994
-1.3463182
-0.96253391
-0.98376328
-0.86743947
-1.139439
-0.75850748
-1.3969881
-1.4216965
-1.4375544
-0.97310251
-1.3419997
-1.0961712
-1.0740312
-0.55678173
-1.0040358
0.09438521
-1.4692182
-1.1163113
-0.88787654
-0.99138197
-1.0496505
-0.28549919
-0.80892513
-1.5389039
-0.93104336
-1.9400556
-1.0003713
-0.64113393
-1.0557804
-1.1465418
-1.4176946
0.1645998
-1.1859623
-1.0784924
-1.3946699
-1.41075
-1.2437764
-1.6246154
-1.2088463
-1.0439092
-0.71342814
-1.666818
-1.2634233
-1.3223411
0.30115325
-1.1786187
-1.4283338
-1.2243185
-1.0643617
-1.0635793
-0.6434854
-1.2191425
-1.1589352
-1.4294323
-1.5156794
-1.025935
-1.2217908
-1.63574
-1.2552213
-1.0267982
-0.9264666
-0.78368301
-0.71611603
-1.4483808
-2.1419823
-0.66013975
-0.67358362
-1.5174292
-1.8730087
-1.5192162
-1.3302661
-0.78621406
-1.3273529
-1.4332521
-1.2833824
-0.49956375
-1.8100219
-0.15888425
-1.5033937
-0.97274003
-1.340941
-1.6864099
-1.5598847
-1.8205004
-1.6365158
-1.4502425
-1.0896416
-1.5584388
-1.6187961
-1.0673725
-1.594343
-0.29791511
-1.2750334
-1.4670257
-1.4418137
-1.0770758
-1.448451
0.42467482
-1.2654761
-0.30843558
-1.097643
-1.4578273
-1.1991808
0.30174687
-1.0610181
-1.3447313
-1.1897563
-1.2972486
-1.1252735
-0.60990656
-1.236463
-1.5476294
-1.0442772
-0.32871717
-1.3410605
-1.9939034
-1.3195669
-0.83396403
-1.2237685
0.2155454
-1.2464915
-0.66799373
-1.5943087
-0.92232016
-1.243369
-0.63746774
-1.2776066
-1.0075797
-1.2932938
-1.2769624
-1.5064591
-1.214614
-1.3053642
-1.4065391
-1.6519774
-1.8500305
-1.2860936
-0.8832084
-1.3498861
-1.8728641
-1.4523984
-0.9657474
-1.1805025
-1.3441693
-1.3478744
-1.4052094
-1.1795862
-1.7611813
-1.1347056
-1.5831099
-1.597311
-1.4323199
-1.4282182
-0.86447951
-0.54534953
-1.2870066
-1.3413182
-0.94434627
-1.0842883
-1.6190516
-1.268951
-1.7306813
-1.3047288
-1.2713455
-1.5000679
-1.4429171
-1.8588173
-0.43321379
-0.98578538
-1.1747999
-0.56478362
-1.4508325
-0.74259013
-1.2064488
-1.3574719
-1.204904
-1.2252391
-1.5921483
-1.5692872
-0.92506233
-1.4568153
-1.7016123
-1.2062934
-1.3339102
-1.2578905
-1.2835044
-1.0529077
-0.94446939
-0.2422386
-1.3506528
-0.79359337
-1.1980288
-1.7837235
-1.526194
-1.3066979
-0.64805796
-1.5261317
-1.2875037
-1.4976249
-1.7006221
-1.2925689
-1.1714761
-1.69863
-1.3991039
-1.5390728
-1.4609102
-1.7634128
-1.5849107
-1.5559296
-1.7847948
-1.1554024
-1.3873015
-1.2309846
-0.79271436
-1.4282221
-1.4027831
-1.3951325
-1.6638055
-0.85066005
-1.3182536
-1.3619606
-0.3740563
-1.3140174
-1.6680531
-1.0492552
-1.4460428
-1.5340381
-1.548061
-0.6852567
-1.4858301
-1.3935363
-1.4930063
-1.312128
-1.3112635
-1.2773447
-1.7795795
-1.4943333
-1.2775409
-1.2958131
-1.3007745
-1.289585
-1.3755545
-1.3129215
-1.220883
-1.3648035
-1.7955322
-1.6390299
-1.5386413
-1.6413445
-1.6985724
-1.3664499
-1.7855632
-1.5123459
-1.4370261
-1.5096589
-1.277901
-1.3956978
-1.489731
-1.4881446
-1.5161935
-0.78050324
-1.4191546
-1.2349505
-1.3258316
-1.560039
-1.5408246
-1.4222981
-1.0070548
-1.2061329
-1.6177578
-1.2258359
-1.3742902
-1.507693
-1.1180738
-0.99652734
-0.87735976
-1.1739449
-1.91001
-0.67710399
-1.0791789
-0.89632058
-1.1256837
-0.58688
-1.5876496
-1.2457927
-1.0237938
-0.21053241
-1.7218088
-1.3202955
-1.7361694
-1.1461404
-1.3524073
-0.14056468
-1.321442
-0.71439253
-1.3021808
-1.1419224
-1.6230913
-1.2915265
-0.78916232
-1.3040536
-1.1428514
-1.1568995
-1.5632245
-0.5099026
-1.2024728
-1.1440161
-1.1215723
-0.14262531
-0.96112241
-1.262568
-1.1828712
-1.9229603
-1.743149
-0.92011013
-1.0817938
-0.60409406
-0.97873997
-0.72913072
-1.1963349
-1.1738022
-0.77671368
-1.4422013
-1.0743337
-1.4972986
-1.433633
-1.2828593
-1.1073228
-0.80520058
-0.92512878
-1.4185447
-1.2626241
-1.0461325
-0.70953714
-0.90226937
-0.026816949
-1.0312582
-0.91456052
-1.2095667
-0.81328646
-1.0708213
-0.8862138
-0.87726449
-0.8306179
1.3889374
-0.61391801
1.1388235
-0.84632336
-0.1006982
-1.2604844
0.12859651
-1.2332016
-1.2026707
-1.1855891
0.51844918
-0.64186106
0.19699288
-0.45517795
0.39579471
-0.35400693
0.71634349
-0.33069943
-1.1408242
-0.56260748
-1.1836473
-1.423464
-1.0203052
-1.1073228
-1.1858638
-1.1421959
-1.0755598
-1.1931898
-0.50942877
-1.0583364
-1.1848598
-1.1425386
-1.1401921
-1.0368927
-0.72123973
-1.2459249
-0.38666956
-0.025916644
0.870235
2.2702621
0.61999016
1.5632285
-0.35046925
0.10345267
-1.3357868
-0.95871704
-1.2212589
-0.99838468
-1.4364113
-0.2102527
-0.95627014
-0.76127341
-0.90562598
0.83597447
-0.54371052
2.0419876
-0.10836449
1.591298
0.40745873
-1.1026605
-0.75908595
-1.1222198
-1.1054408
-1.1232611
-1.0405531
-1.0339706
-0.99653775
-0.94641939
-1.081997
-0.9344091
-0.053927625
-1.7817523
-1.1520762
-0.92889989
-1.5789399
-1.0887971
0.11171941
-1.0437134
-0.6213588
-1.18142
-0.62878063
-1.0922858
-1.1960106
-0.16563596
0.072734652
2.2369147
-0.26454078
0.70847549
-0.21500836
1.3104927
0.37098826
1.8158976
-1.1883696
0.33082059
-1.0183408
-0.3027843
-1.2537396
-1.2302195
-1.078141
0.78838311
-1.0264822
0.91387502
-0.30894797
-0.99912105
-0.94527917
0.62831122
-1.1283212
1.5881983
-0.95748706
1.4732507
-0.68310036
-0.80038763
-0.1577819
-1.1300188
-0.65451118
-1.1506282
-1.017194
-1.1962079
-1.1059951
-0.21434019
-1.0380009
-1.2389273
-0.7358723
-1.9170453
-0.097765435
-1.2116593
-0.95426909
-1.1217033
0.33333028
-1.2461012
-0.94034911
-1.1453754
-1.035495
-0.91227338
-1.1710002
-1.1082295
-0.989842
-0.74088763
0.7147168
-0.678906
1.1046927
-0.75398559
0.079498827
-1.0209293
1.4464268
-0.9890986
-0.49205207
-1.000074
1.2939574
-0.91843294
-0.8897896
-0.99821447
1.2611898
-0.71711524
0.85084759
-0.99641059
0.67734877
-0.59437472
1.1276577
0.018535556
1.393472
-1.3642627
0.66518804
-1.125964
-0.45454362
-1.4175475
-1.3669239
-1.10585
-1.1115526
-1.2362221
-1.276539
-1.6985112
-1.1240118
-0.21765168
-0.46444731
0.34546421
-1.1570292
-1.2395964
-0.554873
-1.217087
-1.5384226
-1.2792042
-0.96204233
-1.2508435
-1.115582
-1.5068589
-1.1833221
0.56579736
-1.3578756
-1.6586167
-0.88538071
-1.3505657
-1.1271002
-0.89256649
-0.12338468
1.7611707
-0.81251502
1.7091669
-0.075847874
2.1009348
0.069009672
1.578436
-0.98697545
1.9581258
-1.0858294
0.66522821
-0.36743588
-1.0835602
-1.1384
0.3696245
-0.25661045
1.1850666
-0.37177909
2.4973656
-0.8933519
0.1606865
-0.70994991
0.21764434
-1.3000285
0.42678619
-0.97857314
-1.3189093
-1.184173
-1.0192492
-1.1824255
-1.0497473
-0.56827757
0.32026325
2.0375309
0.22885762
1.8324889
-0.34471616
1.6693559
-0.50638931
1.1391063
-0.81049688
-1.0210138
-1.3307582
-0.83183133
-1.4117354
-1.0292212
-1.1034031
-1.0802258
-1.2064629
-1.8472882
-1.3213972
-1.4844442
-2.210059
0.043548352
-0.17148275
-0.77042017
-1.41299
-1.4858587
-1.8939029
-0.24363774
-0.4266843
-0.67398071
-1.1491641
-1.2264949
-1.0652817
-0.87370267
-1.1928971
-0.80510833
-1.0024104
-1.2681471
-1.1206547
-0.2461167
-0.95308259
-0.78194048
-1.3228372
-0.2292291
-0.91694169
-1.1199895
-1.2361503
-0.95210776
-0.32200426
-1.1443858
-1.0489236
-1.4086852
-1.0747031
-0.53538328
-0.90949817
-1.0153327
0.18205784
-0.95974973
-1.5389133
-0.92836033
-0.96416228
-1.4372591
0.66463948
-0.99547184
-1.1543802
-1.3569072
-1.0536943
-0.64998598
-1.408501
-1.1210611
-1.1507423
-1.3673524
-0.94618575
-1.0220019
-1.2708059
-0.79949623
-1.1719467
-1.0193246
-0.96122127
-1.0468449
-0.97190102
-1.0140088
-1.0065564
-1.0817906
-0.60184893
0.3967359
-0.84298663
-0.98384166
-0.90556052
-1.2088107
-1.0132631
-1.1086413
-0.85713909
-1.5527797
-0.51775158
-1.2426664
-0.8745972
-1.2701877
-0.084429653
-0.75512206
-0.95570469
-0.8956535
-1.1001599
-0.72174095
-0.86856339
-0.39924495
-0.87921916
-0.44398479
-1.0555177
-0.82481471
-0.61649291
-0.7480549
-0.95073546
0.071259017
-0.99805534
-0.9851146
-0.99225826
-0.96037245
-1.3519325
-1.1525536
-1.1071756
-0.84801497
-0.48846041
-0.98337874
-1.1276728
-0.97201316
-1.1839927
0.43904152
-0.64004515
-1.089638
-0.2590768
-1.0686209
-1.4359769
-1.1216067
-0.87871158
-1.0302571
-1.07876
-0.85956719
-0.49382721
-0.86143978
-0.96765399
0.42075828
-1.242589
-0.81382882
0.18811546
-1.2887035
-1.2092752
-1.049635
-0.95203898
0.58235903
-0.79723726
-0.44602387
-0.67110034
0.046525691
-0.22915447
-0.70010479
-0.92339209
-1.4158467
-1.1003475
-1.0942692
-1.0743377
-1.2910855
-1.160548
-1.3663811
-1.0993033
-1.1925695
-1.5764532
-1.0648786
-0.7814806
-0.95321829
-1.0322692
-1.1945321
-1.0945819
-1.0198681
-1.0030733
0.050319958
-1.0456185
-0.77078621
-1.0635002
-0.11031102
-0.81624448
-1.0746931
-1.3407295
-1.0619017
-0.30026333
-1.1412754
-0.76268364
-1.0431227
-1.2363514
-1.1041454
-0.64860079
-1.5195482
-0.79149314
-1.0231214
-0.88574013
-1.3252661
-0.95275645
-1.2458121
-0.94654701
-1.2185686
-0.81077208
-1.1834905
-0.9180216
-1.2470608
-0.99225443
-0.70885297
-1.0852596
-0.60056189
-0.78972201
-1.1998909
-1.1309052
-1.1399334
-0.77452573
-0.82151232
-0.87828891
-1.3772504
0.39060969
-0.1931526
-1.2579575
-1.0795161
-0.97852246
-0.98688097
-0.81194641
-1.0084322
-0.90512504
-1.0899066
-0.71525444
-1.1575168
-0.88790898
-0.35042804
-1.0391788
-1.4934804
-0.65792061
-0.67547514
-1.2251167
-0.7930296
-1.0773146
0.68031435
0.91705273
-1.1968208
-1.019493
-0.90407167
-0.78194048
-0.72004931
1.3584833
-1.1190926
-0.87302277
-1.0245828
-1.2513282
-0.91622639
-1.1616586
-1.5828561
-0.98150077
-1.1732079
-0.57543931
-0.7793299
-1.0385786
-1.0865236
-1.0105557
-0.88662563
-0.76888129
-1.2005986
-0.56774082
-0.95663027
-1.0966836
-0.91667268
0.43829622
-0.79763477
-1.1692367
-0.99757653
-0.10144761
-0.78194048
-1.1012598
-0.87401958
-0.705041
-0.99982792
0.53265231
-0.99329881
-1.1528659
-1.4448475
-1.1326937
0.86186521
-1.1582875
0.31790869
-1.0472271
-0.88078352
-1.0637696
-0.94091
-1.3131465
-1.1071265
-1.3650073
-1.2425385
-0.95189223
0.084301187
-1.0891307
-1.4196602
-1.3377858
-1.3919744
-1.0885492
-0.83062828
-1.1206334
-1.1707708
-1.2610436
-0.90251408
-1.0287197
-0.88782835
-0.91885379
-1.1540735
-1.1867571
-1.1021229
-0.65682519
-0.82407261
-0.98970425
-0.90086905
-1.2174631
-1.0053712
-1.2782872
-0.47072065
-0.037254149
-1.0582465
-0.80326703
-0.5494272
0.19116519
-1.0871538
-1.1576982
-0.82021775
-0.70559816
-0.21456658
-1.2212082
-1.3332223
-0.96562927
-1.1417041
-0.9913311
-1.0083121
-0.9221501
-1.0926674
-0.96844758
-0.89304008
-1.0048295
-1.0691867
-1.1231529
-0.92886476
-1.1933574
-0.74744312
-1.1686191
-0.90054298
0.73268514
-0.7764701
-0.43132368
-1.0067013
-1.1850229
-1.0447293
-1.1836282
-0.58305215
-0.90419985
-1.1280668
-0.59649116
-0.067614173
-1.0686114
-0.76441215
-0.99426005
-1.1708665
-1.0934887
-0.91822573
-0.96311975
-0.79676764
-1.0043653
-1.0616031
-0.80120577
-0.96094309
-1.1189596
-0.95654661
-0.81215987
-0.7520513
-0.3876963
-0.97096805
-1.0377421
0.0082505324
-0.73328176
-0.93685387
-0.99425637
-1.0673345
-0.18610715
-0.047652781
-0.70812451
-0.23205797
0.31152237
-0.91344575
-0.31551027
-1.1212365
-1.1069086
-1.0836512
-1.0617805
-1.3117716
0.26763412
-1.0044851
-0.92374022
-0.87413539
-1.0777552
-0.95574665
-1.2950427
-1.0543091
-1.450338
-0.88963248
-1.0946055
-1.0968417
-0.92174202
-1.1885049
-1.0388462
-0.99249059
-1.0506159
-1.3347383
-1.0977527
-1.1789033
-1.3004353
-1.2482272
-1.0534381
-1.2179064
-1.0347213
-0.99766289
-1.2001177
-1.2797322
-0.97851189
-0.98587184
-0.83220753
-0.99865087
-0.94853888
-1.168243
-0.81405813
-0.40242572
-0.97890566
-0.92814743
-1.1486196
-0.6164639
0.42087853
0.44565084
0.62583659
1.9052557
0.37244769
0.79872559
-0.33330052
-0.11442137
0.46638697
-0.70767725
-0.83367239
-0.83439394
-0.88101709
0.42813181
-0.60213968
-0.24759672
0.34766937
1.448358
0.007018301
-0.43781202
-0.46825451
0.022475281
-1.2400878
-1.0189223
0.92866523
-1.3386907
-0.78194048
-0.59923916
-0.76531562
-1.0310937
-0.94248788
1.4908805
-0.87897065
1.5126566
-0.67211628
2.1441065
0.10121468
-0.74264222
0.23154202
-0.97451292
-0.96398326
-0.089155878
-0.51412303
-1.1296258
0.93683467
-1.0178989
0.69466041
-0.10070985
0.53070795
-0.96482573
-1.0097551
-1.00965
-0.28946878
-0.34650262
-1.1317818
-0.91000052
-1.0095156
-0.9767568
-1.2496079
-0.45533876
-1.2060146
0.25868306
-0.029595946
-0.866357
1.3351145
-0.78355548
1.28253
-0.46698574
-1.0347325
-0.8167454
-1.1498711
-1.17365
-1.1450984
-1.0360427
-1.4988265
-1.3035655
-1.3328446
-1.1020881
-1.9156233
-1.1722332
-1.124201
-0.44392215
-0.95887847
-0.80808515
-1.073941
-0.65603871
-0.26895062
-0.39232944
1.3835748
-0.48436283
0.54214842
-0.83212038
0.14201981
-0.23504755
0.030091455
-0.99731519
0.087631105
-1.045057
-0.88820647
-1.0550367
-0.82662472
-0.87603405
-0.6610186
-0.19132604
1.8882871
-0.83542201
0.69344582
-1.3687106
0.9517863
-1.0000357
-0.82666932
-0.9119408
-1.0877182
-0.46405721
-1.0202364
-1.0311643
-1.2608682
-1.21549
-1.1400533
-1.7574469
-1.1379254
-1.2973441
-1.1085002
-0.19043594
-1.0893447
-1.1342739
-0.86339358
-0.77064881
-1.1790914
-0.96068174
-1.082468
-1.2528089
-1.3225553
-1.197426
-1.301177
-1.3423327
-1.4124268
-1.1061405
-1.2926493
-1.0328434
-1.6535358
-1.1648289
-1.5900579
-1.1009104
-1.1928541
0.65256085
-1.0294128
1.1320736
-0.25492132
0.61318084
-0.041633315
1.069069
-0.76829174
-0.43354688
-0.95512556
-0.51691239
-1.3164503
-1.0008711
-1.0693448
0.20419194
-0.70729408
0.15509526
-0.99921016
-0.68852582
-1.0859436
-0.78547656
-0.95405927
-0.74621558
-0.92585477
-0.21112616
1.7631194
-0.4794457
-0.09506504
-1.0291491
1.6222095
0.26296236
0.27392153
-0.80243954
-1.2246804
0.58964624
-0.96445337
-1.279341
-0.9048534
-0.49504635
0.26546898
-0.80421779
-0.017376012
-0.98746401
0.98880557
-1.0829021
-0.066596738
-0.85842035
-0.3634685
-0.6201445
0.78345873
-1.0272521
0.078404623
-1.1684036
-1.2384891
-1.099025
1.7097717
-1.12521
0.75410314
-0.54074717
0.87476233
-0.98972395
0.72987256
-0.99663008
2.2372248
-1.0791942
1.3753342
-0.82877527
-1.1401219
0.25647855
-0.23879035
-0.76576154
-1.2607912
-1.7094825
-1.1233222
-1.0846965
-0.51501374
-1.0389419
-0.94447227
-0.9691095
-1.004657
-0.82227877
-0.99044329
-0.81554432
0.2337944
-0.81065319
-0.74606711
-1.6190114
-0.72257568
-0.67546087
-0.67086447
-0.99485049
-0.77852138
-0.80997407
-0.95980185
-1.1211701
-0.30804011
0.15488131
-0.73308847
-0.77386138
-0.99902348
-0.99409678
-0.91405612
-1.4075818
-1.222835
-1.3359319
-1.2024165
-2.1027719
-1.2018864
-1.4276033
-1.1893884
-1.4436885
-0.58262489
-0.4074547
-0.5767159
-1.2032094
-1.0475849
-0.62749793
1.2628733
-1.0090475
0.85939747
0.39460374
-0.11192853
-0.27581476
-0.24671257
-1.3080158
0.67832038
-1.0156385
-0.4763243
-0.96016077
-0.56951555
-1.2154008
-1.1492071
-1.0923532
-0.98455544
-1.0775976
1.0120363
1.3794658
-0.82442766
0.037078412
-0.2675166
1.8243421
-1.0446325
0.86542443
-1.0733096
1.0005441
-0.87061814
-0.014231448
-0.96647679
-0.61865469
-1.3085643
-1.4554268
-1.1101345
-1.1094309
-1.2588873
-1.2743917
-1.2777036
-1.5139133
-1.2471983
-1.3830305
-1.1509016
-1.1929642
-1.1765022
-1.4442979
-1.3628627
-1.3282963
-1.4514779
-1.3265942
-1.2212324
-1.315595
-1.148897
-1.1314804
-1.069634
-1.3325173
-1.753009
-0.94143023
-1.2346151
-1.0078749
-1.1967532
0.024766861
-0.86569572
-0.70327731
-0.93772098
-0.32399026
-0.79219635
1.5489409
0.27671639
1.7232396
-0.47505874
0.56910983
-1.3156303
-0.9861555
-0.87606768
0.30121525
-0.72004581
-0.99016659
-1.2372253
-0.57750271
0.28739802
-1.1368772
0.70791382
-0.19456205
-0.55905266
-0.99917904
0.42936055
-1.0484229
-1.1583573
-0.97228616
-1.1309985
-0.89192568
-0.91309291
-1.0579431
-1.191986
-0.26326952
-0.787378
-0.83666091
-0.94274965
-1.0453391
0.92370671
-0.70378752
0.067506854
0.55484041
0.067149563
-0.33085824
-1.3763347
-0.37074963
-0.65724938
-0.69576915
-0.34981418
-1.2288849
-0.99830832
-0.82173926
-1.2331898
-1.1476763
-1.4519439
-1.3378946
-1.4772254
-0.61693689
-1.407674
-0.38294131
-1.2681635
-1.4829438
-1.3972622
-0.91186123
-1.7986056
-0.78075633
-1.0737642
-1.2199531
-0.64066421
-1.2109032
-1.6980453
-1.0443112
-1.4136844
-1.4408121
-1.5687415
-1.2149377
-1.0292503
-1.4331605
-1.2082312
-1.6035713
-1.4926264
-1.1109331
-1.5742331
-1.3797594
-0.95478574
-0.83334505
-1.0351642
-1.2871408
-1.1085537
-0.51826492
-0.8010472
-1.1037586
0.676943
-0.65886472
-0.99525327
-1.1116558
-1.0201349
-0.98718295
-1.3606754
0.10255905
-0.63751206
1.0549282
-0.67206899
0.28922462
-0.76501723
-0.510965
-0.94527509
1.3741783
-0.9297785
1.8487019
-0.86939887
1.4381611
-0.95716474
-0.79127501
-0.70397443
-0.59702771
-1.4185427
-1.3412164
-0.98525486
-1.0106819
-1.1616346
-1.2564816
-1.6187674
-1.3117975
-1.4015539
-1.3819841
-1.1827232
-0.99235485
-0.83086708
-1.0299388
1.088433
-1.291881
-1.0123908
1.1582142
-0.31450739
-0.37451982
-0.42895121
1.9475178
-0.88180799
0.24212321
-1.0560417
1.2572677
-0.47178944
-1.085754
-1.0453459
0.91433608
-0.7721183
0.56627266
-1.055903
1.8929306
-0.48247944
1.0953393
-0.879968
-0.5563675
-0.086908202
-1.6576942
-1.5809938
-1.2998828
-1.134441
-1.3404529
-1.3285326
-0.7967147
-1.2479549
-0.26384661
-0.89987055
0.93355433
-0.99670583
-0.50265921
0.039507097
-1.2097769
-0.12864351
-0.96149989
0.70868994
-1.0521217
-0.91776818
-1.7392506
-1.0462949
-0.94579935
1.111004
-1.1964157
0.9018895
-0.22889821
2.1273776
-0.80518897
-0.8679523
-0.35758987
-1.0433299
-0.81632879
-1.1208878
-0.23735109
0.28553648
-1.4078266
-0.97858766
-0.4972482
-1.4439138
-0.3191669
0.17122716
-1.5122978
-0.94376918
-0.76256781
-0.97206814
-0.89564488
-0.55052938
-1.7501982
-0.84765936
-1.0483816
-1.1237982
-1.2907786
-1.5641671
-1.2263321
-1.2726134
-1.1969968
0.5732528
-0.90216782
-1.0496373
-1.3162225
-0.92815455
-1.3784127
-1.190348
-1.3533106
-0.62884196
-0.50384183
0.7675538
1.5186076
-0.029800136
1.1529177
-0.95815415
-1.4239276
-0.99959311
-1.3275072
-1.2758596
-1.021052
-0.47498869
0.18634455
1.3066908
-0.71261622
-1.1544801
0.52464613
-0.5905076
-1.2266206
-0.91191526
-0.71242
-1.2373653
-1.1992018
-1.2699021
-1.5357355
-1.3298506
-1.4336135
-1.2720999
-1.7025835
-1.0648152
-0.8900644
-1.0816569
-0.65328233
-0.25071857
2.2758689
-0.35949917
1.5781458
-1.0124632
2.206431
-0.5156174
0.41593379
-0.7135475
-0.73869686
0.75764696
-1.0075688
-0.9591684
-1.2045035
-1.1563944
-1.021821
-0.22941849
1.415822
0.15831624
0.83749338
-0.64052271
2.2546793
-0.61827997
1.7168708
-0.42736205
0.084193954
-0.60099706
-1.097443
-1.4024828
-1.3185933
-1.4375429
-1.3912085
-1.2252688
-1.5258183
-1.1841358
-1.5266325
-1.2853678
-1.8639333
-1.1157204
-1.5342416
-0.60802806
-1.2868863
-0.96077308
-1.3883998
-1.0877712
-1.567518
-1.1856832
-1.3798358
-1.6405311
-1.3732574
-1.262252
-1.381448
-1.2508102
-0.99747447
-1.5189008
-1.4898817
-1.2726379
-1.3508725
-1.4022833
-1.5271207
-1.3468046
-1.6452893
-1.4316389
-1.7376992
-1.6721305
-1.5065084
-1.8262693
-1.5207475
-1.3075785
-1.4326285
-1.4338388
-1.6350911
-1.0665192
-1.3066397
-1.0785462
-1.1511661
-0.85684912
-1.1756004
-0.97506525
0.51470845
-0.24514543
1.0826609
-0.60397951
0.71495647
1.4458713
1.7313891
-0.52065808
-0.51096161
-1.0029855
-1.0727771
1.5114127
-0.094275666
1.90355
-1.0290125
0.25925439
-0.23187627
1.3395212
-0.11941075
-0.98016721
-1.1545744
-0.94904061
-0.039453936
-1.2016957
-1.4218654
-1.1599424
-1.5103479
-1.6320791
-1.0373428
-1.0896997
-1.1799193
-0.087432416
-1.1068699
-0.83750294
-1.1432395
-0.47370407
0.63113902
0.27671334
1.3870825
-0.31120205
1.531287
0.42866703
0.29752911
0.80718772
-0.79396277
-1.0137143
-1.3779075
-1.1860249
-1.0705881
-0.85407159
-1.3510772
1.0094721
-1.0476197
-1.3079806
-1.0384577
-1.2026966
-0.64083413
-1.2638421
-0.49221919
-1.1873548
-1.2356653
-0.44240194
-1.1228908
-0.86458849
-1.2296563
-1.2632112
-1.2384714
-1.7524241
-0.86431311
-0.8411941
-0.74280993
1.1821797
0.044427131
0.4046199
-0.12037992
2.3315473
-0.82184433
0.47366786
-1.0083176
-0.55166063
-0.081201637
-0.99853057
-0.89681117
-1.188442
-1.118841
-1.1672407
-1.4030401
-1.5691651
-1.1340094
-1.1449147
-1.282903
-1.3123094
-1.2491943
-1.4931348
-1.1873718
-1.273504
-2.0686734
-1.1910927
-1.2632221
-1.5062156
-1.1260449
-0.22682988
-1.006366
-0.88629396
1.8729672
-0.44348003
2.4693609
-0.32196747
2.3403184
-0.47770604
0.82494253
-0.090773597
-0.075115391
-1.0584323
-1.0372225
-0.96892794
1.0461515
-0.9857446
1.5494565
0.20137613
1.6376703
-0.98219482
1.5886595
-1.3704484
-1.1714908
0.33093181
-0.95321475
-0.96604699
-1.0540326
-1.1349216
-1.312558
-1.8496486
-1.5775116
-0.84487802
-1.4005974
-1.5288189
-1.2909907
-0.96138037
-1.2067091
-0.43233051
-1.124281
-0.99886432
1.142062
-0.46547683
0.81130719
-1.0208311
1.4488023
-0.61021197
1.2092478
-1.0237034
-0.64732647
