-1.0007867
-0.99994987
-0.99945374
-0.99975396
-1.000001
-1.0004409
-1.0003335
-0.99962375
-1.0002151
-0.9995833
-0.99991492
-1.0011329
-1.0002692
-0.99927815
-0.99932128
-0.99942745
-1.0003518
-0.99952016
-0.99990297
-0.99880285
-0.99933807
-0.99900683
-0.9985919
-0.99954508
-1.0001122
-0.99860584
-1.0002342
-1.0000875
-0.9996512
-0.99918136
-1.0000807
-0.99998952
-0.99908045
-0.99979892
-0.99957689
-0.99878051
-0.99891016
-0.99950882
-0.99942309
-0.99941451
-0.99751925
-0.99963728
-0.9987603
-0.99962348
-0.99992384
-1.0002029
-0.99998626
-0.99991604
-0.9997996
-0.99965056
-0.99989925
-0.99980974
-1.0008184
-1.0010868
-1.0002423
-1.0008275
-1.0001396
-0.99890983
-0.99999773
-1.0003214
-1.0000091
-0.99946505
-0.9998299
-0.99997976
-0.99979907
-0.99905832
-0.99896159
-0.99979586
-0.99859037
-0.9995357
-1.0000843
-0.99946949
-1.0004153
-0.9999439
-1.0002806
-0.99998873
-0.99942236
-1.0008032
-0.99869767
-0.99990841
-0.99857315
-0.9984944
-0.99867201
-0.9993516
-0.99819192
-0.99963958
-0.99950085
-1.0006148
-0.99902834
-0.99984791
-1.0001877
-1.0011348
-0.99948358
-0.99969115
-1.0004782
-1.0000554
-0.99964049
-1.00023
-1.0006088
-1.0000073
-1.000394
-0.9992307
-0.9997613
-0.99941684
-0.99946007
-0.99944226
-0.99855794
-0.99914154
-0.99890929
-0.99953331
-0.99952668
-0.99893454
-0.99946423
-1.0000273
-0.99858379
-0.99893317
-0.99993695
-0.99941922
-1.000401
-0.99852644
-0.99892259
-0.99946466
-1.0000256
-0.99914356
-0.99932721
-1.0001187
-0.99921378
-0.99819036
-1.0003967
-0.99986715
-1.0004037
-0.99954744
-0.99939241
-1.0003451
-0.99990867
-1.0002207
-0.99891833
-1.0011252
-0.99990647
-0.99935046
-0.99923951
-0.99980282
-1.0004577
-0.99960538
-0.99894648
-0.99858943
-1.0007272
-1.0006535
-1.0005128
-0.99863295
-0.99893718
-1.0003215
-0.99962332
-0.99954546
-0.99976275
-0.99986797
-0.99956916
-0.99945381
-0.99938652
-1.0012447
-0.99873883
-0.99995978
-0.99961505
-0.99985925
-0.99987669
-0.99954441
-0.99894454
-0.99952611
-0.99930811
-0.99893842
-1.0003526
-1.000003
-0.99942649
-0.99978934
-0.99848235
-0.9988204
-0.99946668
-1.00044
-0.99832763
-1.0006029
-0.99981081
-0.99940801
-1.0001206
-1.0008376
-0.99998607
-0.99995842
-1.0001397
-1.0001375
-0.99981837
-1.0008376
-1.0007741
-1.0007379
-0.99894552
-0.99997353
-0.99927568
-0.99898994
-0.99914773
-0.99955888
-0.99967741
-1.0008153
-1.00014
-0.99897766
-1.000751
-1.0001271
-1.0004698
-0.99914503
-0.99960218
-0.99970257
-0.99943964
-0.99965315
-0.99878456
-0.99887313
-0.99889165
-0.99909986
-0.99979917
-0.99976623
-0.99975227
-0.99966601
-1.0006221
-1.0002803
-1.0000359
-0.99957544
-0.99947085
-0.99990608
-1.000605
-0.99983965
-0.99905941
-0.99890149
-1.0001271
-0.99932226
-0.99948573
-1.0001793
-0.99919848
-0.99993523
-0.99890798
-0.99944718
-0.9999578
-0.99886461
-0.99883438
-0.99930434
-0.99963088
-0.99906506
-1.0001169
-1.0002731
-0.99952298
-1.0002444
-0.99958215
-0.99904425
-0.99848724
-0.9988708
-0.99845011
-0.99946188
-0.99873204
-0.99920543
-0.99963797
-0.99941493
-0.99995912
-1.0002962
-0.99941931
-1.000363
-1.0008666
-1.0000131
-0.9996445
-1.0000563
-1.0003069
-0.99950214
-1.0004875
-0.99993103
-1.0001066
-1.000019
-0.99917703
-0.99953782
-0.99965819
-0.99998904
-0.99956965
-0.99917835
-0.99995272
-0.99943218
-0.99937666
-0.99917708
-0.99813932
-0.99911199
-0.9986906
-0.99942853
-0.99912127
-0.99965486
-0.99949568
-0.99948385
-0.99934017
-0.99903277
-0.99828287
-0.99898251
-1.0003686
-1.0001803
-0.99990044
-0.9990203
-0.99871184
-0.99897742
-0.99954933
-0.99972618
-0.99924298
-0.9990716
-0.9998558
-0.99981805
-1.0006045
-0.99967648
-0.99960596
-0.99962849
-0.99983919
-1.0003016
-0.99903621
-1.0000509
-1.0008571
-0.99925543
-0.99963783
-0.99878797
-0.99950066
-0.99982084
-0.99962193
-0.99905918
-0.99814095
-0.99998157
-0.99911797
-0.99907288
-0.99857665
-0.9995897
-1.0010923
-0.99950278
-1.0000155
-1.0000153
-0.99855689
-0.99899426
-0.99971828
-0.99974429
-0.99927046
-0.99975508
-1.0000191
-0.99998738
-0.99978185
-1.000697
-1.0001276
-0.99975545
-0.99959276
-0.99992517
-1.0003739
-0.99972349
-0.99903886
-1.0003615
-1.0001796
-0.9994942
-0.99975662
-0.99997567
-1.0004994
-0.99897217
-0.99837971
-0.99914932
-0.99863001
-0.99998429
-1.0000143
-0.99929271
-1.0002151
-0.99841476
-0.99927247
-1.0003038
-0.99905466
-0.99994667
-1.0001454
-0.99894491
-0.99992913
-0.99899662
-0.99964989
-0.99955783
-0.99991216
-0.99962389
-0.99819546
-0.99970565
-0.99955097
-0.99890141
-0.99788719
-0.99936333
-0.99924026
-1.0002896
-0.99992574
-1.0004193
-1.0005161
-0.99969611
-1.0006143
-0.99996775
-1.0010491
-1.0000713
-1.000759
-1.0006761
-0.99886246
-1.0008406
-1.0006806
-1.0004112
-1.0009561
-1.0004027
-1.0006272
-1.0006342
-0.99989418
-0.9996401
-0.99970761
-1.0001436
-0.99902417
-0.99904285
-0.9993753
-0.99929304
-1.0000715
-0.9998201
-0.99963274
-1.0005131
-0.99934494
-0.99955039
-0.99968097
-0.99992359
-0.99909408
-0.99941583
-0.99892439
-0.99940422
-0.99871321
-0.99890596
-0.99966868
-1.0013562
-1.0007657
-1.0009361
-0.99965017
-0.99968798
-1.0006809
-1.0004579
-1.0006276
-0.99948035
-0.99935862
-0.99923403
-0.99994578
-0.99985712
-0.9995356
-1.0012013
-1.0002522
-0.99983558
-0.99934344
-0.9992276
-0.99965531
-0.99915963
-1.0009215
-0.99934159
-1.0010483
-1.00121
-1.0001149
-1.0008594
-1.00121
-1.0002971
-1.000605
-1.0009835
-1.0007089
-1.0007082
-1.0008941
-1.0003429
-1.0012936
-1.0010178
-1.000523
-1.0007567
-1.000117
-1.0001706
-1.0013564
-1.000549
-1.0003878
-1.0001333
-1.00121
-0.99988939
-0.99945251
-0.9999979
-0.99995263
-0.99967133
-0.99964803
-0.99985118
-0.99948742
-0.99895692
-0.99879416
-0.99957293
-0.99910305
-1.000019
-0.9983753
-0.9998868
-0.99775254
-1.000333
-0.99976678
-0.99987745
-1.0018963
-0.99923567
-0.99974575
-1.0010476
-0.99922271
-0.99953451
-1.0006993
-0.99847496
-0.99949475
-0.99893198
-0.99787228
-0.99960315
-0.99941931
-0.99852463
-0.9986245
-0.99924406
-0.99916759
-1.0000689
-0.99961373
-0.99866663
-1.0000292
-1.0001787
-1.0000998
-0.99958708
-0.9994642
-0.99991391
-1.0002522
-1.0000068
-1.0011404
-1.0008654
-1.0010705
-1.000024
-1.0000111
-1.0011879
-1.0005169
-1.0012328
-1.0002912
-1.0000996
-1.0012402
-1.0004542
-0.99970613
-1.0008519
-1.0010195
-1.0006647
-1.0014876
-1.0014014
-1.0012288
-1.0006658
-1.0007252
-1.0023504
-1.0010113
-1.0002889
-1.0009574
-1.000363
-0.99993875
-0.99930682
-1.000111
-1.0000083
-0.99969901
-1.0000298
-1.0013021
-0.99984935
-0.99960646
-0.99876851
-0.99978421
-1.0002961
-0.99948695
-0.99906823
-0.99977832
-0.99931774
-0.99879301
-1.0000449
-0.99954949
-0.9998838
-1.0008964
-0.99954894
-1.0003232
-1.0019705
-0.99986636
-0.99931531
-0.99973367
-0.99931958
-0.99983695
-0.99912375
-0.99919412
-0.99879357
-0.99948009
-0.99873528
-0.99932169
-0.99995335
-0.99947183
-0.99967791
-1.0008711
-0.99905552
-1.0002935
-0.99976896
-0.99940031
-0.99958674
-0.99972802
-1.0001408
-1.0003114
-0.99954802
-0.99984341
-0.99904278
-0.99981679
-0.99911323
-0.99909206
-0.99897097
-0.99940812
-0.99827121
-0.99973772
-0.99874666
-1.0002679
-1.0014568
-1.0005243
-1.0003379
-1.0004798
-1.0010273
-1.0005526
-1.0012162
-1.0005496
-1.0005492
-1.0005026
-0.99889471
-1.0004228
-0.99990766
-0.99980939
-1.0009815
-1.0008042
-0.99943164
-1.0017496
-0.99972595
-0.99963383
-0.99964256
-1.0002671
-1.0003262
-1.000546
-1.0005497
-1.0007584
-0.99967164
-1.0010281
-1.0010214
-1.0007949
-0.99965965
-1.0002396
-1.0013353
-1.0005942
-1.0008927
-1.0003047
-1.0009082
-1.0004855
-1.0008166
-1.0008657
-0.99974319
-1.0000601
-1.0004636
-0.99971559
-1.0003247
-1.0000001
-0.99989803
-1.0007106
-0.99882789
-1.0003081
-1.0004503
-1.0006895
-1.0005195
-0.99918188
-1.0013887
-0.99964424
-0.99910439
-1.0004053
-0.99860821
-0.99992114
-1.0002216
-0.99951391
-0.99862446
-0.99928014
-0.99943514
-0.99877113
-0.99972277
-0.99919435
-0.99986027
-1.0000209
-0.99991811
-0.99940398
-0.99811076
-1.0012305
-1.0006839
-1.0004445
-0.99995373
-0.99950577
-0.99961514
-0.9993244
-0.99951791
-1.0000472
-0.99937345
-1.0010693
-0.99973568
-0.9998088
-1.000229
-0.99888877
-1.0005894
-0.99878597
-1.0007287
-1.000401
-0.99987458
-0.99938662
-0.99854626
-1.0000359
-0.99964449
-0.99953577
-1.0002753
-1.0000229
-0.99947723
-0.99970124
-1.0001814
-1.0003978
-0.99948733
-0.99977338
-0.99810564
-0.99917779
-1.0007139
-1.0010115
-1.0004895
-1.0010175
-0.99990488
-1.0000419
-0.9992415
-1.0002368
-1.0001679
-1.0007392
-1.000808
-1.0007116
-1.0008245
-0.9996712
-0.99988687
-1.0005627
-0.9999259
-1.000786
-1.0001849
-1.0000766
-0.99985584
-1.0003003
-0.99898332
-0.99895376
-1.001131
-1.0008492
-1.0003045
-0.99950938
-1.0000297
-1.0003817
-0.99878063
-0.99961025
-0.9995264
-0.99982856
-1.0000856
-0.99950149
-1.001032
-1.0008894
-1.0002986
-1.0000502
-1.0007542
-1.0004373
-1.0000991
-0.99871077
-1.0009643
-0.99926392
-1.0000727
-0.99994581
-0.99964035
-0.99936186
-1.0001424
-1.000111
-0.99944094
-0.99958438
-0.99981185
-1.0015287
-0.99990865
-0.99998694
-0.99939432
-1.0008181
-0.99977769
-1.0001346
-1.0005303
-1.000675
-1.0001705
-1.0002819
-0.99974039
-0.99896
-0.99980113
-0.99994563
-0.99997858
-1.0007518
-0.99910862
-1.0000926
-1.0002953
-0.99969587
-1.0000111
-1.0005799
-1.0001699
-1.0006719
-1.0000888
-1.0011622
-1.0005492
-0.99909029
-1.0004724
-1.0001379
-1.0008404
-0.99989906
-1.0005338
-0.99907503
-0.99891021
-1.0002335
-0.99988083
-0.99929953
-0.99918981
-0.99956238
-0.99929136
-1.0002315
-1.0004716
-1.0002453
-1.0009722
-1.0001445
-0.99983126
-0.99895879
-0.99990801
-1.0012072
-0.99974172
-1.0010765
-0.99982312
-0.9990443
-0.99866299
-0.99957536
-0.99931637
-1.0003677
-1.0003017
-0.99946096
-0.99964266
-1.0006609
-0.99992391
-0.99981218
-0.99935167
-0.99885427
-0.99979608
-0.999581
-1.000854
-0.99963015
-1.0001549
-1.0003369
-0.99864559
-0.99948171
-1.0000741
-0.99970458
-1.000113
-1.0003708
-0.99923633
-0.99898196
-1.000841
-0.99850735
-1.0001879
-0.99889982
-1.0002139
-0.99828034
-0.99910554
-0.99974214
-0.9997624
-0.99832527
-1.0015365
-0.99856438
-0.99890136
-0.99986833
-0.99962821
-0.99951889
-0.99953488
-0.99924273
-0.99971666
-0.99997181
-0.99991742
-1.0006757
-1.0001524
-0.99980054
-0.99968931
-1.0002513
-0.99949562
-1.000831
-0.9993639
-0.99956174
-1.0006499
-0.99924217
-0.99882633
-0.99772367
-0.99920004
-0.99949747
-0.99966909
-0.99845928
-0.99968302
-0.99798557
-0.99922511
-1.0002771
-0.99926109
-0.99955051
-1.0003186
-0.99960192
-0.99941237
-1.0005266
-0.99872298
-0.99957679
-0.99879164
-0.99942607
-0.99832809
-0.99810196
-0.99846462
-0.99895067
-0.99953685
-1.000349
-1.0000389
-0.99868402
-0.99997015
-0.9985277
-0.99927329
-0.99841028
-0.99901178
-0.99859283
-0.99903073
-0.99874777
-0.99927648
-1.0000483
-0.99984504
-0.99964193
-0.99960552
-1.000701
-0.99842413
-1.0010055
-0.99888576
-0.99995095
-0.99937784
-0.99896243
-1.0007648
-1.0004633
-1.000841
-0.99978851
-1.0005988
-0.99974745
-1.0003417
-1.0009733
-1.0004563
-1.0003477
-1.0005474
-1.0002807
-1.0006912
-1.0010864
-1.0008423
-1.0001933
-1.0003434
-0.99995384
-1.0010635
-1.0006117
-1.0010134
-1.0012309
-1.000608
-1.0004688
-1.0000385
-0.9997111
-1.0001174
-1.0001318
-1.0002533
-0.99961827
-0.99969551
-0.99973773
-1.0023136
-0.99987825
-0.99974091
-0.99776649
-1.0000943
-0.99819034
-0.9992434
-0.99878859
-0.99933164
-0.99929099
-0.9998019
-1.0012348
-1.000846
-1.0006239
-0.99882068
-1.0000451
-1.0000412
-0.99969553
-0.99963483
-0.99958925
-0.99976584
-0.99777353
-1.0001623
-0.99888476
-0.99960764
-0.99994974
-1.0001216
-0.99990615
-0.99912323
-1.0007683
-0.99977738
-1.0013345
-0.99939343
-1.0011778
-1.0013164
-1.0006176
-1.0005973
-1.0005915
-1.0004122
-1.0007067
-1.0004806
-1.0007756
-1.0013569
-0.99983075
-1.0008179
-1.0001571
-0.99995905
-0.99995741
-1.0006066
-1.0000083
-1.0001233
-1.0000036
-0.99991254
-1.0004692
-0.9997843
-1.0002764
-1.0003924
-1.0001026
-1.0000194
-1.0005912
-0.99871273
-0.99926516
-0.99882203
-0.99967393
-0.99893118
-0.99996079
-0.99950838
-0.99987833
-1.000764
-1.0006839
-0.99980217
-1.0004489
-1.0010442
-0.99838584
-0.99964695
-1.0000599
-0.99869939
-1.0000744
-0.99881156
-0.99998705
-0.99877891
-0.99939461
-0.99865114
-0.99955737
-1.0003349
-0.99965247
-0.99992203
-1.0008308
-0.99992518
-0.99994764
-1.0007455
-1.0002743
-0.99988979
-1.00084
-1.0007952
-1.0003813
-1.0000763
-1.0002915
-0.99994461
-1.00141
-1.0005423
-0.99924222
-0.99943156
-0.99974625
-1.0002582
-0.99976239
-0.99968561
-0.99996104
-1.0003683
-1.0000005
-1.0002318
-0.99945096
-0.99944657
-0.99893438
-1.0003604
-0.999703
-1.000033
-0.99929399
-1.0006153
-0.99939054
-0.99942078
-0.99949562
-0.99961537
-0.9999574
-0.99933128
-1.0012756
-0.99863932
-0.99934964
-1.0003105
-0.99881827
-0.99950133
-0.99870973
-1.0000541
-0.99875645
-0.99890146
-0.99867647
-1.0003052
-0.9987774
-0.99924375
-0.99938574
-1.0002805
-0.99991946
-0.99996047
-0.99986756
-1.0005327
-1.0011895
-1.0006881
-1.000684
-0.99938716
-1.0008708
-0.99935658
-1.0003852
-1.0026645
-1.0002613
-0.99889894
-1.0007861
-1.000934
-1.0003332
-0.99955924
-1.0001553
-1.0008685
-1.0001458
-0.99975779
-0.99896686
-0.99926845
-0.99813841
-0.99846437
-0.99929708
-1.000084
-0.99899308
-0.9998336
-0.99983319
-1.0003967
-1.0005402
-0.99932624
-1.0008178
-1.0018865
-0.99911785
-1.0004551
-0.9991987
-1.001183
-0.99962886
-0.99901881
-0.99906977
-0.99956547
-0.9984996
-1.0001443
-0.99964437
-0.99898944
-0.99972974
-0.99987331
-1.0002608
-1.0009063
-1.0000253
-1.0003899
-1.000599
-1.000328
-1.0014172
-1.0002418
-1.0007237
-1.0001981
-1.0005033
-1.0008741
-1.0013338
-1.000319
-1.0007284
-1.0008431
-1.0006603
-1.0013114
-1.0006253
-1.0011883
-1.0011339
-1.0002806
-1.0009735
-1.0013664
-1.0002174
-1.0006885
-1.0003308
-1.000967
-1.0009584
-1.0010229
-1.0007828
-1.0011832
-1.000797
-1.0010054
-1.0006738
-1.0010461
-1.0009529
-1.0001753
-1.0002895
-0.99942257
-1.0006347
-1.0013731
-1.0000757
-0.99953641
-1.0000814
-0.99897176
-0.99982094
-0.99892757
-0.99837828
-1.0000911
-1.000707
-1.0000794
-0.99896509
-0.99952772
-0.99948826
-0.99937291
-0.99895284
-0.9995092
-1.0003964
-0.99992535
-1.0009314
-1.000854
-0.99851182
-0.99956042
-1.0002551
-0.99960291
-0.99892321
-0.99849196
-1.0001305
-0.99854248
-0.99937994
-0.99963288
-0.99859636
-0.99857515
-0.99941516
-1.0006911
-1.0009431
-1.0003966
-1.0003814
-0.99955762
-0.99933546
-1.0005258
-0.99884068
-1.0000988
-0.9991825
-0.99884497
-1.0001446
-0.99992286
-1.0001408
-1.0000119
-1.0012024
-0.99984696
-1.000585
-0.99952397
-1.0001466
-1.000453
-1.0000758
-1.0011583
-0.99989954
-1.0001288
-0.99952334
-1.0004594
-0.99904038
-0.99969136
-1.000725
-0.9998684
-1.0000174
-0.99933076
-0.9996625
-0.99912274
-0.99888438
-0.99908547
-1.0006237
-0.99953295
-1.0004836
-0.99898524
-1.0006223
-0.99972199
-0.99955403
-0.99928611
-1.0000716
-1.0009634
-0.99970937
-0.99976866
-0.9994994
-0.9979807
-0.99954076
-0.99939865
-0.99979837
-0.99900991
-0.99933536
-0.99782802
-0.99884745
-1.0001386
-1.000574
-0.99960894
-1.0000718
-0.99979371
-0.99979414
-0.99864084
-1.0005465
-0.99925885
-1.0001954
-1.000039
-0.99985288
-0.99985388
-1.0009271
-1.0008519
-1.0011566
-1.0010599
-1.0005712
-1.0001856
-1.0004443
-1.0008388
-1.0017453
-1.0012266
-1.0017056
-1.0007244
-1.0004619
-1.0003609
-1.0006691
-0.99917886
-0.99940543
-1.0001245
-0.99983233
-1.0010288
-1.0007084
-1.0004226
-0.99809589
-0.99955743
-1.000649
-0.9996308
-0.99930465
-0.99857163
-0.9994812
-0.99932382
-0.99974288
-0.99893496
-0.99907603
-0.99905658
-0.99986435
-0.99969293
-1.0004865
-0.99919145
-0.99765171
-0.99915916
-0.99842214
-0.99966286
-0.99844246
-0.99957391
-0.99811824
-0.99942322
-0.999404
-1.0008455
-1.0004917
-0.99921566
-1.0001555
-1.0007451
-1.0008096
-1.0009979
-1.0013041
-1.0010669
-1.0000456
-1.0010539
-1.0011751
-1.0003447
-1.0008934
-0.9999562
-0.99963944
-1.0002563
-1.0010106
-1.000234
-1.0009169
-1.0001023
-1.0003621
-1.0003865
-1.0003541
-1.0000789
-1.0008887
-1.0008842
-1.0005567
-1.000794
-1.0002654
-1.0000139
-1.0006126
-1.0012036
-0.99993049
-1.0011002
-1.0006888
-1.0009507
-1.0002173
-1.0012153
-1.001317
-1.0008833
-1.0009069
-1.002078
-1.0004923
-1.0003339
-1.0002393
-0.9998804
-1.0001901
-0.99957354
-0.99980092
-0.99983799
-1.0007462
-0.99997341
-1.0005387
-1.002315
-1.0006998
-1.0003202
-0.99949903
-1.0004964
-0.99831021
-0.99968592
-0.99858974
-1.0002037
-0.9989016
-0.99854358
-0.99863507
-0.9998137
-0.99925393
-0.99963751
-0.99999422
-0.99978462
-0.99957628
-0.99886899
-1.0001141
-0.99924143
-0.99924355
-0.99867186
-1.0010245
-0.99911452
-0.99969324
-0.99929023
-0.99887993
-1.0006262
-0.99975247
-1.0007456
-1.0005527
-1.000053
-1.0001562
-1.0004682
-1.0000569
-1.0005939
-0.9997156
-0.99989329
-0.99927211
-1.0011189
-1.0008071
-1.0006321
-1.0005134
-1.0011262
-1.000139
-1.0009345
-1.0002057
-0.99967526
-0.99898709
-1.0001265
-0.99864337
-0.99972788
-0.99884519
-0.99902255
-0.99814219
-0.99980612
-0.998857
-0.99937425
-1.0005035
-1.0008102
-1.0007505
-0.99955298
-0.99871484
-1.0000366
-0.9988064
-1.000239
-0.99760784
-0.99891459
-0.99985126
-0.99934989
-0.99955392
-0.99980056
-0.99876353
-0.99997169
-0.99902303
-0.99968172
-0.99936659
-0.99948361
-1.0008343
-1.0010894
-1.0003881
-0.99950276
-0.99988421
-0.99952671
-0.99937937
-0.99917744
-1.0010542
-1.0009389
-1.0011836
-0.99891413
-1.000959
-0.99886797
-0.99953028
-1.0000852
-0.99894727
-1.0005426
-0.99887794
-0.99943115
-0.99896573
-0.99979186
-0.99909592
-0.99967951
-0.99880652
-0.99967876
-1.0002086
-0.99944507
-0.99982843
-1.0005729
-0.99985994
-1.0011316
-0.99971696
-1.0001531
-1.0006365
-1.0013708
-0.99985247
-1.0018324
-0.99986595
-1.0009392
-1.0006045
-1.0018945
-1.0006667
-1.0001676
-0.99888411
-1.0000641
-1.0004734
-1.0000879
-1.0012362
-1.0003367
-1.000704
-1.0012981
-0.99989948
-1.000006
-1.0017242
-1.0013135
-1.0004403
-0.99989635
-0.99895394
-0.99983761
-0.99912242
-0.99917601
-1.0004127
-0.99931263
-1.000017
-0.99898401
-0.99946931
-1.000499
-1.0002225
-1.0002516
-0.99980845
-0.99912365
-0.99938199
-0.9993195
-0.99970942
-0.99919171
-0.99868799
-1.0000069
-1.0014871
-1.0006262
-1.0012663
-1.0001734
-0.99952548
-1.0004647
-1.0000136
-1.0000383
-0.99946314
-0.99961883
-1.0009595
-0.9985522
-1.0010848
-1.0014232
-1.0002717
-1.000566
-0.99993531
-0.99980792
-0.99966634
-0.99977639
-1.0004052
-0.99960597
-0.99988362
-0.9993348
-0.99958419
-0.99929237
-1.0007436
-1.0008501
-0.99996429
-1.0011393
-0.9986983
-0.99955181
-1.0003273
-0.9993114
-0.99954046
-1.0000391
-1.0002146
-1.0000928
-0.99923621
-1.0002555
-1.0000397
-0.99982003
-1.001385
-1.0010582
-1.0004005
-1.0000726
-0.99903249
-0.99971362
-0.99989987
-0.99985274
-1.0006824
-0.99943053
-0.99981975
-0.998833
-1.0002214
-1.0020257
-1.0011581
-1.0007442
-0.999686
-1.0010949
-1.0001399
-1.0003036
-1.0004292
-1.0003028
-1.0002294
-1.000411
-1.0009764
-0.99981599
-1.0011703
-1.0014484
-1.0005558
-0.99991558
-0.99948138
-1.0004004
-0.99907792
-0.9997825
-0.99920759
-0.999531
-0.99874917
-1.0004284
-0.99946316
-0.9998883
-0.9998933
-0.99958418
-0.99815402
-1.0006111
-0.99955538
-0.99940676
-1.0003286
-1.0000546
-1.0010081
-0.99980348
-0.99968693
-0.99999713
-1.000199
-0.9993054
-1.0001436
-0.99962332
-0.99956528
-0.99906142
-0.99944303
-0.99990079
-0.9985338
-1.0005669
-0.99980675
-0.99929413
-1.0001566
-0.99897533
-1.0004464
-0.9994545
-1.0002165
-0.99958898
-0.99996092
-1.001051
-0.99830402
-1.0005112
-1.0005455
-1.0014159
-1.0013235
-1.0006178
-1.0013048
-1.0008084
-1.0013527
-1.0013236
-1.0019938
-1.0001959
-1.0009743
-1.0006233
-0.99992254
-1.0001798
-1.0009121
-0.99906378
-1.0004453
-0.99976902
-0.99912094
-0.99998982
-1.0005236
-0.99939865
-1.0001568
-1.0006979
-1.0002376
-1.0005529
-0.99914299
-1.0002627
-0.99897377
-0.99952704
-0.99989025
-0.99752238
-1.0007194
-0.99939991
-1.0010311
-1.0004071
-1.000691
-1.0007856
-0.99911935
-0.99967716
-0.99982216
-1.0002196
-0.99877905
-0.99978356
-0.99860272
-1.000737
-0.99829301
-1.0001812
-1.0003288
-0.99949732
-0.99920315
-0.99990834
-1.0002958
-0.9996802
-1.000151
-0.9999999
-0.99929757
-1.0001371
-1.0002459
-0.99945887
-0.99961215
-0.99967648
-1.0011941
-1.0013466
-1.0009007
-1.0004667
-1.000181
-1.0005859
-1.0008931
-0.99971245
-1.0001882
-1.0004816
-0.99951004
-1.0003221
-0.99789419
-0.99947649
-0.9993369
-0.99859939
-0.99965332
-0.99915478
-0.99917927
-0.99956211
-0.99981039
-0.99828947
-1.0000775
-1.0004069
-1.0002163
-1.0012283
-0.9998378
-0.99930786
-0.99971738
-0.99947493
-0.99838653
-0.99933471
-0.99907842
-0.99867495
-0.99960903
-0.99896382
-0.99987269
-0.99902938
-1.0007341
-1.0002842
-1.0000683
-0.99983804
-0.99942704
-0.99866721
-0.99999529
-1.0008541
-0.99944082
-1.0004084
-1.0005094
-1.0008975
-1.0001483
-1.0007945
-1.0004819
-0.99946642
-1.0014903
-1.0004185
-0.99955312
-0.9998354
-1.000106
-1.0008102
-1.0007839
-1.0000395
-0.99904394
-0.99988384
-0.99896061
-0.9996681
-0.99953045
-0.99963268
-0.99996316
-1.0000732
-1.0001137
-1.0005761
-1.0001778
-0.99941845
-0.99914489
-0.99913441
-1.0002943
-0.99957408
-0.99819217
-1.0003275
-0.9985195
-0.99989918
-1.0009887
-1.0006883
-1.0004178
-1.0012291
-1.0011537
-0.9996778
-1.0006239
-1.0003206
-0.99973043
-1.0007856
-0.99939702
-1.0000082
-1.0017319
-1.000221
-1.0009563
-1.0010048
-0.99999565
-1.0003584
-1.0001349
-0.99984019
-1.001635
-1.0003867
-0.99989736
-0.99940352
-0.99965634
-0.99924591
-1.0008356
-1.0003497
-0.99900853
-0.99971973
-0.99900853
-0.99955495
-0.99928721
-0.99936592
-0.99963538
-0.99912768
-0.99929682
-1.0007846
-1.000178
-1.0011373
-1.0003116
-1.0014536
-1.0009547
-1.0008829
-1.0010043
-1.0011756
-1.0016604
-1.0010554
-1.0008965
-1.0007654
-1.0013152
-1.0005698
-1.0014591
-1.0008724
-1.0006522
-1.0006618
-1.0016831
-1.0005899
-1.0010861
-1.0001377
-1.0010931
-1.0010433
-0.99926716
-1.0008608
-0.99985224
-1.00055
-1.0006218
-1.0011292
-1.0008519
-1.0013854
-1.0012079
-1.0012184
-1.0006564
-1.0009451
-1.0003674
-1.0011108
-1.0019512
-1.0011449
-1.0013777
-0.99980402
-0.99980519
-1.0005759
-1.0009763
-1.0005286
-1.0003927
-1.0010735
-1.0005394
-1.0008176
-1.0007472
-0.99953428
-1.0007717
-1.0015599
-1.0014799
-1.0009139
-1.0017916
-1.0007886
-1.0012381
-1.0017239
-1.000888
-1.0006856
-1.0001393
-1.0003952
-1.0017185
-1.0007654
-1.0009144
-0.99938344
-1.0006388
-1.0001187
-1.0010341
-1.0002873
-1.0005249
-0.9992868
-0.99962489
-1.0003663
-0.99956616
-1.0006943
-1.0013229
-0.99937316
-0.99916662
-1.0001977
-1.0003332
-0.99917091
-0.99996633
-0.99961708
-0.99957247
-0.9989714
-1.0000342
-1.000471
-0.99890021
-0.9997989
-0.99908722
-1.0001159
-0.99962279
-1.000107
-0.99859046
-1.0000488
-0.99947946
-0.99980879
-1.0000908
-1.0006783
-0.99938564
-0.99962314
-0.99991635
-1.0005987
-1.0006045
-1.0012206
-1.0000498
-0.99880316
-1.0010616
-1.0000435
-0.99883975
-1.0004698
-0.99933242
-0.99997638
-1.0004386
-0.99985369
-1.0002421
-1.0003405
-1.0001203
-1.0002403
-1.0006753
-1.0001765
-1.0000581
-1.0010233
-1.0000913
-1.0009939
-1.0011808
-1.0012559
-1.0011238
-1.0007828
-1.0013092
-1.0011026
-1.0007617
-1.0010793
-1.0018623
-1.0005155
-1.000539
-1.0008328
-1.0002087
-1.0002856
-1.0010234
-1.0001884
-1.0010205
-1.0000794
-1.0010135
-1.0003015
-0.99960518
-1.0003718
-1.0003418
-1.0009501
-0.99990883
-0.99955466
-1.000571
-1.0009223
-1.0004379
-1.0003158
-1.0009136
-1.0001769
-1.0007886
-1.0002658
-1.0006959
-1.0008525
-1.0004666
-1.0005363
-1.0009123
-1.0006863
-0.99992871
-1.0000914
-0.99999352
-0.99922714
-0.9987213
-1.0006928
-0.99985979
-0.99891541
-0.99930484
-0.99928257
-1.0003181
-1.0002055
-0.99841811
-0.99868948
-0.99975598
-1.0006633
-0.99923582
-0.9999658
-0.99959739
-0.99862005
-1.0004381
-1.000144
-0.99897844
-0.99893624
-1.0001541
-0.99908853
-1.000014
-0.99946904
-0.99873752
-1.0003398
-1.0003264
-0.99940851
-1.0000388
-0.99882061
-1.0000295
-1.0002299
-1.0008985
-1.0002656
-1.0010192
-1.0011494
-1.0010785
-1.0016492
-0.99971789
-1.0006393
-1.0007256
-1.0009435
-1.0002392
-0.9999044
-1.000182
-0.99981922
-1.0000733
-0.9989537
-0.99961254
-0.99978101
-0.99919968
-0.99844967
-0.99982082
-0.99991307
-1.0000272
-0.99931281
-0.99930059
-0.9996047
-0.99962455
-0.99976755
-0.99978152
-0.99961253
-1.0000175
-0.99866303
-0.998743
-1.001624
-1.0016648
-1.0017219
-1.0011409
-1.0009578
-1.0003484
-1.0017366
-1.0003291
-0.99999068
-1.0003958
-0.99972175
-1.000452
-1.0009015
-1.0005143
-0.99992147
-0.99983859
-1.0001739
-1.0007681
-1.0003381
-0.99963594
-1.0004694
-1.0013331
-1.0001179
-1.0008024
-1.0010208
-1.0009711
-0.99986145
-0.99989652
-1.0005246
-0.99989871
-1.0007289
-1.0000075
-1.0007324
-1.000359
-1.0001653
-1.0003324
-1.000755
-1.0006635
-1.0004923
-1.0008009
-1.0003028
-1.000195
-1.0007353
-1.0003912
-0.99916043
-1.0005641
-0.99986702
-0.99867629
-0.99997893
-1.0006788
-1.0002249
-1.000502
-0.99970267
-0.99966624
-1.0000629
-0.99948723
-0.99972485
-1.0001537
-0.99982225
-1.0002831
-0.99879055
-1.0004225
-0.99968388
-0.99889402
-0.99959495
-1.0000538
-0.9999179
-0.99910792
-1.0007785
-1.0002941
-1.0008849
-0.99997453
-1.0003427
-1.001269
-0.99949882
-0.99943493
-0.99991832
-1.0008606
-0.99885496
-0.99996079
-0.99959537
-1.0012827
-0.99956113
-1.0000993
-0.99934127
-1.0004612
-0.99953442
-0.99933832
-1.0002406
-0.9999264
-0.99894524
-0.99902944
-0.99921627
-1.0000827
-1.0001551
-1.0011872
-1.0001236
-1.000206
-1.0014327
-1.0001428
-1.0002414
-1.0008654
-1.0008165
-1.000075
-1.0009808
-0.99963381
-1.0000268
-1.0001514
-1.0005887
-0.99973948
-1.0001697
-1.0004063
-1.0005349
-1.0006509
-1.0003197
-1.0001804
-0.99959175
-0.99902483
-1.000303
-0.99947124
-1.0000036
-0.99900297
-0.99922244
-1.0001728
-0.99972772
-0.99985179
-0.99856053
-1.0009561
-1.0004555
-1.0001022
-0.99936964
-1.0008655
-1.0009026
-1.0000339
-0.99982583
-1.0008351
-1.0002741
-1.0002809
-0.99979197
-1.0010151
-1.0002974
-1.0004708
-1.0003306
-0.99989878
-0.99933044
-1.0012576
-1.0007834
-0.99951611
-0.99901084
-1.0005652
-1.0002205
-0.99952314
-1.0008993
-0.9991664
-1.0002398
-0.99993178
-1.000632
-1.0003752
-0.99889078
-0.99882789
-0.99944812
-0.99870096
-0.99985058
-0.99945474
-0.99918664
-1.0001056
-0.99908421
-0.99908334
-1.0012255
-0.99892155
-0.99909318
-1.0006194
-1.0000816
-1.000121
-0.99992911
-0.9995903
-0.99964234
-1.0000885
-0.99950935
-1.0001162
-0.99889713
-0.99938409
-0.99945141
-1.0000561
-0.99993297
-1.0011093
-1.0014174
-0.99913895
-1.0006745
-1.0008215
-0.99902242
-1.0010568
-1.0001277
-1.0013057
-0.99987482
-0.99966123
-0.99957123
-0.9990588
-0.99837501
-0.99962126
-1.001064
-1.0012804
-1.0009026
-1.0002728
-1.0008197
-1.0001221
-0.9999034
-1.0003104
-0.99938723
-1.0009372
-1.0003879
-0.9999034
-1.0001724
-1.0001915
-0.99898383
-0.99957699
-1.0003383
-0.99864448
-1.0008376
-0.99882376
-0.99930083
-0.99989947
-1.0009756
-0.99840493
-0.99982815
-0.99923224
-1.0000672
-1.0000807
-0.99991521
-1.0000819
-0.9992942
-0.99898108
-1.0002276
-0.99939545
-1.0003327
-0.99990547
-1.0000119
-0.99965825
-1.0004617
-0.99841405
-1.00111
-0.99924998
-1.0003573
-0.99951118
-1.0002695
-1.0002156
-1.0000267
-0.99870178
-0.99906168
-0.9991632
-1.0000909
-1.0001099
-0.99968763
-0.99877667
-1.0002952
-1.0011006
-1.0005061
-0.99836873
-1.000249
-0.99900091
-1.0003435
-0.99981175
-1.0001581
-1.0001496
-0.99995094
-0.99892189
-0.9988637
-1.0001394
-0.99999792
-0.99916427
-0.99961196
-0.99998698
-0.99926974
-1.0001324
-1.0007493
-0.99906341
-0.99942584
-1.0009919
-0.99982474
-1.000163
-0.9999457
-0.99921674
-0.99972578
-0.99936578
-0.9988751
-0.99947024
-0.99939163
-0.99927078
-0.9989897
-0.99966434
-0.99974985
-0.99963439
-0.99985624
-0.99965515
-0.99956745
-1.0003705
-1.0001857
-0.99975139
-0.99996575
-0.99929304
-0.99927982
-0.99854396
-1.0001043
-0.99932455
-1.0005141
-1.0013111
-0.99938756
-1.0000807
-0.99910344
-1.0009152
-1.0006673
-1.0005393
-0.9995693
-1.0000169
-1.0012131
-0.99964561
-0.99978085
-0.99990208
-0.99982822
-0.99977783
-0.99955041
-0.99868701
-1.0004836
-0.9983995
-0.99973583
-0.9985277
-0.99991807
-1.000004
-0.99964154
-0.9989058
-1.0000279
-1.000198
-1.0000164
-0.99995897
-0.99967524
-0.99989147
-0.9997959
-1.0004499
-1.0010314
-0.99979191
-1.0004547
-0.99982859
-1.0000164
-0.99920327
-1.0007106
-0.99893061
-1.0005281
-0.99989332
-0.99951399
-0.99940921
-0.99977435
-0.99921343
-0.9997015
-0.99961271
-0.99957322
-0.99986095
-1.0002727
-1.0003537
-1.0001735
-0.99988124
-1.0009714
-0.99970443
-0.99922413
-0.99983921
-1.0012344
-1.0001585
-1.0007342
-0.9994033
-1.0000122
-1.0007083
-1.0002594
-1.0013168
-0.99991197
-1.0003601
-0.99968586
-0.99917722
-1.0000063
-0.99971792
-1.0001056
-1.0005831
-0.99939671
-1.0005595
-0.99914695
-0.99966947
-0.99998783
-0.99985844
-0.99981634
-1.0007786
-0.99988551
-1.0003581
-0.99969004
-1.0007841
-1.0002941
-0.99935223
-1.0002626
-0.99980452
-0.99955584
-1.0002888
-0.99929741
-0.99996111
-0.99937214
-0.9998878
-0.99982661
-1.0008555
-1.0006472
-0.99951035
-0.99943312
-0.9994873
-1.0001668
-0.99991936
-1.0004561
-0.99973026
-0.99962939
-1.0001897
-0.99874275
-1.0002892
-1.0006871
-1.0004816
-0.99987833
-1.0001842
-1.000958
-1.0001205
-0.99954907
-1.0002561
-0.99907057
-0.99950053
-0.99953568
-1.0002473
-1.0000638
-1.0001916
-1.0009372
-0.99980252
-1.0000314
-1.0006726
-0.99952779
-0.99992654
-0.99979626
-1.0001497
-1.000182
-0.99968235
-0.99943959
-0.99979165
-1.0011646
-1.0003914
-1.0005193
-0.9999808
-1.0000646
-0.99954708
-1.0002975
-1.0001557
-0.99963117
-0.99952795
-1.0007107
-1.0001659
-0.99994524
-1.0003436
-0.99970266
-1.000317
-1.0005665
-0.99983695
-0.99998148
-0.99975296
-0.99978717
-1.0001616
-0.99984082
-0.99963237
-1.0001766
-1.0001294
-0.99986453
-0.99926247
-1.0000038
-1.0000532
-1.0002854
-0.9994742
-1.0002944
-1.0004619
-0.99982449
-1.0005144
-0.99978184
-1.0005204
-1.0009351
-1.0000544
-1.0007088
-0.99989296
-1.0000602
-0.99994659
-0.99956552
-1.0002102
-1.0000057
-0.99954256
-0.99980221
-0.9998918
-0.99989803
-0.99937926
-1.0000528
-1.0001953
-1.0013616
-1.0005608
-1.0001006
-0.99947352
-0.99973875
-0.99968467
-0.99968073
-1.0007108
-0.99891998
-1.0001601
-1.000197
-0.999842
-0.99980712
-0.99892731
-1.0001309
-1.0001804
-0.99892681
-1.0002956
-1.0004027
-1.000876
-1.0001498
-1.000513
-0.99948299
-1.00038
-0.99993465
-1.0005186
-1.0005018
-1.0017321
-0.99967444
-1.0000861
-1.0000146
-1.0004321
-1.0003255
-0.99939648
-1.0001418
-0.99978038
-1.0009275
-1.0003706
-0.99909776
-1.0003901
-1.0012368
-0.99945654
-1.0004012
-1.0000524
-0.99997728
-1.0003097
-0.99864735
-0.99998134
-0.999003
-0.99967644
-0.99957366
-0.99949155
-1.0000015
-0.9992535
-0.99987935
-0.99922533
-0.99858436
-1.0002728
-0.99893785
-0.99953194
-1.0005381
-0.99944641
-0.99891223
-0.99907413
-0.99933112
-0.99883448
-1.0000375
-0.99959699
-0.99988523
-0.99933167
-0.99980447
-0.99891125
-0.99863395
-0.99982333
-0.99904979
-0.99892775
-0.99881588
-0.99929099
-0.99896383
-1.0000958
-0.99975526
-0.99948425
-1.0006905
-0.99962128
-0.99850201
-0.99924615
-0.99930971
-0.99905375
-0.99857168
-0.99917666
-0.99896039
-0.99964072
-0.99929894
-0.99980201
-0.99981537
-1.000037
-0.99986566
-1.0002728
-1.0000047
-0.99954995
-1.0001762
-0.99955832
-0.99956019
-0.9997372
-0.9995224
-0.99984545
-1.0001587
-0.99934379
-1.0000462
-0.99980697
-0.99979753
-0.99933326
-0.99901525
-0.99832775
-0.99870119
-0.99795183
-0.99935523
-0.99851925
-0.99951082
-0.99932152
-0.99944647
-1.0003606
-0.99974163
-0.99879938
-0.99881384
-0.9989575
-1.0001401
-0.99871779
-0.99934341
-0.99893452
-0.9993818
-0.99866811
-0.99939352
-0.99898928
-0.99983263
-1.0000667
-1.0005663
-0.99995464
-0.99971162
-1.0001895
-0.99938281
-1.000349
-0.99994117
-0.99934961
-0.99889063
-0.99989325
-0.99978578
-0.99957819
-0.99933308
-1.0000914
-0.9988706
-0.99974699
-0.99984136
-1.0000219
-0.99910998
-0.9998236
-1.000054
-0.99894377
-0.99970818
-0.998624
-0.99879203
-0.9987426
-0.99926077
-0.99904751
-0.99870652
-0.9989013
-0.99929867
-0.99959127
-1.0005725
-0.99909681
-0.99993456
-0.99992738
-0.99934335
-0.99778729
-0.99958325
-0.99914049
-0.99979934
-1.0009187
-0.99878932
-0.99950516
-0.99897954
-0.99889192
-0.99984708
-0.99840067
-1.0003506
-0.99972981
-0.99945564
-0.99981602
-1.0002231
-1.0000298
-0.99927772
-0.99958742
-0.99981645
-0.99922996
-1.0003282
-0.99882066
-0.99931597
-1.0003195
-0.99853461
-0.9987454
-0.99979937
-0.99973747
-0.99861952
-0.99978834
-0.99958482
-0.99974366
-1.0003258
-0.9998402
-1.0000655
-0.99987866
-0.99921017
-0.99921329
-0.9991051
-1.0000499
-0.99920163
-0.99891774
-0.99898599
-0.99932087
-0.99888244
-0.99973841
-0.99933013
-1.000777
-0.99873166
-0.99971601
-0.99952436
-1.0004945
-0.99862291
-0.99936139
-0.99952299
-0.99962891
-0.99838479
-0.99991638
-0.99918583
-0.99896507
-0.99884309
-0.99914582
-1.0001215
-0.99949059
-0.9989995
-0.99951081
-1.0006409
-0.99985603
-0.99991566
-1.000692
-0.99973511
-1.0004357
-1.0001534
-0.99916958
-0.99915802
-0.99842089
-0.99997779
-0.99890876
-0.9990453
-1.0012209
-0.99970258
-0.99983557
-1.0008826
-0.99938488
-1.0006062
-1.0002248
-0.99946477
-0.9990954
-1.0003288
-1.000854
-1.001021
-1.000649
-0.99952539
-1.0002906
-0.99900462
-0.99777625
-0.99954783
-0.99913694
-0.99908831
-0.99873134
-0.99932819
-0.99928226
-0.99966357
-0.99849746
-0.99944579
-0.99921508
-0.99966042
-1.0011518
-0.99942304
-0.9981693
-0.99968879
-0.99893102
-0.99899374
-0.99866124
-0.99985686
-0.9988027
-1.0001085
-0.99855245
-0.99885065
-0.99899809
-0.99936692
-1.0005556
-0.99957418
-0.99926229
-0.99980998
-1.0000911
-1.0001158
-0.99875216
-0.99843982
-1.0000156
-0.99864566
-0.99955548
-0.99873515
-1.0000791
-0.99917885
-0.99963523
-0.9987805
-0.99966343
-0.99934185
-1.0002988
-0.99982574
-0.99977049
-1.0007124
-1.0007017
-1.0005158
-0.9999297
-1.0003259
-1.0002276
-0.99904447
-0.99966956
-1.0001743
-1.0003207
-1.0010162
-1.0002496
-0.99882927
-0.99871466
-0.99842105
-0.9997636
-1.001473
-0.9989406
-1.0001753
-0.99999544
-1.0000427
-0.99991613
-1.0003901
-0.99924049
-0.99949974
-0.99989677
-0.99891306
-1.0003039
-0.99940104
-0.99941897
-1.0002228
-1.0002981
-1.0003293
-0.99920109
-0.99967045
-0.9996572
-0.99970773
-1.0000433
-0.99944516
-1.0000647
-1.0009661
-0.9994742
-0.99975387
-1.0012796
-0.99895121
-0.99984603
-1.0005606
-0.99920415
-1.0005783
-1.0014158
-0.99989658
-1.0002346
-1.0001585
-1.0001546
-0.99981876
-1.0008457
-1.0002532
-0.99943392
-0.99983867
-1.0002559
-0.99873852
-0.99925633
-1.0001281
-0.99900503
-0.99924635
-0.99882001
-1.0001264
-1.0000765
-1.0001193
-0.99999029
-0.99984979
-0.99948276
-0.99919389
-1.000014
-0.99926942
-0.9999189
-1.0003349
-0.99971696
-1.0001021
-0.99950052
-1.0002392
-0.99914616
-0.99950763
-0.99930447
-0.99963421
-1.00094
-1.0004995
-1.000266
-0.99935071
-1.0002748
-0.99978794
-0.99990516
-0.99976239
-0.99965253
-0.99894779
-1.0001033
-0.99988667
-0.99970241
-0.99975551
-1.0013544
-1.0001876
-0.99953981
-0.99972065
-1.0006699
-0.99966082
-0.99976882
-0.99964641
-0.99920388
-1.0000443
-0.99996208
-1.0004087
-0.9993121
-0.9996504
-0.99886469
-1.0001507
-0.99922391
-0.99953912
-1.0012434
-0.99886709
-1.0003948
-1.0006096
-0.99979851
-0.99979028
-0.99992508
-1.0001258
-0.99934397
-0.99981506
-0.99918893
-0.99974566
-0.99934282
-1.0009027
-0.99965181
-0.99979137
-0.99877458
-0.99916744
-0.99977293
-0.99977054
-1.0002338
-0.99920548
-0.99925789
-0.9990111
-0.99974804
-0.99895236
-1.0001354
-1.0001333
-0.99977583
-1.0017112
-1.0003821
-1.0002173
-1.0005874
-1.0013312
-1.0002621
-1.0011527
-0.99966563
-0.99939017
-0.99987697
-0.999509
-0.9993511
-1.0001391
-0.99955765
-0.99973901
-0.99967037
-0.99953939
-1.0001369
-0.9992254
-0.9990773
-1.0006648
-1.0009083
-0.9995231
-0.99943703
-1.0001513
-0.99958603
-0.99983692
-1.0002843
-0.99970198
-0.99971551
-0.99999185
-0.99890354
-0.99953813
-0.99970309
-0.99928335
-0.99884782
-1.0010045
-1.0002639
-0.99973989
-0.99972686
-1.0009799
-1.0007186
-1.000179
-0.99936691
-0.99991953
-1.0000344
-1.0007225
-1.0000393
-1.0006767
-1.0012353
-0.99921563
-1.0004357
-0.99870338
-0.99970615
-0.99900109
-0.999641
-1.0002691
-0.99975494
-1.0000718
-1.0000983
-0.99943856
-0.99879183
-1.0003249
-1.0005136
-1.0001837
-0.99933581
-0.99953658
-0.99991237
-0.99862975
-1.0000732
-1.0008472
-0.99952248
-0.99990886
-1.0006843
-0.99941512
-1.0003218
-0.99844135
-0.99934641
-0.9997311
-1.0000608
-0.99949899
-0.99891306
-0.99881401
-0.99962634
-0.99983169
-0.99875567
-1.000089
-1.0001577
-0.99960802
-1.0001983
-0.99978963
-0.99945681
-0.99958732
-0.99987903
-1.0002156
-1.0003642
-1.0009368
-0.99983163
-0.9992843
-0.99990102
-0.99956063
-0.99963729
-0.99905099
-1.0001546
-0.99976189
-0.99960095
-0.99991106
-1.0001715
-1.0000428
-0.99920851
-0.99891306
-1.0011452
-1.0011359
-0.99879363
-0.99949404
-0.99905949
-0.99969185
-0.99963348
-1.000009
-1.0001354
-0.99940993
-0.99977341
-0.99938909
-0.99980234
-1.0000992
-1.0009398
-1.0003266
-0.99993584
-1.0014533
-1.0005827
-1.0001407
-0.99982882
-0.99984904
-0.99965401
-1.000623
-0.99992085
-1.0002509
-1.0013084
-1.0000501
-0.99955637
-1.000931
-0.9992227
-0.99988236
-1.0005298
-0.99881973
-1.0002736
-0.99919692
-0.9998324
-0.99968914
-1.0000859
-1.0006798
-0.99956091
-1.0008796
-1.0003102
-1.0000392
-0.99948223
-1.0000124
-0.99972729
-1.0001008
-0.99965032
-0.99927955
-0.99912217
-0.9999443
-0.99971548
-0.99892587
-0.9987854
-0.99953974
-0.99886929
-1.0002878
-1.0000351
-1.0001021
-1.0001042
-1.0010832
-1.0003394
-1.0010855
-1.0000109
-1.0006982
-0.99985956
-1.000029
-0.99934798
-0.99999136
-0.99952963
-0.99955285
-0.99983273
-0.99961602
-0.99951428
-0.99993906
-0.99965621
-0.99896358
-0.99999307
-0.99978227
-1.0008291
-0.99905014
-1.0010456
-0.99940355
-0.99926929
-0.99907218
-0.99987069
-0.99940089
-0.99952867
-1.0001938
-0.99997796
-0.99961854
-0.99953831
-0.99891704
-0.99957415
-1.0001057
-0.99999535
-1.0000178
-0.99957946
-0.99979384
-0.99990925
-0.99875698
-0.99997867
-0.99944032
-0.99962879
-0.99925966
-0.99985493
-0.99963217
-0.99974133
-0.99927478
-0.99927333
-0.99923073
-0.99962917
-1.0003245
-0.99872845
-1.000481
-1.0000234
-0.99976926
-0.99957911
-1.0001612
-0.99981965
-0.99960235
-0.99946733
-0.99937472
-1.0000242
-0.99955345
-1.0002075
-1.0000178
-0.99956465
-0.99961919
-1.0003024
-0.99878995
-0.99901959
-0.99996142
-1.000285
-0.99950956
-0.99991171
-0.99978084
-0.99992298
-1.0008882
-1.000605
-1.0007473
-0.99992359
-1.0003435
-0.99969512
-0.99972405
-1.0015901
-0.99994643
-0.99945481
-1.0000992
-0.9995447
-1.0000785
-1.0004019
-0.99938828
-1.0000576
-0.99991844
-0.99872139
-0.99937311
-0.99945915
-1.0013454
-1.0001466
-0.9988878
-1.0003445
-0.99971655
-1.0002482
-0.99888241
-0.99937561
-0.99963045
-0.99903567
-0.99867533
-0.99935026
-1.0005635
-0.99964655
-1.0000244
-0.99875994
-1.0002331
-1.0010483
-0.99965805
-1.000059
-0.99833853
-0.99975734
-0.9998582
-1.000045
-0.99935143
-1.0005998
-0.99962671
-0.99885444
-0.99909957
-0.99891306
-1.0001767
-0.99889927
-1.0000052
-0.99985939
-0.99941804
-0.99948031
-0.99937167
-0.99971519
-0.99880354
-1.0004058
-0.99943074
-0.99971006
-1.0001675
-0.99966368
-1.0001263
-1.0001528
-1.000049
-0.9995125
-0.99987506
-0.99951838
-0.99979969
-0.99864316
-0.99940189
-0.99973952
-1.0009046
-0.99879875
-0.99855181
-0.99967423
-1.0014756
-1.0000674
-0.99906256
-1.0000955
-0.99966256
-1.0001327
-0.99946262
-0.99895727
-1.0003736
-0.99958551
-0.9987544
-0.99848492
-1.0002206
-0.99998488
-0.99987718
-0.9997445
-1.0003679
-1.0001626
-1.0001855
-0.99989866
-1.0003969
-1.0004616
-1.0003754
-1.0002811
-0.9997357
-1.000884
-0.99868429
-0.99993227
-1.0010602
-1.0000413
-1.0000408
-1.0000214
-0.99898167
-0.99865165
-0.99983509
-0.9995316
-1.0002413
-0.99926139
-0.99923155
-0.99934645
-1.0008989
-0.99954975
-1.0004326
-0.99957189
-0.99998906
-1.0005231
-0.99990056
-0.99982644
-0.99947048
-0.99852126
-0.99955151
-0.99961512
-0.99965122
-0.99907091
-0.9997562
-1.000014
-1.0009472
-0.99991405
-0.99990895
-1.0001128
-1.0014476
-1.0007858
-1.0008392
-1.000963
-1.0010387
-1.0006016
-1.0004906
-1.0004995
-1.0004271
-1.0003021
-1.0000347
-0.99907461
-1.0009004
-0.9999036
-1.0010357
-0.9994067
-0.99998962
-1.0001229
-1.0011728
-1.0012618
-1.0010384
-1.0011793
-1.0015563
-1.0006414
-1.0007595
-0.99974473
-1.0005561
-0.99939784
-1.0003148
-1.0002279
-0.99944628
-1.0013673
-0.99903309
-1.000529
-0.99954482
-0.99943649
-0.99954717
-0.99989424
-0.99917694
-1.0003904
-1.0001499
-0.99954985
-0.99997072
-1.0003407
-0.9998104
-0.99981471
-0.998195
-1.0005887
-1.0000495
-0.99993193
-0.99890183
-0.99997255
-1.0000858
-0.99965719
-1.0002063
-0.99909143
-0.9994718
-0.99880744
-0.99986158
-0.99920531
-0.99918615
-0.99967081
-1.0010041
-0.99931496
-0.99947848
-1.0001334
-0.999901
-1.0000472
-0.99857416
-0.99820575
-0.99945075
-0.9997893
-1.000231
-0.99831528
-1.0001012
-0.99921165
-1.0000026
-0.99895766
-0.99867973
-0.99968184
-1.0010711
-0.99982731
-0.99987584
-1.0001256
-0.99978439
-0.99838992
-1.0004082
-0.99864024
-0.9993215
-0.9991275
-0.99989592
-0.99880838
-0.99994615
-0.99897777
-0.99897458
-0.99875946
-0.99981087
-0.99931983
-0.9994385
-0.99899107
-0.99914046
-1.0002655
-0.99978415
-1.0002532
-1.0008867
-0.9989189
-1.0009283
-0.99966397
-0.99910137
-0.99964801
-0.99966896
-0.99889773
-0.99901418
-0.99921212
-0.99895293
-0.9989347
-1.0013479
-0.99986848
-1.0001508
-0.9997572
-0.99950336
-0.99888832
-0.99873868
-0.99972904
-1.0016524
-0.99953589
-0.99968664
-1.000087
-0.99890961
-1.0008933
-0.99953787
-0.99985968
-1.0004202
-1.0009695
-1.0016732
-1.0005465
-1.0004654
-1.0011459
-1.0006804
-1.0006108
-1.0009325
-0.9997687
-0.99909487
-0.99887868
-1.0004295
-0.99929839
-1.0003481
-0.9991799
-1.0003629
-0.99828166
-1.0000877
-0.99935982
-0.99971655
-0.99978318
-1.0002434
-0.9990018
-1.0009274
-0.99979119
-1.0008699
-0.99813027
-1.0002225
-1.0005955
-1.0001232
-1.0002665
-1.0000675
-0.99997308
-0.99916145
-0.99949269
-0.99974918
-0.99852091
-0.99850258
-0.99894661
-0.99904404
-1.0001108
-0.99795907
-0.99912085
-0.99978552
-0.99981972
-0.99837073
-1.0002892
-1.0000913
-1.0000406
-1.0001234
-1.0004435
-1.0008066
-1.0007991
-1.0003183
-1.0008125
-1.0001312
-1.0011641
-1.0005901
-1.0008384
-1.0002718
-1.000929
-1.0005863
-1.0003387
-1.0013423
-1.0013075
-1.0006348
-1.0020586
-1.0016861
-1.0003131
-1.0000379
-1.0005786
-0.9998188
-1.000884
-1.0004625
-1.0003255
-0.99993789
-0.99944473
-0.99906457
-0.99999461
-0.99865573
-0.99890136
-0.99939006
-0.99909648
-0.99899387
-1.0007803
-0.99904238
-1.0007657
-1.0000281
-1.0004804
-0.9995671
-0.99884424
-1.000784
-1.0010122
-0.99938224
-0.99951416
-1.0002622
-0.99937763
-0.99898951
-0.99857887
-1.0006184
-0.99960477
-0.99953719
-1.0002552
-0.99966595
-1.0013819
-0.99913241
-0.99981776
-0.9997776
-1.0007755
-0.99940875
-0.99931945
-0.99929128
-0.99997636
-0.99874193
-1.0003075
-1.0000675
-0.99919896
-0.99993739
-0.99940966
-0.99831422
-0.99969105
-0.99980647
-0.9996067
-0.99993934
-0.99930213
-1.0000851
-1.0008006
-1.000039
-1.0002825
-1.0000128
-0.99990548
-1.0017387
-1.0004428
-1.001106
-1.0001074
-1.0000995
-1.0010424
-1.0002711
-1.0006182
-1.0009817
-1.0013947
-0.99957379
-1.0009317
-1.0010323
-0.9992467
-1.0013649
-1.0007654
-1.0000034
-1.0000441
-1.00004
-1.0000383
-0.99875551
-1.0005783
-1.0004611
-1.0007094
-1.0003394
-1.000337
-1.0013269
-1.0006072
-0.9998287
-0.99975081
-0.99953109
-0.99990375
-0.99991545
-1.0001875
-0.99885272
-1.0014581
-0.99930468
-0.99906845
-0.99999593
-1.0000781
-1.0005236
-0.99986995
-0.99919518
-0.99993097
-0.99853296
-0.99982691
-0.99940667
-0.99936403
-1.0008935
-0.99940489
-0.99870797
-0.99932098
-0.99942625
-0.9994392
-0.99877649
-0.99984198
-0.99736416
-0.99896768
-0.99869212
-0.99908727
-0.99973606
-1.0000085
-1.0012989
-1.0003597
-1.0007004
-1.0005417
-1.0007369
-0.99972438
-0.9997902
-1.0009294
-0.99987194
-1.0001702
-0.99939004
-0.99792123
-0.99930529
-0.99909513
-1.000237
-0.99985856
-0.99912215
-0.99860171
-1.0005074
-0.99969749
-0.99888368
-0.99973964
-0.99827475
-0.99980137
-0.9990147
-0.99923688
-0.99976389
-1.0006816
-0.99885977
-0.99911448
-0.99789099
-0.99904135
-0.99895419
-1.0000359
-0.9995909
-0.99942057
-0.99864614
-0.99921446
-0.9999829
-0.99988367
-0.99961412
-0.99877602
-1.0000881
-1.0005573
-0.99914489
-1.0000027
-0.99900684
-0.99913949
-0.9993049
-0.99939857
-0.99948222
-0.99882723
-0.99910457
-0.99998279
-0.99996297
-0.99915295
-0.99984916
-0.99950341
-0.99975085
-1.0005989
-1.0004546
-0.99833923
-1.0000216
-0.99935101
-0.99983126
-0.99901466
-0.99885968
-0.99970223
-0.99927243
-0.99917222
-1.0000537
-1.000835
-0.99923008
-0.99976121
-0.9998294
-0.99989864
-0.99953981
-0.99985303
-1.0014645
-0.99966831
-1.0005259
-0.99963523
-0.99908512
-1.0005968
-1.0014873
-0.99858672
-1.0006092
-0.99967946
-0.99970827
-1.0008812
-0.99972379
-1.0007654
-0.99967967
-1.0003758
-0.99990417
-0.998724
-1.0009062
-1.0000032
-1.000412
-0.99963973
-1.0001879
-0.99913212
-1.0001096
-0.99876571
-0.99969761
-0.99923232
-0.99926274
-0.99895813
-0.99783232
-0.99910867
-0.99958668
-0.99874125
-0.99878889
-1.0001357
-0.99963168
-0.99875191
-0.99857984
-0.99824473
-0.99875102
-0.99903386
-0.99865807
-0.99914001
-0.99940114
-0.99852375
-0.99973004
-0.99946076
-1.0002946
-1.0002776
-1.0002418
-0.99970421
-1.0001381
-1.0002237
-0.99959252
-0.99992467
-1.0002524
-1.0000501
-0.99889495
-0.99947164
-0.99843901
-0.99922939
-0.99828543
-0.99944189
-0.99833641
-0.99744989
-0.99772449
-0.9993869
-1.0006129
-0.99953397
-0.99976947
-1.0000279
-1.0005317
-0.99946079
-1.0000435
-0.99920401
-0.99881708
-0.999326
-0.99930657
-0.99879623
-0.9987213
-0.99910384
-0.99783789
-0.99910707
-0.99894553
-0.9991516
-0.99963666
-1.0007944
-1.0004494
-1.000188
-1.0003548
-0.99935489
-0.99963006
-1.0004035
-0.99949711
-0.99996036
-1.0004078
-0.99999499
-1.0011898
-0.9996099
-1.0016306
-0.99944709
-1.0003376
-0.99982735
-1.0001134
-0.9996342
-1.0008064
-1.0002931
-1.0004709
-1.0000381
-1.0004125
-1.0005134
-1.0012253
-1.0003224
-0.99967897
-0.99985764
-1.0014585
-0.9999066
-1.0000877
-1.000504
-1.0005926
-0.99998007
-1.0001744
-1.0004639
-0.99926275
-0.99968329
-1.0001859
-0.99945357
-1.0001946
-1.0006548
-1.0004565
-1.0010236
-0.99982852
-0.99985556
-1.0001999
-0.99968911
-1.0000043
-0.99969951
-0.99920645
-0.9993193
-0.99986274
-0.99957599
-0.99849138
-0.99872206
-0.99785895
-0.99938484
-0.99919402
-0.99911854
-1.0006253
-0.9981913
-0.99881253
-0.99853857
-0.99949332
-0.99880089
-0.99990878
-0.99881999
-0.99959537
-0.99897257
-1.0000494
-0.99962516
-0.99956944
-1.0001435
-0.99983664
-1.0005055
-1.00019
-1.0003152
-0.99957837
-1.0009727
-1.0003224
-0.99995644
-1.0002095
-0.99891183
-0.9995777
-0.99866304
-0.99772669
-0.99952941
-0.9989983
-0.99978373
-0.99794683
-0.99941527
-0.99882125
-0.99905875
-1.0003801
-1.0007239
-1.0006638
-1.0001181
-1.0012877
-1.0004274
-1.0006958
-0.99885255
-1.0002604
-1.0000802
-0.99962282
-1.0009137
-0.99878401
-1.0001115
-1.0007795
-0.99959364
-1.0005372
-1.0008877
-1.0000596
-1.0008918
-0.99987311
-1.0002034
-1.0005936
-0.9997842
-1.0008591
-0.99908656
-0.9991975
-0.9987199
-0.99941294
-0.99975676
-0.99799828
-0.99821553
-0.99925151
-0.99825943
-1.0001957
-0.99879586
-0.99995002
-0.99984764
-0.99935583
-1.0003035
-1.0003154
-0.99931997
-1.0005098
-1.0003235
-1.0009
-1.0004031
-1.0009111
-1.0001792
-1.0005526
-1.0008238
-1.0006647
-0.99986479
-1.0005765
-1.000151
-0.99926754
-0.99949975
-0.99961282
-0.9985084
-0.99982644
-0.9998372
-0.99887187
-0.99989135
-0.99861684
-0.99872737
-0.99865922
-1.0000454
-0.99891089
-0.99873618
-1.0004911
-0.99991567
-1.0012409
-0.9988771
-0.99922951
-0.99955653
-0.99894848
-0.99991317
-0.99785539
-1.0001837
-0.99819602
-1.0003902
-0.99953382
-0.9984981
-0.99971885
-0.99963151
-1.0000967
-1.0001411
-1.0006894
-1.0006525
-1.0010151
-0.99923685
-0.99945312
-0.99944216
-1.0001777
-1.0002287
-1.0004856
-0.99949103
-1.0003601
-0.99990208
-0.9990981
-0.99874748
-0.99815127
-0.99958759
-0.99880883
-0.99955047
-0.99912526
-0.9998679
-0.99838728
