-0.82531465
-1.6176853
-1.0733096
-1.7509075
-1.2189069
-0.63123493
-1.0791107
-1.7965346
-1.7507781
-0.75213959
-1.4692639
-1.1346997
-1.0791765
-1.2137529
-1.9447079
-2.1968037
-1.3665886
-1.1315152
-2.0255596
-0.97553989
-1.6759329
-1.1563029
-1.7084054
-2.2835834
-1.1283601
-1.2922738
-2.0306343
-1.6192344
-1.0671913
-0.12628649
-0.1893957
-1.2109594
-1.5016285
-0.32398353
-2.0316878
-1.1679269
-1.26516
-0.55535946
-1.0496535
-1.2395985
-1.1947662
-0.35175226
-1.3277658
-1.3740895
-1.4173783
-1.492637
-1.7210218
-0.77595055
-0.78915818
-0.91485067
-0.79197976
-0.79085721
-1.7099825
-0.29326929
-0.84071077
-0.95968569
-0.65123519
-0.96432341
-1.6657449
-1.6436452
-0.43748378
-1.5058856
-0.27034203
-1.878732
-1.400629
-1.4909677
-1.1664089
-1.2546738
-1.2371154
-1.1958252
-0.17734688
-1.0952325
-1.3195838
-0.62964333
-1.7128503
-0.31711474
-0.74979922
-0.46196976
-0.74011664
-0.26177843
-0.81774624
-1.2702684
-0.86323804
-0.2528146
-1.0594801
-1.2682999
-1.3451081
-1.301474
-1.0056982
-1.664272
-0.69759447
-0.99736872
-0.92287259
-0.73306912
-0.72027468
-0.19242802
-0.77417025
-0.80997333
-0.69305927
-1.0222139
-1.1444812
-1.0727086
-0.47332882
-1.262625
-1.31111
-1.2446033
-0.93153023
-1.6492268
-0.81035108
-0.57476806
-0.75854982
-0.40131597
-0.38600081
-0.31004013
-0.84078852
-1.156292
-1.2796382
-0.15377006
-0.95454622
-2.0233328
-1.1642677
-1.3663118
-1.2189819
-1.3750429
-1.7704168
-0.1435185
-1.001344
-0.02476797
-0.68064586
-1.2333289
-0.83058015
-0.42304256
-0.80625229
-0.78452234
-0.5538915
-0.68099247
-1.0589621
-1.0218366
-1.1595155
-1.2501528
-1.4321198
-0.39738056
-0.95285906
-0.47441688
-0.94050259
-1.6465515
-0.66766816
-1.6706536
-0.71085371
-1.6541522
-0.24666164
-1.7227686
-0.73435636
-0.37832169
-0.9568087
-0.81567631
-0.68403913
-0.45927945
-1.2030506
-1.7928244
-0.49860379
-1.3218003
-0.56611667
-1.1168941
-0.47735393
-0.86100383
-0.49823734
-0.91297727
-1.6302636
-0.80760266
-1.1060681
-0.87525928
-1.2451442
-1.2091119
-0.82844857
-1.3875124
-1.4834519
-0.30750384
-0.19402041
-0.58539355
-0.21523072
-0.56661417
-1.0570871
-0.76444691
-1.1209198
-0.45696746
-1.3124277
-0.98003437
-1.0667516
-1.5666238
-0.64238663
-0.7133832
-0.95933829
-1.2025104
-1.4354967
-1.5617929
-1.5026444
-1.4560901
-1.4049621
-1.3464344
-1.5996721
-1.1314809
-1.7769329
-1.2177946
-2.0355472
-0.48675455
-1.0417828
-1.8101973
-1.3662164
-1.5497524
-1.4672572
-1.1492889
-1.2043297
-1.4400793
-1.2481577
-0.89010373
-1.1471605
-1.1346563
-0.74274222
-1.3989012
-1.5072385
-1.1598447
-0.83474654
-1.5444365
-1.6697879
-0.51671557
-0.76445997
-0.76018598
-0.8503996
-0.69135509
-1.3050752
-0.67209386
-0.90782807
-1.0948114
-1.1919205
-0.72462568
-1.0828573
-0.80937763
-0.77626137
-0.98802335
-0.88069504
-1.4377239
-0.55787542
-1.9200949
-1.3607478
-2.0476162
-1.3542496
-0.843884
-0.2534843
-0.80590935
-0.44492673
-0.99820093
-0.11689036
-1.1750724
-0.32948166
-1.2246756
-0.28933413
-0.40345936
-1.4653264
-0.60894233
-1.4025218
-0.66076176
-1.3994774
-1.1063355
-1.4539012
-0.61853803
-1.4390784
-0.93785524
-1.2524307
-1.097706
-1.2972612
-1.4552903
-0.59722217
-1.1972416
-0.87059666
-1.2205538
-0.72593781
-1.4727001
-0.85604
-0.88637823
-0.99021319
-0.62447035
-1.434877
-0.48198426
-0.52239263
-0.35145713
-1.3259906
-0.61585017
-0.42049194
-1.9254761
-0.22227084
-1.6490381
-1.3825791
-1.3160355
-1.8948386
-1.0538974
-1.7338521
-1.0643764
-1.2076002
-1.1486526
-0.9121151
-0.138701
-0.67492823
-0.49089577
-0.74745017
-0.92372335
-0.87930602
-0.61739915
-0.54665083
-0.52069429
-1.2414903
-1.1501148
-1.306996
-1.2664176
-0.69074337
-1.4129925
-0.43591996
-1.0846011
-0.63518947
-1.1281787
-1.635684
-1.7066358
-1.513575
-1.0028463
-1.5161658
-2.1693948
-1.4167743
-1.3829983
-0.69657923
-1.1471533
-1.0660796
-1.2977028
-1.6068033
-0.82366101
-1.7367004
-1.7228485
-1.6782358
-1.6023186
-1.2200919
-1.2451736
-1.2845137
-1.5087279
-0.81564059
-1.2444259
-0.39169971
-1.3854397
-0.68803387
-1.2113501
-0.32335454
-1.6533241
-1.522441
-1.5048505
-0.92627806
-0.93301441
-1.4594727
-0.59625303
-0.713903
-0.73732034
-0.51551169
-0.74646397
-0.32995273
-0.87257373
-1.3821837
-1.6613552
-1.3618061
-1.7385896
-1.1520805
-1.0174389
-0.28346924
-0.82926852
-0.47708889
-0.9688922
-0.35485685
-1.1187393
-1.1110571
-0.74100366
-1.1021192
-0.61917748
-0.30986303
-0.95660212
-0.93356294
-1.2705993
-1.3727911
-1.5003691
-1.1887755
-1.3441051
-0.79230569
-1.1930198
-0.93296793
-1.6109345
-1.461408
-2.5077353
-1.2399808
-1.356507
-1.7572189
-1.3627029
-1.1484848
-2.4556527
-1.9199008
-1.1980413
-0.88194341
-1.1638068
-1.1573685
-1.1803348
-0.68148838
-1.1951298
-1.2612293
-0.77702082
-1.034451
-0.98716214
-1.2094361
-0.98934755
-1.1433623
-1.2085272
-1.053514
-1.228342
-1.0164132
-0.25059735
-1.4409103
-0.23613233
-0.44510153
-1.662399
-1.0296187
-0.50016573
-1.2421487
-0.44182214
-0.80477533
-0.54353205
-0.89215974
-0.345294
-1.1124282
-0.29771917
-1.0196972
-2.5670054
-0.8188066
-1.5583719
-0.75201329
-1.4116713
-2.2194486
-1.2345392
-0.85321372
-2.277755
-1.1127761
-1.4277357
-1.8617441
-1.4362654
-2.5679662
-1.1120835
-1.6590296
-1.3396749
-1.6237154
-0.3647932
-1.3101972
-1.1055201
-0.78121741
-0.91350628
-1.1076438
-1.4011429
-1.0942048
-1.1410244
-1.0901576
-1.8893653
-0.58085174
-1.1469609
-0.979713
-1.0621027
-0.57008813
-2.3687547
-1.1474284
-1.1360408
-1.7910328
-1.3629777
-1.6871841
-0.51614556
-1.4124109
-1.5135973
-1.4676164
-1.6543714
-2.1715261
-2.1585214
-2.2931299
-1.9745398
-0.78563376
-0.87877801
-1.1619514
-0.61298343
-1.2426357
-0.98776773
-1.2352819
-1.34193
-0.9941264
-1.2115073
-1.4139171
-2.3292538
-0.97807235
-1.0068945
-1.0244695
-1.5112115
-0.73449603
-0.9665364
-0.40339779
-1.2330909
-0.89942605
-1.4733035
-0.82067567
-1.0175006
-0.66029101
-1.2182606
-1.5233329
-2.5214349
-2.044365
-2.044365
-1.9318976
-1.6084973
-0.87950402
-1.1335239
-2.3551071
-1.3497965
-1.2113034
-0.80632986
-1.4920829
-1.6314079
-1.5658433
-1.2588236
-1.4603291
-0.58096238
-1.2350959
-1.4676142
-0.9916358
-1.3915702
-1.8981207
-1.1136154
-1.5495722
-1.1238115
-2.0848424
-1.6264873
-2.0567685
-1.8688116
-1.2289345
-0.96983812
-1.8090681
-1.0991553
-1.4896673
-1.1038787
-1.9249264
-1.6821787
-1.0967207
-1.0203172
-1.1014463
-2.5197014
-1.2631794
-2.2700704
-1.6870435
-2.078526
-1.2219718
-1.7456966
-2.3548522
-1.0521415
-1.5100211
-1.8496173
-1.5941301
-1.2506654
-1.4124212
-1.0188657
-2.1711731
-1.9694188
-2.0655479
-1.1809553
-1.3110925
-1.2958722
-1.7365262
-1.819663
-1.2655926
-1.8015646
-1.369024
-1.7329811
-1.6952593
-2.2700704
-2.0602222
-1.3189421
-1.6458769
-1.1639401
-0.75827893
-1.2030032
-0.51859295
-1.4101488
-0.85610896
-1.3377361
-1.4296295
-1.6303322
-1.9051641
-1.7591262
-1.5411801
-1.1834977
-1.374691
-0.99455103
-0.76982528
-1.3043683
-1.4579262
-1.5160162
-1.9163712
-2.1716998
-1.6033383
-1.4192179
-1.6142665
-2.0858114
-1.5723348
-1.6258953
-0.74766621
-1.2787467
-1.0823488
-1.4582588
-1.2635081
-0.52415371
-1.7476293
-1.0968549
-1.4328606
-0.69505232
-1.4284197
-1.496066
-1.9799976
-1.2581532
-0.84578261
-1.8486807
-1.2669947
-1.7837286
-1.3038161
-1.892847
-1.9461281
-1.9591389
-2.118429
-1.4267437
-1.6033843
-1.3337532
-0.68071493
-1.4180342
-0.62509546
-1.1272101
-1.9036725
-0.57348449
-1.467969
-1.3709465
-1.1425027
-2.0953998
-2.4775123
-1.4297601
-0.7941974
-1.6238303
-1.0240006
-0.85117191
-1.0665617
-1.5955088
-1.4741912
-1.4309373
-0.62129218
-1.800737
-0.7482107
-1.0731763
-0.98095254
-1.5164867
-0.95303738
-1.1032927
-1.302976
-0.42675076
-0.86891357
-0.54567706
-0.72273031
-1.5533135
-1.5166931
-1.4552601
-1.3030154
-2.0381973
-1.2355318
-2.123087
-0.98942311
-1.1001092
-1.2352201
-1.3778101
-1.1403491
-0.80835526
-1.0081054
-0.61461232
-1.6197035
-1.2890515
-1.2252119
-1.3785026
-1.137934
-0.60351637
-1.017483
-0.44851192
-0.59528649
-1.7456709
-1.2737722
-0.69948928
-1.1539259
-0.87302511
-1.121549
-1.8739284
-0.97904354
-1.5549949
-1.0015913
-0.55238059
-1.0996156
-0.69214704
-1.5510636
-0.52296785
-0.79637258
-0.74165136
-1.223266
-1.4950754
-1.1039202
-1.1770343
-1.2726957
-1.4958568
-1.255755
-1.6706954
-1.400894
-1.6036445
-1.0609303
-0.62643521
-0.75668865
-0.25050484
-0.99941473
-0.62751108
-0.79845191
-0.65963749
-1.2790703
-2.6438499
-0.91778312
-1.1328371
-1.2251245
-1.1328371
-1.1118463
-1.1632588
-1.11259
-1.0176898
-1.090907
-0.95211437
-1.0520673
-0.48992477
-0.75783349
-1.197049
-0.75084875
-0.93903878
-1.1056598
-1.0481513
-1.1960597
-0.4491453
-1.5781483
-0.90634141
-1.3027012
-1.0534883
-0.93754494
-0.93244975
-1.5053056
-1.5610942
-1.5657605
-0.59826453
-0.67514428
-1.0344965
-0.83047815
-0.9146957
-1.4887251
-0.59837311
-0.50599964
-0.83938007
-1.2794245
-1.1081188
-1.2613599
-1.0251391
-1.0386173
-0.28888367
-0.96292295
-0.42305786
-0.80927795
-0.20913981
-0.65862151
-0.65873069
-0.82188519
-1.2104487
-0.79961389
-1.4095671
-0.93477396
-1.0559011
-1.2277737
-0.93033768
-1.0998134
-1.2077644
-1.0923907
-1.3695379
-1.103073
-1.61917
-0.86321384
-0.75126947
-0.61967607
-0.94038614
-0.55664884
-0.95096426
-0.4809035
-1.2048891
-0.58028409
-1.4724331
-1.1378331
-1.6000255
-1.541182
-2.0830372
-0.27439301
-0.80665515
-0.51916043
-1.2002851
-0.93693504
-1.0902136
-0.34744122
-0.62149112
-0.58292172
-0.90181877
-0.80442637
-0.88031371
-2.044365
-1.3491109
-1.1475602
-1.996984
-1.0410121
-1.0422185
-1.0361667
-1.1475602
-1.2039138
-0.79338241
-0.98032315
-0.94284071
-1.1348366
-0.88790984
-1.0675044
-0.91903991
-1.0548798
-0.57963144
-0.81598182
-0.977187
-0.3543307
-1.530427
-1.0542195
-0.92341959
-1.0374613
-1.2286357
-0.13544876
-1.5480419
-0.90043533
-1.1181524
-1.8588838
-2.044365
-0.39192763
-1.452049
-1.172764
-0.34488854
-0.93160642
-0.69316478
-0.87228906
-0.79368513
-0.80882177
-0.83680827
-0.97906888
-0.6184075
-1.0736343
-0.40600405
-1.4502799
-0.88568684
-1.4197858
-1.2459848
-1.3357903
-0.83815081
-1.4090564
-1.4361532
-1.3571948
-1.1275363
-1.3850289
-0.80710855
-1.4255554
-1.2087181
-1.1475602
-0.94280854
-0.65197345
-0.94495153
-0.16831605
-1.273318
-0.7247091
-0.84270628
-1.1626685
-1.1330376
-0.4342821
-1.1990215
-1.0957232
-1.143903
-1.8341431
-1.1376124
-0.33483574
-0.86218733
-0.48596294
-1.2471585
-0.32457153
-0.90239658
-0.28300582
-1.1262986
-0.5165449
-1.2738727
-1.523429
-0.91265806
-1.0863616
-1.235211
-0.47384897
-1.2493924
-0.86040275
-1.1586136
-0.72183594
-0.24678747
-1.3636857
-0.29372828
-0.86063428
-0.62338202
-0.78681505
-0.50198364
-1.0585556
-0.25951257
-0.79980965
-1.0119201
-1.9311198
-2.1656692
-0.53519692
-1.2082873
-1.1801064
-1.1376285
-0.57574893
-1.9602802
-1.9571719
-0.75959082
-0.85219041
-1.0628946
-1.6008747
-0.16736298
-2.0166697
-0.62179942
-1.5524257
-1.081817
-0.60323325
-0.64328559
-0.6017551
-1.0022806
-0.92330195
-1.0767017
-0.79251676
-0.85291984
-1.8720104
-1.6655099
-1.3168476
-0.78946921
-1.10162
-0.74779116
-1.3111141
-1.0847686
-1.3068576
-0.90264751
-0.80038941
-0.92592038
-1.3142079
-1.332362
-0.84665493
-1.0240459
-1.4112907
-1.0090698
-0.55338477
-0.62177022
-0.86835595
-1.3245668
-1.4265881
-0.97323524
-1.0698342
-1.0745033
-0.68658912
-0.85530428
-1.0716447
-1.217676
-1.0225184
-0.74558485
-1.1020935
-0.70449676
-1.0293374
-0.71750178
-1.0408705
-1.0103513
-1.0377052
-0.88417979
-1.032222
-0.84867992
-0.6351508
-1.0503932
-0.79190956
-1.0193811
-1.1498168
-0.83588256
-1.0695777
-1.0803909
-0.60350987
-0.87777791
-0.86420735
-1.0476173
-1.103089
-0.81724522
-0.64772031
-1.1463143
-0.9720568
-0.8588645
-0.95584459
-1.0874361
-1.0775331
-0.8557157
-0.94357939
-1.2626135
-0.85923695
-1.0070034
-1.1154423
-0.67373986
-0.96966521
-0.77475686
-1.3444464
-0.94373089
-0.87670538
-0.66122108
-0.74807127
-0.72967168
-1.0953706
-0.84163321
-0.92660237
-0.82661601
-0.8153811
-0.78266701
-1.096352
-0.70069103
-1.154788
-0.94557708
-0.7449609
-1.0687485
-0.86400417
-0.97980227
-0.96453299
-0.97928322
-0.66361348
-0.66261291
-0.71463022
-1.2092075
-0.93774562
-1.1250958
-1.0103151
-0.90562352
-0.67915037
-1.0386807
-0.54209766
-0.94921917
-0.84964963
-0.89767947
-1.0600711
-1.1208689
-1.1577326
-0.92937035
-0.7323788
-0.77940431
-0.74492478
-0.73046058
-0.87889085
-1.128507
-1.038798
-0.99540325
-0.89063295
-1.2092991
-0.58200823
-1.2152559
-0.86271885
-0.77788943
-1.0943871
-0.82659818
-0.94720651
-1.0299598
-0.93949737
-0.74677202
-0.68196821
-1.2091431
-0.69666793
-0.79506863
-0.92124244
-0.92772596
-0.70254992
-0.75619117
-1.0657423
-0.77880071
-1.1168265
-0.88985862
-0.55587504
-1.090474
-0.90338941
-1.1251548
-0.92036649
-0.96228933
-0.69324595
-0.83359629
-0.96232378
-1.1594962
-1.0537286
-0.97610454
-0.94723412
-0.9915691
-0.7165177
-1.1172242
-0.68438178
-1.1070615
-1.0811825
-0.84174905
-1.0494306
-0.74647908
-0.96433571
-1.0247946
-0.9680622
-0.76136629
-0.78190929
-0.60002311
-0.96098809
-0.92568687
-0.7249671
-1.0078158
-0.79420919
-0.87092647
-0.90679325
-0.56986879
-1.1992052
-0.98908095
-0.52066474
-0.94583453
-0.7934835
-1.1943312
-1.2553165
-1.0207428
-0.64012704
-0.97981203
-0.35424644
-0.98865498
-0.74217302
-1.0324152
-1.1535504
-0.99824985
-0.98701103
-1.1371572
-0.86375151
-1.1152452
-1.037321
-0.66460653
-1.0421111
-0.74237085
-1.2235096
-0.90524723
-1.0178574
-0.76274599
-1.0470264
-1.0017448
-1.262292
-0.83721821
-1.0635694
-0.95414023
-1.1400989
-0.68740623
-1.0771542
-0.4578055
-0.91326941
-0.98659749
-0.94414743
-1.0928043
-1.0948944
-1.0215138
-1.0827685
-0.74903461
-0.77903655
-0.40150352
-1.1383649
-0.98042342
-0.84634363
-0.95643464
-1.021998
-0.88393507
-1.2010118
-0.53036614
-1.0346699
-1.0260921
-0.76939111
-0.99685581
-0.74995792
-1.2687692
-1.0841371
-0.89243866
-0.80213317
-0.65172658
-0.75200955
-0.8569513
-0.87145247
-0.83655769
-1.0294751
-0.99555745
-0.75524971
-1.1804567
-0.5603969
-0.87253489
-0.85167025
-0.76050823
-0.92335487
-0.74613048
-1.3091779
-1.1486149
-1.0941494
-0.69716132
-0.71040528
-0.70556873
-1.030927
-0.74560152
-1.1809731
-1.0439786
-0.64769057
-0.77631638
-0.92183755
-0.54301018
-1.0584238
-0.99096849
-0.69205508
-0.99185761
-0.79776615
-1.1644996
-0.96402223
-0.96217744
-0.85257136
-0.9094692
-0.62422961
-0.98724456
-0.9619891
-0.92422594
-0.99989548
-0.88042171
-0.76314756
-0.90347583
-0.33480516
-1.1535492
-0.81137481
-0.69480707
-1.1160135
-1.1559196
-1.0502826
-0.95910978
-0.86184678
-0.55756855
-0.78071978
-0.8282979
-1.0420796
-0.83059488
-0.91710147
-0.86211566
-1.0898192
-0.74181186
-1.1983217
-0.93956961
-0.93394515
-0.90230248
-0.97838076
-1.0910065
-1.1667484
-0.95388859
-0.79287919
-0.66658206
-0.64910824
-0.99225734
-0.73177338
-1.0383687
-1.0741985
-0.87995581
-0.75760543
-1.2812451
-0.664415
-1.0496473
-0.97806361
-0.76811904
-1.2155243
-0.92587365
-1.0408813
-1.1500759
-1.1010164
-0.79068603
-1.043984
-0.89187008
-1.1771909
-0.73788394
-0.91104951
-1.0659682
-1.2485551
-0.81572066
-1.267036
-0.58072312
-0.91966896
-1.1410098
-1.0754237
-1.0476029
-1.0872963
-1.2056015
-1.0068651
-0.9547743
-1.0202457
-1.031177
-0.8548451
-1.1699989
-1.0761716
-0.88101107
-0.77605955
-1.1304669
-1.0988059
-1.0945824
-0.81404312
-1.1548621
-0.99210121
-1.0402045
-0.7968732
-0.91857866
-1.2834641
-1.1223746
-1.0820379
-0.79876551
-1.0351043
-0.76468935
-0.78625946
-0.84830279
-1.0863531
-1.6173013
-0.92064158
-0.58697223
-1.2279814
-0.86800042
-1.8051598
-1.1548621
-0.7414971
-1.312636
-0.91439153
-1.0705543
-1.0976492
-0.98069434
-0.87425585
-0.85784607
-1.1786506
-0.80379731
-1.0152237
-1.0279466
-1.0286478
-0.9792357
-0.90826143
-1.4985797
-0.74260835
-1.0518335
-1.0267999
-0.78582129
-1.050821
-0.92088823
-1.1517521
-1.1190343
-0.95450159
-0.80159412
-0.83087861
-0.76738404
-1.0805099
-0.8835174
-0.91095648
-1.34737
-0.91892798
-0.80353575
-1.2949094
-0.43377144
-0.98499699
-1.019203
-0.95303234
-0.9568133
-1.1984119
-0.95878785
-1.1352231
-1.173369
-1.1556874
-0.95126695
-0.59312068
-0.92122049
-0.99471942
-0.86877578
-0.93361923
-0.64356511
-1.1557331
-0.98736892
-0.99658912
-1.0965302
-0.801327
-0.98768075
-0.95566301
-1.1728428
-0.97346642
-0.95574537
-0.77624873
-1.0561902
-0.87614444
-1.1487482
-0.71414105
-0.79828601
-0.82835067
-1.0441763
-1.0069424
-1.0104897
-1.0304861
-1.0953808
-1.2117728
-0.79506094
-1.1489097
-1.1438945
-1.3788663
-0.93566722
-0.71271362
-0.85464998
-0.62330978
-1.1276001
-1.0554583
-1.1158472
-1.0774062
-0.90954245
-0.93810246
-0.64186503
-1.2960783
-0.85280241
-0.8725327
-1.0115819
-0.88878957
-1.1047066
-1.0286401
-0.81394584
-0.73130432
-0.83375478
-0.97192
-0.89097938
-0.92668464
-0.97096678
-1.0102882
-1.0042337
-1.0221948
-0.93563104
-1.1734177
-1.0298028
-0.99410402
-0.85282564
-0.93748001
-1.0473688
-0.92326209
-0.95766725
-0.86288389
-0.96231304
-0.93113596
-0.8587543
-1.0912351
-0.91469407
-0.95270054
-0.97650686
-0.98876508
-1.0800429
-0.61183378
-1.0223062
-1.0510369
-1.0286788
-0.97910049
-1.0168241
-1.1267661
-1.181854
-1.1137398
-0.9277719
-0.87337404
-0.85231291
-0.90776905
-0.84371808
-1.0132803
-1.1283502
-1.0637122
-0.85544208
-1.033715
-0.75423809
-1.1073635
-1.0314275
-0.8263261
-0.6663291
-0.91125758
-1.3086516
-1.0364093
-0.9127887
-0.83040745
-1.2972354
-0.55259396
-1.0328547
-0.74811107
-0.92640145
-0.94393749
-0.86614748
-0.79920387
-1.3050929
-0.92616662
-1.0623497
-1.0744627
-0.78312691
-0.86572883
-0.83064041
-1.0895567
-1.0610122
-1.0145257
-0.87728348
-0.82461166
-0.69815253
-0.84807046
-0.83365677
-0.88856164
-1.0727669
-0.90828011
-0.73144685
-1.2623218
-0.76855106
-1.3012595
-0.84110793
-0.88818323
-0.90857482
-0.88121636
-1.124889
-1.0728291
-1.0262897
-0.64484403
-1.0166893
-0.93257432
-1.226982
-0.79678978
-1.2442253
-1.0249583
-0.96550817
-0.81798099
-1.0400519
-0.58648043
-1.0442486
-0.91021717
-0.93255196
-1.0050337
-0.96767608
-1.1051638
-1.0417699
-0.79886492
-0.73281211
-1.0466023
-0.89411145
-0.78136656
-1.0012697
-1.1823346
-1.0213518
-0.85907017
-0.93839707
-0.95860339
-0.95162434
-1.2508193
-0.96964952
-0.87023224
-1.0775605
-1.1433198
-1.1058195
-0.73531659
-1.1464471
-0.80766016
-1.0878406
-0.77481143
-1.1121799
-1.1078455
-0.89870666
-1.150373
-0.80194258
-1.1022004
-1.0573354
-0.77764876
-1.0296917
-0.8089745
-1.080564
-1.1125301
-0.91656595
-0.76878596
-1.1620467
-0.86826972
-1.1581267
-0.91875285
-0.9878717
-0.90215862
-1.108209
-0.8926283
-1.3126733
-1.0478184
-1.2110812
-1.0787664
-0.91522697
-0.79320082
-1.2113292
-1.0691668
-0.98167194
-0.9223717
-0.53683446
-0.9081102
-0.64454216
-0.93242493
-0.72722229
-0.97530504
-0.78133399
-0.97752617
-0.90323706
-1.1791008
-0.96494556
-0.67068067
-0.84598797
-0.93706516
-0.94790644
-1.0643442
-1.0183854
-0.82199736
-0.93944485
-1.1467908
-0.96343171
-1.1532923
-0.88320864
-0.99142224
-0.88144514
-0.93573411
-0.92796186
-0.8504371
-1.0274509
-1.1100503
-1.1765425
-0.88212346
-0.83999932
-0.57173123
-1.0207305
-0.72993794
-1.0983911
-0.92485245
-0.98891968
-0.95506201
-1.2044679
-0.67325541
-1.25647
-0.37038408
-1.0106549
-0.81903369
-1.1037773
-0.84499167
-0.89548556
-0.96322444
-1.1376906
-0.63413024
-1.0186749
-0.79194505
-0.89162998
-1.0013598
-1.0847625
-0.89863366
-1.1117683
-0.79345286
-1.1748405
-0.47851348
-1.1082753
-0.7515012
-1.1136026
-0.87005904
-1.1341116
-1.0919392
-0.85791071
-0.85054859
-0.84796044
-0.84460359
-0.96697337
-0.76131883
-0.82833269
-0.99602874
-1.3025762
-0.821413
-0.63773083
-0.88152779
-0.85171466
-0.67952311
-0.66050403
-0.97369615
-0.9756187
-0.82313345
-1.3173237
-0.74348838
-1.6183809
-0.82162136
-1.2038317
-1.0486172
-1.190527
-1.0752012
-1.2614469
-1.1731078
-0.98756941
-1.140103
-1.0644734
-0.83052399
-0.9681147
-1.0150363
-1.0795223
-1.0796366
-1.1210275
-0.97931639
-0.98911705
-0.84119029
-0.99402967
-0.97650994
-1.0708698
-1.0025664
-1.1966131
-1.3485414
-1.3566186
-0.80863037
-0.89088992
-0.95921987
-0.80500575
-0.97342584
-1.2099496
-0.96054495
-0.8261737
-0.96407188
-0.77084427
-1.1723602
-0.60046591
-1.0323301
-0.77019067
-1.0424898
-0.97845215
-1.3060696
-0.84707909
-1.0153709
-0.902101
-1.8816163
-0.95357554
-0.86966794
-1.0644324
-1.1548621
-0.91979517
-1.6319101
-1.3240722
-1.5871091
-0.55743728
-0.97601638
-0.94567991
-0.89821615
-0.69820866
-1.0059693
-0.89194306
-1.0574456
-0.91851071
-1.6161907
-0.89132861
-1.0363219
-1.1470334
-1.0051546
-0.85246953
-1.1006519
-1.2186834
-1.8707573
-1.1548621
-1.4314849
-1.2939542
-1.1975493
-0.72538664
-1.1548621
-0.91703361
-0.78250011
-1.1004784
-1.0693149
-1.0770736
-1.2333364
-0.88019956
-0.55189806
-0.91578095
-1.0292475
-1.3226783
-0.9540434
-0.74031589
-1.0366564
-0.84303972
-0.88313424
-0.94382616
-1.1858104
-1.1234258
-1.1548621
-1.3929864
-0.86082278
-1.3563057
-1.5137764
-1.1107539
-0.65828751
-1.4634982
-0.72635208
-1.413288
-1.3344379
-0.74679582
-0.88185341
-1.44693
-1.6768323
-1.1108766
-1.5813359
-1.5644702
-0.99118926
-1.0482875
-1.4564741
-0.8819647
-1.1392138
-1.2126134
-1.1548621
-1.3362528
-1.5871091
-1.4492014
-1.4749762
-1.3550337
-0.92300602
-1.30767
-1.2846968
-0.99535379
-1.7755469
-1.3280472
-1.3317392
-1.259015
-1.3492109
-1.4483989
-1.5942105
-1.1073306
-1.1094936
-1.459228
-1.299261
-1.3533899
-1.3528478
-1.3292814
-0.99808255
-1.1066367
-1.1595841
-1.3127347
-0.72532456
-1.3406586
-1.0797178
-1.3734332
-1.079479
-1.6946652
-1.0265489
-1.2212475
-0.8506808
-0.90194908
-1.3452634
-0.34103776
-1.7156995
-1.5528649
-1.0865731
-0.75480784
-1.2746448
-1.1674338
-1.1499059
-1.3376461
-1.3755336
-1.5510588
-1.2578377
-1.457002
-1.1803976
-1.4390297
-1.3960326
-1.4533927
-1.2298197
-0.72032965
-1.8068634
-1.9257968
-1.7632003
-1.275271
-2.044365
-1.7730449
-1.7495045
-1.8383143
-1.7331014
-1.750271
-2.0294203
-1.5275472
-0.8379228
-1.5584565
-1.8775135
-0.92798539
-1.0602116
-1.2894371
-0.9838593
-0.5285262
-1.1644306
-0.76766069
-1.3584977
-1.5417111
-0.49596809
-0.70262648
-0.50412572
-1.5329093
-1.2181577
-0.84499014
-0.49526779
-0.77060754
-1.1376259
-1.2800139
-0.68735119
-1.1258849
-1.1230724
-0.94066591
-1.3306942
-0.79251826
-0.97944928
-1.5453251
-0.82550984
-0.49461001
-1.2979491
-1.2934479
-1.3607365
-1.3010045
-1.2602561
-1.4503616
-1.0689034
-1.4591342
-1.1336992
-1.026677
-0.34567838
-0.63212898
-0.38392217
-0.78995166
-0.70130661
-0.52433277
-0.79807458
-0.96956936
-0.99501532
-1.0121578
-1.2312968
-0.67921759
-1.3248861
-1.1446726
-0.7322683
-1.0941064
-1.0594671
-1.1904684
-0.80806786
-1.4206244
-0.92776479
-1.32704
-0.85265114
-1.2880437
-1.3969155
-0.22456836
-0.36405556
-0.53840102
-0.91115744
-0.62202881
-0.76204514
-0.64762726
-1.1153849
-0.70302997
-0.21104781
-1.094513
-0.37792519
-1.2643206
-0.79906902
-1.0755024
-1.1992497
-0.9459157
-1.0489528
-1.2125756
-0.23661594
-0.88413427
-0.21539858
-0.73311435
-0.60896043
-0.53411429
-0.2072326
-0.68577805
-0.49607986
-0.86906632
-0.89603665
-0.93133842
-1.2686156
-0.93514739
-1.3054916
-0.83494447
-0.91299424
-0.88218463
-1.2565527
-0.94807282
-0.8455264
-1.169425
-0.76025502
-0.88314017
-0.85772352
-1.2846417
-1.0726395
-1.3164503
-1.1220728
-1.1141686
-0.72567041
-0.39130529
-1.0074649
-0.97717979
-0.75053948
-0.56780287
-0.87515433
-0.20823474
-1.0306762
-0.4945717
-0.62607228
-0.74522557
-1.2989832
-1.1333435
-1.2557574
-1.2215306
-1.3758714
-1.1173243
-0.80944055
-0.38726212
-0.39827774
-0.66186061
-1.1731135
-0.85732951
-0.27648805
-0.34300309
-1.1039716
-0.35974133
-0.93619318
-0.63781052
-0.34533742
-1.3359174
-0.97507154
-1.2872341
-0.70646169
-1.2814207
-1.1596017
-1.2651496
-1.1148625
-0.97345618
-1.4507854
-1.131581
-0.86505623
-1.2381318
-0.47766948
-1.2899807
-0.96474309
-0.99110342
-0.64344315
-0.26250521
-0.97199076
-0.37109818
-1.028451
-0.62886683
-0.71536185
-0.27681582
-0.7405116
-0.74156669
-1.6088449
-0.43052178
-1.8097716
-0.87918699
-0.73374911
-1.1810431
-0.65660825
-1.3631503
-1.3194398
-1.9598748
-1.2189952
-1.0480323
-1.5093245
-1.2716618
-1.5686392
-1.2858798
-0.24719001
-0.22596429
-0.77683294
-0.94383473
-1.6649222
-1.0650261
-0.41597737
-0.97975053
-0.76153565
-1.1546864
-0.33133197
-0.82970383
-0.97896391
-0.48831751
-1.3391605
-0.74325612
-1.3342444
-1.1893946
-0.43621258
-1.0206109
-0.89076039
-1.6256227
-0.65341616
-0.65549042
-0.9244503
-0.88560508
-1.0152973
-0.86346523
-0.90014749
-1.1334791
-1.0833441
-1.1842811
-1.0460969
-1.0527178
-0.40152403
-1.2447972
-0.58458832
-0.9356916
-0.39265309
-0.74984022
-0.53764387
-1.0282815
-0.27501924
-0.50982505
-0.88245477
-1.2630161
-0.69631059
-1.2087522
-0.91205988
-1.4304134
-1.0017737
-1.2898028
-1.3794417
-0.87549441
-1.1672997
-1.0945402
-1.2623935
-1.2010025
-0.3245832
-1.0162684
-1.1274437
-0.29567207
-0.87894993
-1.2929277
-0.47157771
-1.0946133
-0.23239073
-0.93469659
-1.0843572
-1.1168087
-0.93207578
-1.0805906
-1.4720085
-1.3372785
-0.88014365
-0.9039055
-1.1829656
-0.53797095
-1.2127424
-1.1318811
-0.98934979
-1.6690568
-0.84794506
-1.0140508
-1.4292114
-1.247385
-0.93291685
-1.7074586
-0.87743921
-1.1810601
-0.94364964
-0.084710124
-0.91334429
-0.6887774
-0.95382916
-0.41293406
-0.74206393
-0.63445044
-1.2290761
-0.30346535
-1.2983502
-0.3592354
-1.0573498
-1.9439438
-1.2159258
-0.073753918
-1.0522225
-0.64412297
-0.6042199
-0.48098789
-1.0468117
-0.56289509
-0.68221775
-0.24742492
-1.1184231
-0.61898773
-0.85222105
-1.1134013
-1.2444639
-1.0839518
-0.45174991
-1.1088048
-1.6548807
-0.45983164
-0.90664129
-0.26063726
-1.0954762
-0.60997686
-0.82957921
-0.59830233
-1.1421575
-0.51322605
-1.0783057
-0.22427869
-0.92927527
-1.0845369
-1.0434822
-1.0807423
-0.42074983
-1.2781537
-1.1071854
-0.92186051
-0.52345904
-2.3391584
-1.357453
-1.1658942
-1.0193319
-1.0822026
-1.3392013
-0.42634416
-1.102545
-1.1581888
-0.73581337
-1.2957695
-0.90635816
-0.54763993
-1.8960871
-1.1192589
-0.94090291
-1.9242525
-2.3264223
-2.2360717
-1.4287508
-1.9961555
-2.0168412
-1.402084
-1.6101434
-0.84263828
-1.1651369
-0.99476351
-1.2273298
-1.3143416
-1.328784
-0.995886
-1.5142157
-1.8131639
-2.0625543
-0.87593657
-0.82326334
-1.5719999
-1.3082054
-2.0443261
-1.2942723
-2.4080045
-1.8513247
-1.8554124
-1.4493643
-0.89847203
-1.0077095
-0.84433794
-1.1541102
-1.0130677
-0.98033585
-1.2268534
-1.2559027
-2.1585799
-0.6844106
-1.5370848
-0.28299794
-0.93400054
-1.3469284
-0.62617472
-0.92232479
-1.1125226
-0.61083424
-0.81125019
-1.005514
-0.95998539
-0.89370124
-0.73435898
-1.2273095
-0.54236969
-1.0168086
-1.4931723
-0.7742792
-0.94625001
-1.0153943
-1.330106
-0.78310343
-1.674802
-0.6734963
-1.0066894
-1.2793403
-1.1278511
-1.5300936
-1.2710048
-1.0942728
-1.3167394
-0.68180271
-0.90919564
-1.1196564
-1.9480919
-1.2560147
-0.70665226
-1.6202741
-1.0725274
-2.1588206
-1.2234891
-0.32331371
-1.0938436
-1.1268358
-0.69871974
-1.1965756
-1.4002504
-1.265794
-0.69560032
-1.0115342
-0.56727786
-0.74636763
-0.41523012
-0.57621052
-0.99860129
-1.8147286
-0.96499259
-0.5433622
-0.9581959
-0.8359633
-0.90321934
-0.46441259
-0.93818017
-0.92355736
-0.73889418
-1.2272568
-1.6309828
-1.1785235
-1.2821263
-1.2086657
-1.081079
-0.73028029
-1.0999805
-0.64042011
-0.67911502
-1.472572
-0.34670902
-1.0443415
-1.4226829
-1.3607146
-1.165672
-0.99953085
-1.0511409
-1.0594245
-0.99920394
-1.1503416
-0.81941447
-1.2772942
-1.8075754
-0.92351384
-1.0628325
-1.2892924
-1.067097
-0.78189228
-1.0873827
-0.6270016
-1.5884858
-1.0762709
-0.41376305
-1.1687035
-1.1963288
-0.58663974
-1.1671489
-0.3450143
-1.0835752
-0.90953668
-1.0224853
-1.4539278
-1.5413536
-1.7299624
-1.467407
-1.1755506
-1.0499799
-1.8316298
-1.1703433
-1.5716814
-1.3472235
-1.4645211
-1.6225067
-1.0490171
-1.2833443
-1.2403849
-0.91822158
-1.6462559
-1.2573584
-0.746478
-0.95038479
-1.1184821
-0.82218874
-0.78807273
-1.2488075
-1.3110699
-1.1252861
-1.0681879
-0.69686406
-1.9469785
-0.82538936
-0.48512913
-0.39391034
-1.0129108
-0.85014334
-0.6800492
-0.9878936
-0.77575579
-1.1352904
-0.87476298
-0.54282284
-0.58834126
-0.80284799
-1.64647
-1.697744
-1.5582374
-1.3088764
-1.3775288
-1.0356703
-1.9799451
-0.99733334
-1.2793812
-1.4495536
-1.0637135
-1.1291407
-0.9864171
-1.4239626
-1.2764851
-1.064821
-0.6960305
-0.97486083
-1.1729438
-0.68926795
-0.89366799
-1.03921
-0.85933666
-1.2504336
-0.95511166
-2.1948519
-1.009989
-0.95895614
-1.2815553
-1.3571838
-0.66091522
-0.89561633
-1.0432973
-1.2157036
-1.3148517
-1.7971378
-1.7525726
-1.4319206
-0.83171799
-1.5826629
-1.4604445
-0.60396752
-1.8863066
-1.287319
-0.77591577
-1.6325158
-1.1318188
-1.4446201
-0.69347224
-1.4180609
-0.65707021
-0.78920668
-1.057128
-1.4424922
-0.83026341
-0.73934102
-0.7148248
-0.36921477
-1.4137829
-1.0437508
-1.5095371
-1.6763557
-1.1170272
-1.123874
-0.64512098
-0.47173618
-0.70468081
-0.60745831
-0.37664301
-0.73150946
-0.63595363
-0.76025286
-0.57966605
-0.86922767
-0.72444026
-1.7701252
-0.65896054
-1.2686751
-2.2860912
-1.9714506
-1.6839759
-1.1319329
-0.97935333
-0.86419209
-1.2942106
-0.70018472
-1.59122
-1.3110689
-0.69779324
-1.6657396
-1.5822676
-1.3872006
-1.4381008
-1.2596843
-1.3722848
-1.1217048
-0.89640708
-1.2685246
-1.2918056
-1.4223668
-0.91529484
-1.2434796
-0.83354564
-1.5736371
-0.72447243
-1.3967386
-1.5516002
-1.1297013
-0.81319061
-1.2573286
-0.98018288
-1.3856947
-0.90783951
-0.86956168
-0.87487934
-1.4630353
-1.2597145
-0.90287851
-1.3522546
-0.79918131
-1.7057404
-1.1582241
-1.5982233
-1.0812536
-1.5088048
-1.2308998
-1.4299073
-1.3767252
-1.3966217
-0.90509686
-1.0063856
-1.0012532
-1.1706229
-1.3896449
-0.76683354
-1.1928408
-0.79722246
-1.000877
-1.0428772
-1.8948189
-0.96814357
-1.1851835
-0.84464055
-1.2952603
-0.46085022
-1.2446497
-1.5244595
-1.2955414
-0.96346341
-1.2410248
-0.88723986
-0.98711572
-1.1012707
-0.64171067
-0.68066782
-0.7512627
-0.90305336
-0.3713964
-1.1855499
-1.2250541
-1.178886
-0.58405213
-1.2640627
-0.55647616
-1.5267699
-1.6177581
-1.2870896
-1.1274399
-1.3040305
-1.0817252
-1.1580098
-1.0822972
-0.66938692
-1.2762327
-0.72820106
-0.80397811
-0.83781132
-0.78829806
-1.3919528
-0.96419227
-1.0651844
-1.2052629
-1.0400418
-0.80678568
-0.97136704
-0.6757953
-1.2531876
-0.6368512
-1.4288889
-0.94597782
-0.98349516
-1.3028852
-1.6597849
-1.3116977
-0.99301987
-1.3322437
-1.5422292
-0.51072413
-1.1753375
-1.1635707
-1.2504083
-0.73263249
-1.5187151
-0.66346826
-1.2596816
-0.8702869
-1.2186622
-0.78564089
-1.0757877
-1.2993844
-1.1456115
-0.98101605
-1.7757601
-0.86564155
-1.1656849
-0.74347093
-1.3007391
-1.1128141
-0.78509326
-1.1402108
-1.1791093
-1.1942346
-0.7844293
-1.1886758
-0.69299848
-1.1437431
-1.1162529
-1.0471666
-1.0975145
-0.78370091
-0.42349988
-1.3064858
-1.2011743
-1.1660358
-1.2049909
-0.90892918
-0.74618476
-0.95049533
-0.74480932
-1.1554836
-1.5473867
-1.1113669
-0.74067233
-1.2843191
-0.68657898
-1.0686467
-1.048773
-1.1171297
-0.8845899
-1.1620449
-1.0695085
-1.2303182
-1.6065167
-1.2838849
-1.2831886
-1.5081238
-1.1036361
-0.88001922
-0.79474199
-0.92355985
-0.57421799
-0.85895921
-1.0447627
-1.1707457
-1.3643766
-1.3664548
-1.122438
-0.47485625
-1.2570071
-0.82886186
-1.2382892
-0.99479436
-0.77307536
-1.1776221
-1.144973
-1.263148
-0.74691379
-1.2136093
-1.006275
-1.4482409
-1.1109324
-0.85209095
-1.1846382
-1.0958289
-1.120253
-0.65092104
-0.77612785
-1.1696629
-1.3357798
-0.92389572
-1.0650178
-1.327676
-1.3588287
-1.2044077
-1.4302198
-1.2717597
-0.79026604
-1.0556014
-0.99012388
-1.0521671
-1.3836026
-0.92057193
-1.3731012
-1.1761239
-1.0405194
-1.4346607
-0.98642006
-1.6742198
-0.84595046
-1.1160892
-1.0311762
-1.0913197
-0.97078677
-1.1356516
-1.1086231
-1.5105193
-1.2195714
-1.230758
-1.1358247
-1.2895088
-1.0255796
-1.4735719
-1.3434999
-1.3031312
-1.602674
-1.6067107
-1.6695011
-1.2701041
-1.0615031
-1.137162
-0.93004495
-0.69645093
-0.69386806
-1.0994899
-1.4474011
-0.89898075
-1.5167038
-1.0524568
-1.5118901
-1.2568805
-1.5871091
-1.384512
-1.1411542
-0.6029879
-1.3631414
-1.3693982
-1.256956
-1.14466
-0.94294361
-1.5900253
-0.46748497
-1.2545241
-0.67121071
-1.1436628
-0.64492013
-1.0043157
-2.3774572
-0.99707289
-1.7201807
-1.3654471
-1.2659792
-0.85367971
-1.0942157
-1.1475602
-1.55531
-0.90368047
-1.3358001
-1.0808456
-1.0154908
-1.973706
-1.2845433
-1.1073572
-1.7991771
-1.6140778
-2.0993958
-1.4388948
-1.0210605
-0.8163468
-1.2919163
-2.1035239
-1.2056392
-0.9773488
-0.87958269
-1.1466737
-0.7223178
-1.180323
-0.92397013
-1.2078325
-0.93947576
-1.2691901
-1.1953284
-1.4096654
-1.1766453
-1.1530516
-1.0857692
-1.0435485
-1.0444342
-1.078426
-1.2386551
-1.1659666
-1.4576131
-1.2533128
-0.51577411
-1.4644978
-0.9869967
-1.0891008
-1.0103921
-1.4134337
-1.5386331
-0.95659826
-1.251697
-0.54889189
-0.95840144
-1.23804
-1.7470368
-0.8554362
-0.78594701
-1.3053592
-1.2185004
-0.91100232
-1.153851
-0.65154794
-1.0436779
-0.85154792
-1.0931374
-1.2313831
-0.8298628
-1.0991383
-0.90515015
-1.3025821
-1.0819793
-0.81822435
-1.1560709
-0.4375089
-1.0145645
-0.92160874
-0.99007804
-1.1151356
-1.0668659
-0.60602966
-0.90371933
-0.74888503
-1.4240613
-0.67718359
-1.2332244
-0.73909667
-1.1266658
-0.65440271
-1.3038922
-1.1355038
-0.84262174
-0.81017777
-0.76510312
-0.97491421
-0.88491255
-1.6171456
-1.1037666
-1.2752483
-1.2181673
-1.3790891
-0.48978383
-1.1795438
-1.1020984
-1.2901783
-1.1475602
-1.9736533
-0.69490007
-1.3142618
-1.0238488
-2.044365
-0.76734901
-0.59895525
-1.2504884
-0.57561495
-0.71803501
-1.2883044
-0.61248738
-1.3503661
-0.68437389
-1.4411944
-1.9978663
-1.164468
-1.6301859
-0.87705971
-1.1698763
-0.62382382
-1.0614117
-0.82945709
-1.1387507
-0.95371206
-0.85114937
-1.3733082
-1.1942159
-1.5098744
-2.0973378
-2.044365
-0.88231502
-0.80292833
-1.0462808
-1.056517
-1.1265082
-0.90180371
-0.96765151
-1.3183291
-0.96471656
-1.2444029
-1.8749733
-0.91157914
-2.044365
-1.2650897
-0.93025401
-0.89677373
-0.77667108
-1.2497413
-1.0202738
-1.2563769
-1.1562184
-0.72481857
-0.6454503
-1.099642
-0.99462935
-0.94987178
-1.4222202
-0.88399258
-0.91055469
-1.1475602
-1.2940078
-1.180753
-1.1475602
-0.85085522
-1.2931689
-0.86567245
-0.81018174
-0.7409305
-1.0905606
-1.1087521
-0.80967836
-1.2331864
-1.2545227
-1.2325492
-2.2700704
-0.55075392
-1.8144135
-0.84399504
-1.1507441
-0.88808072
-1.1680285
-0.95940828
-1.1492219
-0.69576099
-1.1909926
-0.59166816
-1.1428668
-1.0271635
-1.1166316
-1.6826245
-1.0182759
-1.4636733
-2.044365
-0.70407117
-1.2800192
-0.97578548
-1.0381083
-1.6491195
-1.0619961
-0.98494774
-0.89028791
-1.1537838
-0.93609303
-1.3943465
-0.82232282
-2.044365
-1.1441895
-1.2396262
-1.1481109
-0.95986402
-1.1386166
-1.2428428
-1.1475602
-0.91787522
-1.3013793
-0.84118587
-0.90408391
-0.70720013
-1.0341549
-1.4304548
-0.754267
-0.95370478
-1.3996795
-0.72633205
-1.1701945
-0.47105694
-1.1146104
-0.82068449
-1.0988188
-1.1351067
-1.0563545
-1.1066444
-1.1685314
-0.80715983
-1.204114
-0.88597054
-0.89553036
-0.84677529
-0.84056677
-0.70410995
-1.3177777
-0.91582542
-1.0427089
-1.1102349
-1.1680205
-1.2020429
-1.1173697
-1.2212758
-1.5490683
-1.235595
-1.0155915
-1.3447299
-1.0444738
-1.3844297
-0.89213977
-1.1475602
-1.2789843
-0.98485375
-0.95453101
-0.95419905
-0.72691274
-0.86812444
-1.115237
-0.96896913
-1.134767
-0.74286157
-1.2043995
-0.42830317
-0.92790565
-0.61323444
-1.1175008
-0.91904382
-1.1309158
-1.275789
-1.239904
-1.2591707
-1.1267592
-1.0218268
-1.1242121
-1.0382759
-1.0512484
-1.4303688
-1.4407564
-1.8433208
-0.57135071
-0.80023303
-1.2512663
-1.3133907
-1.3225311
-1.2293782
-1.2686602
-1.1624765
-2.044365
-0.8323749
-1.147777
-1.1677542
-0.60055298
-1.2576275
-1.1709715
-1.442647
-1.375727
-0.84946385
-0.9109356
-1.054261
-1.0285284
-0.43032959
-1.0447487
-1.1508838
-1.313648
-1.3156287
-1.007066
-1.5810149
-1.2205244
-1.3040493
-0.49487259
-1.133112
-1.1014353
-1.1223897
-1.5543928
-1.1995563
-1.7563063
-1.3253957
-0.99327315
-1.3260066
-0.98923352
-1.2109938
-0.82631131
-1.0202685
-1.081854
-0.67954742
-1.0667523
-0.84888533
-0.99209486
-0.80475394
-1.3156609
-0.59044336
-1.170058
-1.0745534
-1.1040203
-1.4791769
-1.1475602
-0.92015719
-1.1852141
-1.1561714
-1.1475602
-0.96610934
-1.5232308
-0.6079984
-1.1035844
-1.1987082
-1.2893107
-0.81171387
-1.1400225
-1.1071653
-1.3172845
-0.92135469
-1.2388853
-2.38461
-1.3598325
-0.98498588
-1.424705
-1.5644702
-1.4482125
-0.85086993
-1.5946832
-1.6497883
-1.370473
-1.4846514
-1.6084232
-1.6991191
-1.2007081
-1.42001
-0.81035348
-1.0240036
-1.250345
-1.0259591
-1.7668755
-1.1135921
-1.343166
-1.2318528
-1.5110293
-1.2002937
-0.77688161
-1.0767338
-0.58041752
-0.94773944
-1.0182519
-1.1025205
-1.3506985
-1.1864428
-1.9558475
-1.0735535
-1.3853782
-0.69629783
-1.1196552
-1.158546
-0.38986579
-1.5629936
-1.5329897
-1.6336279
-1.1298689
-1.5156295
-1.5199598
-1.5605781
-1.1475602
-1.170336
-1.1243874
-1.2402504
-1.535633
-1.3027528
-1.0354815
-1.4741857
-1.2304939
-1.2573974
-1.6373899
-1.4352533
-1.2906937
-1.6851366
-1.4916831
-1.6633616
-1.7029349
-1.8528705
-1.0354815
-1.6755454
-1.1505021
-1.1485511
-1.4570664
-1.1541311
-0.70533427
-1.3680864
-1.3915424
-0.56036501
-0.71864509
-1.0925129
-0.84991038
-1.3659112
-1.4788511
-0.80351211
-1.0066884
-0.36030629
-0.80225749
-1.2124249
-1.1156652
-0.71890577
-1.6925992
-1.6821277
-0.73104621
-0.89661938
-1.2595906
-0.830865
-0.82503916
-1.0117462
-1.1118059
-0.696519
-1.0623652
-0.98149166
-1.4619956
-1.7803395
-0.91135111
-1.4281611
-1.1572761
-0.7528372
-0.46745149
-0.55059585
-0.46926566
-1.0671239
-1.1827835
-0.85022516
-0.9158082
-1.1840548
-1.2479663
-0.54062251
-1.2368977
-0.61726358
-0.96053044
-1.0692932
-1.0507028
-0.41697112
-1.1629613
-1.2512505
-1.4042101
-0.64129393
-0.96426597
-0.70474662
-0.43539381
-0.90997192
-0.52087967
-0.75396728
-0.082673287
-1.1136061
-0.8423631
-1.599128
-0.70889871
-1.648486
-0.91163232
-1.1009304
-1.1469356
-0.55160383
-1.3877762
-0.12528541
-0.36921688
-0.40701128
-0.7265814
-0.34441173
-0.32044729
-0.24112194
-1.0289431
-0.57941191
-0.8742536
-1.3070478
-0.89646625
-1.3849103
-1.567206
-1.260842
-0.43126322
-1.2037862
-1.0859572
-0.22993049
-1.3205921
-0.93355407
-1.2224267
-1.1516146
-1.3085448
-0.74353022
-0.23288007
-0.80687226
-0.51301508
-0.67448581
-1.3562145
-0.41387152
-0.68532921
-0.98252903
-0.47843951
-0.95128138
-1.0378528
-1.7257795
-1.5455293
-0.88317412
-0.35092364
-0.48947419
-0.68817933
-1.2087962
-1.0490929
-1.1771223
-0.46412421
-0.93500784
-0.24355358
-1.0807
-0.9736535
-0.63654132
-1.3773221
-1.050874
-1.2587984
-0.65785047
-1.2004741
-0.84464222
-1.6539155
-0.55656741
-1.153147
-1.2374759
-1.153385
-0.80056714
-1.015866
-0.78644671
-1.3262832
-0.55869899
-1.2763482
-1.0995617
-0.57379027
-0.93067983
-0.28047503
-1.0884562
-0.28614301
-0.78680653
-0.6255632
-1.0207451
-0.44663146
-0.73191457
-0.77854227
-1.0186738
-0.81797111
-1.4161105
-0.47206227
-1.3297855
-1.5021831
-1.1021687
-0.096796637
-0.31067903
-0.76953893
-0.95581311
-1.6678961
-0.97652057
-0.55449447
-0.89323461
-0.36249662
-0.83962699
-0.23210508
-0.27751126
-0.75416276
-0.76972841
-1.3659458
-0.97629859
-1.157719
-1.3780724
-0.72784539
-1.2653809
-0.39906179
-1.1751158
-1.3250558
-1.1256171
-1.1841294
-1.3252199
-1.3459549
-0.68365061
-1.3170149
-0.9246067
-1.3630481
-1.097246
-1.474245
-1.2071932
-0.99316269
-1.0570732
-1.6248348
-0.19262623
-0.91591373
-0.64617092
-1.0149837
-0.80749008
-0.69943322
-0.58672804
-0.98426223
-0.32303298
-0.74475136
-0.93773735
-1.2114376
-1.1527895
-1.5279333
-0.71580026
-1.0579974
-1.1731444
-0.24970658
-1.3441828
-1.4328116
-0.75828044
-1.0370592
-0.86370186
-0.50984692
-0.95520206
-0.49042772
-0.37978855
-0.51082972
-1.1313558
-0.5698464
-1.1169951
-0.67483858
-1.2819985
-1.2613788
-1.3347376
-1.2358049
-1.2743238
-0.92422918
-0.8998838
-0.93891561
-1.199799
-1.1437446
-1.1209614
-0.90051476
-0.51500516
-1.340702
-1.2678775
-0.98218043
-1.0644078
-1.5484734
-1.0466208
-0.76209045
-1.1615676
-1.024193
-1.1206529
-0.68832682
-0.20471427
-1.0028637
-0.41345092
-0.91414653
-0.41039865
-0.77214039
-0.50282958
-1.1658482
0.0086216544
-1.148426
-0.70407763
-0.99099505
-1.8793128
-1.3291381
-0.3172484
-1.2270346
-0.45200734
-0.49810875
-0.36002108
-1.2423705
-0.27130822
-1.1277755
-1.0075639
-0.99374043
-0.63640097
-0.49841356
-1.1389593
-1.308355
-0.74246179
-1.3009327
-1.1248194
-2.0711292
-0.62191014
-0.92471023
-0.19432501
-1.2450093
-0.46542816
-0.86463989
-0.60401387
-1.0911696
-0.47155737
-1.1107678
-0.22401667
-0.97224236
-1.2658557
-1.1315908
-0.99061666
-0.94750137
-1.3286491
-1.6382698
-1.1402302
-1.1847305
-0.81469774
-1.1028809
-0.88725781
-2.4303799
-1.2384902
-1.7741609
-1.1743238
-1.2282208
-1.9186428
-1.5318537
-1.3661169
-1.1600054
-1.2423539
-1.6736513
-0.92891856
-1.8750702
-1.6831073
-0.5302902
-1.2555489
-0.71971832
-1.1048285
-0.91073177
-1.0259622
-1.1257975
-0.43933987
-0.88648154
-0.94310336
-1.2730821
-1.039948
-1.3217895
-0.35277063
-1.3673176
-0.95197569
-1.6009491
-0.98390322
-1.5826584
-1.1928318
-0.91551908
-1.1597421
-0.79645242
-0.88437281
-0.64341653
-0.67912792
-1.5563288
-1.3251519
-1.327576
-0.46007049
-0.56307072
-1.2795051
-1.1531063
-1.800532
-0.94480477
-0.99063233
-1.8303809
-0.76969461
-1.5214103
-0.75196174
-0.38407958
-0.75631263
-1.1706086
-0.54189926
-0.45926033
-0.92922296
-1.1436294
-0.78726199
-1.8466389
-0.82533506
-1.3115159
-0.43053644
-1.7316236
-1.2559552
-1.0441899
-0.99101591
-1.0211801
-0.87074256
-1.0930261
-1.3209992
-0.90263646
-1.3161579
-1.0985188
-1.5514853
-1.1468142
-0.56225352
-0.92688244
-1.4817284
-0.71885669
-0.80381481
-1.0630983
-0.36449191
-0.88414348
-1.1591117
-1.2609322
-1.6634854
-1.2046925
-0.37048468
-1.2170127
-0.3933848
-0.79520561
-1.4587273
-1.1186108
-0.99959528
-1.0471666
-0.64622906
-1.0209043
-1.5332524
-1.3295792
-1.2787552
-0.92227466
-1.2187188
-0.72010361
-1.3446211
-1.8040619
-1.1904011
-1.8910328
-1.1315214
-1.567999
-1.5478976
-1.3083532
-1.1971356
-0.98641198
-1.3286695
-1.2210647
-0.59985525
-0.53151705
-0.93704716
-0.73916466
-1.1965911
-1.2807107
-1.2694529
-0.3457456
-1.4979029
-0.62917086
-1.0783335
-0.73764481
-1.2176988
-1.495797
-1.3942155
-0.42184716
-0.92971078
-0.5286193
-1.11741
-0.22071697
-0.27165504
-0.70974903
-0.6969658
-0.78191578
-0.35356404
-0.87699394
-0.39029203
-1.056905
-1.0703073
-0.93774177
-0.76435142
-1.1469885
-1.8612798
-1.0609603
-0.80062472
-0.40463805
-1.248234
-1.3295572
-0.70341322
-1.1952932
-0.49721859
-1.0251439
-0.97667099
-1.4974838
-1.2026422
-1.0400918
-1.0704559
-1.1253901
-0.21631888
-1.144355
-0.69132307
-1.1399873
-1.7621115
-1.2849079
-0.85617659
-0.83282224
-0.49613706
-0.71691672
-1.2803785
-1.1199946
-0.52860721
-0.4639665
-1.1420591
-1.2946299
-0.99912085
-0.89778836
-0.41556534
-1.3230304
-0.97938768
-0.83491967
-1.1442236
-1.5108703
-1.3321465
-0.89128922
-1.1455441
-0.94667614
-1.2804027
-0.50096144
-2.003971
-1.1453207
-1.0104213
-0.97008384
-0.85919092
-0.94454363
-1.2324841
-0.37029915
-0.47503107
-1.4930282
-0.92936441
-1.1614276
-0.43506253
-1.12742
-1.5933191
-0.27968521
-0.80701471
-0.85498946
-1.1325917
-1.5970176
-0.47911102
-0.5801638
-0.63014397
-0.64933932
-0.59248668
-0.93793539
-1.237343
-1.3550859
-0.75279322
-1.3876985
-1.2571387
-1.0858945
-1.4553347
-1.1137666
-1.1376199
-1.184102
-1.3682761
-1.6027435
-1.2674478
-1.1365423
-0.99540292
-0.96422364
-1.2255283
-1.2136068
-0.71866109
-1.0458343
-1.0225221
-0.79768704
-0.77136864
-0.73691408
-0.95656909
-0.4752576
-0.87978826
-0.62505379
-1.7324854
-0.70805063
-1.9180534
-1.8615374
-1.1379968
-0.43952332
-1.1466475
-0.87005452
-0.63781239
-0.93688341
-1.0147385
-0.61679788
-0.80806456
-0.87105334
-1.1351827
-1.3759909
-1.1193631
-1.3587558
-0.67912773
-1.2122058
-1.280576
-1.642312
-1.7051306
-1.5794711
-1.2884153
-1.4113583
-0.68531556
-0.64798749
-0.36157519
-1.0966218
-1.0720579
-0.85816398
-0.84048883
-0.40983789
-1.4743692
-0.52450214
-1.2117391
-0.33729924
