22.507837
29.614507
-46.592521
-9.493425
17.379568
-24.319948
2.6650942
-24.352678
-20.167839
-15.089367
0.77251581
-10.828924
-14.668583
-17.003026
-26.372984
-22.533383
-25.638609
-18.107338
-2.4372363
-13.963201
23.755124
-6.527434
-2.3696503
-31.940788
20.42006
-20.537359
-35.311666
-22.452302
-48.998913
-45.646691
-40.246756
-13.505482
-5.9788854
-26.501589
-13.076238
13.871874
-12.890254
-41.530853
-18.690361
37.739332
-4.4617049
24.830608
22.864222
25.553165
-40.138812
6.6059592
-0.40019964
14.881767
26.752269
17.07595
26.805841
2.9278394
36.192679
34.480431
38.596155
34.470536
38.99016
16.05058
-23.599038
32.821605
-39.580538
24.526302
-22.650656
-33.519236
-37.185252
-53.728529
-57.207389
13.278736
-29.936633
-17.724138
-12.449097
-5.770201
27.438012
-23.036192
29.536989
23.84865
-47.119286
2.540907
-25.677187
-32.360041
-21.466533
24.565911
-23.142213
-60.210909
-3.8794057
-21.740936
-32.041701
31.826057
-7.5909296
-2.2258699
32.041156
19.252951
-19.485773
34.011575
32.793643
29.533957
33.761898
25.306866
24.783041
30.377552
21.374842
53.334901
-2.5389392
-44.897121
-27.045217
-11.038738
-20.573799
3.689584
-22.264369
-13.592304
-9.6945198
11.03991
4.7812364
12.608094
-28.863982
-28.829657
8.5897327
-22.452161
-3.9499676
-15.980734
-16.742158
-48.535109
-36.430209
19.534347
-26.619268
-11.932438
-22.420713
1.3463133
7.9862398
-6.4450719
21.448038
38.149867
-49.388978
-28.743895
-59.502306
-13.578915
-21.144058
-0.067578877
2.3323361
-19.334688
18.449211
-13.621276
18.345274
19.247248
17.086604
27.541715
20.092147
5.8119336
14.593997
-8.2420103
-26.071012
16.984887
-14.400514
-51.363178
10.429168
-14.790132
-29.488113
9.6580442
-14.856599
9.6828303
-6.1318464
11.97099
24.802508
40.208313
35.791371
7.7966031
18.213396
6.6619935
13.79823
16.243471
28.945795
24.435312
22.20685
38.071025
-29.816285
32.690718
17.80612
42.323054
35.417498
28.798569
30.534786
49.811212
31.370194
31.158976
46.321864
42.711799
35.552749
23.859071
48.134176
31.158976
33.230401
31.004753
39.818335
49.894013
-15.715116
-22.889688
30.848719
21.475305
27.484168
3.9791339
26.916495
-1.8188064
21.770275
4.7675366
29.075388
4.477452
-33.334321
-4.1029087
-20.558566
19.29889
-1.9166195
7.3105896
-25.555543
13.378077
34.420408
3.8390001
15.546727
33.605465
34.181258
33.401802
30.516169
28.16335
43.096649
36.525404
38.595419
25.808984
24.700489
17.077937
42.439017
-1.4220798
17.253311
15.328678
-14.195774
-14.675886
8.1345847
-42.952953
0.22573885
-19.514561
-31.331217
-22.164651
-8.4446973
-1.3424123
-3.3871503
-5.4597533
4.4165182
-5.133071
-31.860626
-3.7604186
-22.456352
-27.965421
-11.23834
-11.492178
-22.150122
7.7083286
13.814129
-9.9852005
49.111035
4.0496598
25.403035
22.070595
34.727451
7.8911121
26.656992
27.590461
39.494654
34.941613
30.724302
36.908086
24.736442
38.951815
10.185686
-10.712237
11.494873
20.377757
-11.524403
3.5545174
8.6339533
-19.349785
-54.862587
-48.824417
-20.490167
-21.211058
-3.6321197
-14.224897
-2.6347366
2.4291628
-35.843822
-28.137894
37.981262
12.324799
-49.462881
29.277015
-6.9217051
-5.5533508
-22.386166
-4.1285594
-12.062029
-3.1068259
47.065654
10.931046
-25.878408
9.774278
9.9626215
-14.030148
7.4494914
23.086351
5.7199637
15.718832
23.073527
33.212477
36.047515
25.122486
-9.0826746
-3.9646772
-37.309958
26.973159
-35.442632
-2.7944178
0.60429458
-34.643675
-15.311487
31.292371
-12.823474
41.68085
-0.29407034
-44.821257
-37.160201
-49.827459
-3.7028738
9.7599908
-16.771038
-34.505731
-13.434064
-31.0611
-6.7398394
8.1303356
-2.4376756
-52.451532
5.2179684
16.600494
-34.314605
10.374647
-1.0735481
1.471029
30.908247
7.3543614
8.9695616
-9.5134911
1.4956319
-3.984348
-45.564582
-61.077667
12.164817
-50.792652
-0.095384627
-14.284138
-18.606287
-1.6584015
1.8778781
-2.3199407
-1.0193849
1.5577063
-18.902632
6.7443199
-21.893376
1.4293941
29.373349
22.511486
-10.643064
-27.422246
-36.641411
9.5681963
10.392697
-27.941487
-7.3142718
-30.106316
-21.042122
-29.041291
-33.81275
-4.3370294
22.514879
28.140305
24.611345
6.062261
41.506618
49.812501
29.924576
42.095831
30.190355
40.174355
31.377413
32.194366
33.939166
27.030983
35.663468
39.300992
30.122433
43.601201
14.711641
35.755044
21.246932
24.47046
36.516334
37.689491
30.734545
32.753423
48.932118
43.387431
24.471967
41.183281
41.181309
44.613387
26.135691
-22.305239
33.681931
2.5388005
34.2028
-10.164022
30.324563
-18.552281
-20.240962
-23.528514
32.072629
-3.3113258
30.353614
35.748624
1.6329122
11.652146
27.790665
27.119081
11.568151
10.879628
11.000715
3.1862293
45.051381
3.9567441
36.272453
36.957693
30.385073
41.182365
41.484827
39.156979
38.602101
38.269697
28.626154
28.486889
42.369698
30.399855
34.659276
42.393288
30.399855
43.487514
29.187388
35.356653
40.335613
34.98421
27.586253
30.91971
16.004065
41.915884
22.716315
33.115692
28.524013
28.771184
5.7622852
34.821999
46.851361
45.532803
30.399855
44.683267
23.492466
29.219336
13.488979
35.436002
36.083525
17.574183
27.384515
17.320847
-34.551439
7.2782381
-23.130265
30.362496
-5.1124874
-35.379957
-29.204762
-45.58221
-49.423985
45.356658
4.5351477
32.603501
44.006565
42.379886
-56.238241
18.173208
9.0572845
-18.815438
-22.202775
-16.318279
-13.979927
-47.212948
-14.850423
-22.403128
-20.347474
-7.8902224
53.53285
-9.8803293
35.277913
14.506205
33.990348
17.523185
40.135643
26.898436
28.31287
42.538687
30.385073
25.795613
22.228892
33.154588
5.3006863
13.913894
17.716451
18.290899
32.602468
28.570468
37.484855
19.511998
16.95039
36.184609
14.423991
22.484995
24.721041
21.2699
13.490069
13.986889
24.491193
38.322897
35.470448
26.332166
36.364289
42.069411
45.44479
38.482229
37.357045
36.859917
41.462837
48.223727
46.422478
46.810639
34.857742
33.64419
18.899158
-17.062048
1.5334794
-8.9932338
29.340007
-22.739714
-5.3664006
-11.216369
-24.343242
-21.157947
6.579485
-51.843081
16.059264
-43.08459
9.4634492
3.5099777
0.61174632
-49.442693
29.284807
-29.864081
-6.8844281
-21.188205
-17.399627
-24.267913
-35.297475
-24.200314
14.694004
41.908356
-28.402468
-17.962659
14.750856
-12.395025
44.886567
40.298922
24.099626
-5.2353082
-41.517032
42.587284
14.568358
15.32754
-7.9886674
-25.690475
26.968092
-21.598226
-26.896741
-19.589327
-35.62567
-33.964585
42.795117
20.201313
18.801703
12.757377
1.1904814
28.066741
23.193904
1.9439831
24.687417
30.0888
-4.3125151
18.117992
20.571583
-10.545753
-11.273191
8.0599334
5.0244182
-2.1313973
-19.008359
14.475328
-6.3899712
-11.729127
-17.147331
-18.456697
-5.5356991
-17.913663
-20.144284
-34.014725
-10.095187
9.1256849
-9.8328541
-11.315741
-19.723045
-9.0937032
-7.1205628
-3.8630935
4.6650445
25.559679
5.1625977
26.0182
21.800808
7.3630069
25.966101
4.0609993
21.127413
17.750017
14.326131
13.055227
27.514047
4.6205996
39.794896
-25.186465
2.9776619
47.63366
-32.245601
-30.355552
-52.501943
-45.003232
53.600349
-0.29686884
19.694976
-13.317058
39.849277
7.4748379
3.2977494
-37.732288
-21.094545
12.742272
-4.3654748
-36.553667
-43.030545
-39.147911
11.118346
11.486769
-13.370451
-42.316174
-15.766894
-23.624423
11.178542
-4.9378023
-18.040124
13.062997
-45.1471
-16.888675
16.040109
-30.698141
-4.7723301
-29.146104
21.498664
8.2757251
-13.552379
17.966154
-37.055229
-22.162068
-8.361788
4.87637
-6.2335724
-17.192151
6.2555459
19.560693
5.4119405
31.788859
44.574989
19.612889
-46.2386
-39.171332
-30.827544
-19.780367
24.830224
-41.89718
12.606632
7.104262
21.909103
-10.257476
24.068257
-4.6638784
21.357525
-28.316129
-9.7445602
-16.856335
21.275691
15.530612
21.858047
2.9960506
21.386518
12.46635
33.340592
20.040086
20.789565
12.905534
4.7496268
10.783913
-11.294008
20.417479
-0.25759219
-16.78196
-8.2136459
-5.3037243
18.397024
55.356478
23.630784
-29.496018
17.088971
21.942141
36.004649
33.977195
18.766254
14.567705
23.987919
32.029054
42.095286
-18.252082
-16.273813
11.466653
13.149929
-17.113532
14.735553
1.0946401
-7.2699275
-27.473982
-2.7439778
-15.392197
-27.944476
-12.321555
-12.093757
-1.2956252
10.738501
-30.444564
2.663635
32.3853
12.963473
-11.71489
14.068478
-20.3639
-32.327859
6.57823
-41.679832
-11.98634
-9.3411134
4.0914543
49.807877
-10.261204
-23.425904
-54.295869
12.185638
27.360192
-21.398565
15.30819
10.230345
22.487098
-5.0100791
-6.1874683
25.294665
2.5303935
-11.821673
-15.451772
0.94977505
-31.082072
-8.3793073
34.652151
-4.8884143
-14.875981
-40.81518
-19.748484
-48.422965
30.38939
-42.320966
-21.020013
13.900635
-0.087469059
-12.266702
8.5024143
34.122952
-57.020433
-21.098843
-14.796293
-23.378595
-13.038227
-2.9725976
-4.569451
50.918269
36.76216
41.981452
-0.62632665
31.503066
22.825169
31.025535
29.586988
40.976216
-23.627721
7.0994787
-2.4926212
-15.634804
10.83482
-69.113159
-0.88878027
21.497217
-5.7410602
-18.324697
-1.814721
-10.491679
42.636842
-39.807531
61.835798
9.8042038
-73.587278
-16.685362
-33.560559
10.533696
-15.668899
-6.2484514
-6.0944805
36.374901
-35.920535
-2.6568591
-49.196082
-18.361328
-12.304307
-10.004825
-10.602442
-17.148256
15.672922
10.431699
-40.442175
31.19074
-34.310362
-17.344637
-32.682367
-4.9136129
4.1338225
-62.163883
-38.402696
35.273145
33.142391
-38.723328
-50.576524
30.225027
7.554534
-27.553419
-6.3971899
-21.768316
15.399592
-20.035541
16.373562
-15.783137
-7.9288219
-14.948209
41.546647
-24.901885
-24.66909
-18.838575
45.438153
30.383024
35.891005
10.371282
31.230829
4.5653611
-7.9391882
-22.729775
-26.410195
-3.362098
-7.3701737
-16.964938
36.384247
-33.331625
42.566724
-27.463449
-19.867181
-35.261134
-15.068114
-27.2747
24.372424
-34.836755
-6.4562757
50.815783
-31.774803
29.085464
23.410409
-22.143996
-17.611647
-26.409042
36.853973
18.82785
-12.863183
8.651006
37.582158
22.405673
39.249049
22.952327
38.226173
39.569556
29.194076
40.725808
27.347952
39.404639
41.35037
34.88986
38.66612
33.226488
39.4701
35.50913
39.349985
34.469759
30.03007
33.464549
36.728545
36.067877
15.278909
39.629409
20.74279
35.781027
37.614139
-13.897467
26.657914
42.369175
0.0043502127
23.6785
32.488106
18.467341
0.41127189
53.208956
-43.643347
-13.930872
14.335822
-22.426257
-53.317741
-19.636627
9.3724316
-53.462216
52.54391
-49.177798
0.82010214
-14.664314
37.807495
-8.6609524
5.99242
-24.008108
5.3326904
-13.826499
-32.659672
-9.3774003
17.484064
49.716268
33.811095
4.3913491
36.290721
50.233155
41.393511
30.617775
30.858614
28.673459
31.610681
32.2729
15.24855
36.018282
40.165958
22.024412
32.039799
27.461395
31.084269
28.91059
18.721105
32.653418
34.374208
21.62897
31.295159
13.490102
44.183438
42.325241
23.659419
24.310973
39.953803
34.132146
9.705406
-12.764081
41.180938
26.33273
35.391628
-8.3459017
-35.01463
14.405537
-33.783518
13.248392
-9.4771884
22.708507
-31.789797
18.922164
-7.0649857
33.605344
13.471765
14.631887
29.127289
-46.984668
-31.195388
-41.283362
-40.707624
19.71533
-30.157322
23.757476
-37.461807
22.397583
8.9701848
-5.8358734
1.9701746
-11.748986
15.296949
21.143134
2.4479729
52.278587
45.917218
42.94659
26.2431
37.852311
33.969876
37.544568
33.117531
20.203849
12.548914
42.375454
37.520801
24.086385
41.546283
55.361071
30.94031
55.51145
8.6817992
8.7167931
16.711057
24.118392
22.161969
14.571992
-12.48574
-24.268003
-13.687468
-18.996177
54.352608
-4.5304974
19.975075
2.7773026
31.810198
-42.203163
39.12713
-25.927591
12.488301
36.325702
13.069821
14.514916
35.917904
-34.948892
34.937213
-44.595972
6.4434813
-41.772744
-12.323543
-22.542304
-8.0094943
-35.597063
21.127701
48.473836
-4.3670064
6.4109265
11.921249
31.164914
8.442503
50.109392
31.115673
48.326227
39.421435
34.10922
24.244962
21.210887
30.106136
26.274216
1.7772538
17.208541
-58.109332
12.383641
-7.7591669
24.71453
10.936356
42.806028
16.175357
15.915679
-41.318769
-39.054343
-22.421948
-18.801063
-13.332221
16.716288
26.757421
-46.229229
31.199042
-23.184917
38.482336
21.171549
3.393641
-40.836935
14.046943
-31.539629
18.430801
-7.3737082
-35.696423
-28.900402
-45.422565
-22.285985
-10.760476
56.640432
-18.114039
60.654182
-2.3170141
22.387787
-18.539102
46.361161
31.041712
38.795544
26.997978
34.49005
30.94027
32.644658
41.547951
28.705062
29.857073
30.283742
34.528303
29.517542
36.979802
36.029954
27.852339
33.247363
28.530741
34.592167
38.276644
23.492526
21.026941
42.304944
31.864219
29.76997
39.232793
28.618469
35.499114
37.523726
25.184529
33.925304
28.607138
33.696905
21.241216
38.373954
36.873862
35.565984
22.176612
41.299804
21.724656
34.431628
34.995316
42.181478
52.130532
23.63831
19.301001
-48.589054
-0.27026348
-2.5913945
19.37132
-24.384721
-6.4360825
-22.820002
24.862598
-56.137005
60.554702
-16.210947
21.75079
9.8685847
-7.1796165
25.790592
-26.493826
27.399469
-43.55216
2.1813658
-13.468537
25.054796
-20.525143
17.972948
56.657127
-24.216484
-31.818065
-53.840561
-8.9193877
8.7836309
5.9001641
-25.277611
48.013847
-50.675795
-3.2513422
-22.728343
18.024859
33.048017
34.44526
40.483826
17.269914
28.947051
16.827942
34.966521
18.869417
34.976441
25.806149
6.2951015
-10.351656
-34.305881
-11.265551
35.881318
41.619654
-17.64822
-25.432697
-49.259486
15.979492
-12.220716
31.289437
-23.329095
-26.557561
-40.28826
-31.871591
-29.529194
-26.359003
14.521339
-21.263685
44.620937
25.324703
16.786619
-21.822103
-34.741341
-28.513149
16.652498
23.618884
-6.3967816
-12.262912
36.526913
-33.698983
33.57342
-35.617375
-5.3791578
-21.247601
-9.9957413
-37.184367
-4.051059
51.436064
16.127886
39.250267
-22.453024
-16.290739
-48.024063
-4.0609485
-1.6450531
41.085309
34.232907
38.072199
5.9067427
31.777856
31.353726
32.451425
33.982283
24.745625
26.784403
26.518477
19.115982
34.313391
18.277671
29.84487
3.0780422
36.56418
39.151911
16.776184
-7.0469029
40.748506
-19.13493
31.955734
-29.042126
-22.17121
2.0586358
18.997783
-20.99973
23.047713
-25.295481
60.115221
-18.847482
-57.339947
-65.039079
-50.511949
-20.080614
-17.070849
53.98364
-29.235899
-10.561263
5.7302772
-5.09339
38.528004
-45.148574
33.306678
-24.059068
43.432703
-16.730121
-21.397786
-28.748383
8.5935606
27.482561
0.04667583
36.170458
-7.4897018
28.509915
34.446514
33.355753
22.48973
12.351723
33.503999
39.712419
36.028869
23.214202
20.692201
13.202726
34.244369
33.60897
35.008815
24.764749
35.858298
27.146262
29.177043
33.958091
32.690126
35.578091
37.005788
29.863193
35.746598
32.52737
32.856825
33.548206
21.060452
35.962432
20.333715
32.601415
31.578254
20.179572
21.850892
33.512094
34.980095
5.456161
22.756776
33.866829
20.656352
32.367363
27.88091
26.044128
22.058825
30.306373
-4.2395167
23.13503
33.467274
19.626185
32.986053
29.464074
-8.6364252
-8.63443
17.075152
49.35798
28.245665
-33.98495
7.2099362
-35.081162
16.436281
-21.104401
-14.04987
3.8759778
-15.736621
-39.760818
-22.445376
-11.830708
55.02323
15.946888
-26.969004
14.442973
-28.779067
-40.214182
-6.8067217
13.471367
-26.043405
36.301912
-24.535119
-3.0096221
10.980046
30.214074
40.509261
30.686829
23.679785
29.096788
32.75097
14.635847
41.284242
38.113225
35.915793
31.627449
27.346307
36.210109
20.491896
17.927198
36.924082
7.453893
-10.466978
-22.233916
-21.676078
6.1459946
9.1106102
-30.918263
-58.853927
-20.606976
-7.0822484
-10.617735
51.267934
-21.006104
43.242331
-34.36172
24.738601
-26.189622
-1.5416547
-40.733549
13.526702
-17.588969
25.785742
-19.29492
-6.9390804
8.7263369
50.583536
-53.545222
5.8404108
5.2300304
-63.482292
-40.774464
53.469001
6.5495961
-1.3375838
8.7955256
0.12996804
-15.21261
0.54948054
28.162944
11.747587
10.535855
22.8339
22.856394
8.7979901
1.915039
-22.367059
-30.227752
-18.579297
-43.567851
-44.765886
-53.06474
5.3674595
-21.957203
-3.3120837
-24.707317
-13.707087
-35.93916
-16.963215
10.558257
44.460528
16.359616
5.2009092
31.399986
22.463617
-33.085836
-23.282316
-21.831329
-20.001103
-28.606195
-21.736777
-26.117657
-24.603539
-18.827795
-9.7689642
6.6848803
-3.6121002
-10.525208
6.954909
-6.3093593
16.208962
23.514859
24.772912
23.624166
24.020226
16.355096
20.662272
41.911963
6.5106952
33.251415
31.640665
16.559736
28.755918
-51.57908
15.574834
-27.693665
34.951415
-16.559029
26.208326
-21.074977
-5.2523922
-32.635249
-8.5906818
36.082173
-2.5263144
11.901484
1.9080866
22.069293
9.3644261
7.9817083
-10.930468
-7.726403
45.802014
22.374234
33.61797
35.57631
14.198894
56.587307
9.1540846
-23.591213
-18.693831
2.734104
25.343318
21.373121
-21.933183
-21.097627
-7.4957406
29.898727
40.207575
-7.5634272
-14.954383
1.8632171
-20.920647
44.558727
-12.477742
39.172072
-18.062662
47.408169
-7.0820653
20.765445
-16.788527
26.123573
47.584706
48.932942
-23.788842
33.327319
-37.381621
40.707758
0.97699836
39.09214
0.25417031
37.394209
3.24886
11.609514
-22.231158
31.784095
30.759455
20.077418
31.809722
-20.324017
37.838912
34.233305
38.433979
17.409711
52.232327
-0.11062462
-20.528172
2.6585127
20.098146
19.611731
42.016956
44.910946
34.456491
49.516243
-2.5235909
22.579401
8.040146
28.764684
9.088239
31.886916
26.356984
28.780532
18.865401
11.874779
50.31328
-10.991459
45.583715
25.660185
1.200375
17.694496
43.182308
-33.525475
-26.848379
-23.427118
25.138215
-40.59885
15.873031
13.154833
30.676727
-25.636963
6.4416993
26.596025
45.027108
38.943321
52.273599
-20.979429
33.491636
-26.747273
6.8302634
-12.212973
12.075597
-24.101864
-46.708229
-48.94929
51.42696
30.478211
32.709368
53.542645
14.634128
5.6313936
-12.62672
32.694897
-18.878456
23.582991
-33.885929
-17.750816
33.920682
-8.595205
16.177476
-11.323129
37.324784
9.9873066
22.825742
28.6575
24.49753
6.8202314
8.8072764
29.067877
-16.289723
-8.919858
16.293717
44.935383
28.184554
20.370704
-9.0518977
23.592417
-8.9247494
5.6050965
40.258136
1.198916
52.505257
-51.364298
42.733647
7.6324381
-29.949146
10.634996
-16.928183
-26.202603
-27.061044
34.728846
-20.207893
35.069879
0.7830719
31.309159
-26.083455
24.16245
-2.2757435
-50.963578
25.220996
-31.952337
16.973197
-14.659934
33.378721
-35.400515
23.121583
-32.783894
-4.8862086
9.9961522
-23.556392
-18.510476
48.293531
-1.4694834
56.097376
-9.9659261
31.681609
-32.522411
48.106061
47.081816
14.50076
3.2590369
-14.95017
21.133505
-2.2445158
22.947066
0.27638309
43.933268
10.744159
48.437309
-2.6751576
42.027748
0.031719937
12.953747
46.617422
-12.378867
-39.344825
23.526894
-31.924746
25.826237
-21.068367
25.80118
-20.114397
3.9675734
-38.016201
50.897249
-45.378025
11.90421
-14.053387
31.275666
-33.500604
13.130635
-9.0858215
7.8103349
-23.646087
10.879012
-22.064062
43.323012
-27.375419
44.544399
36.861758
-36.914849
38.620249
34.94932
25.220491
5.2239637
-31.826214
40.692944
13.115681
36.924275
5.5860112
14.177779
34.559108
38.079766
30.384929
18.336824
-25.672398
29.866459
20.664761
24.584947
40.60151
7.0406349
31.950367
49.270738
-21.10045
6.0111705
-19.99757
-40.728328
-29.151432
42.764386
20.715676
47.496411
35.122396
-18.55078
13.577203
-39.159043
-2.9507171
-24.818764
-12.996709
-32.916776
7.9114946
-14.773083
24.428802
4.792217
-11.605471
1.0312129
19.207796
26.121549
18.993248
6.0759499
-41.283747
-24.332692
28.085742
4.0081417
-8.3506067
-34.954398
6.2710622
14.616137
13.300373
-16.277505
-17.503546
-16.111807
-14.424785
-9.1376599
-15.402513
-8.7835713
-5.3781698
-21.675618
4.1979486
-10.540723
-8.457824
-14.422219
-12.901832
-37.191807
-34.530822
-37.191807
-37.269533
-19.529416
-16.148294
-21.298745
-10.837228
5.4649979
-21.686585
20.141054
28.442416
16.647403
26.53645
4.7338724
-6.058184
10.754677
22.453343
-5.2902374
17.134846
21.660372
-9.3946808
17.84722
18.437389
7.1538099
5.8033556
14.622751
-17.744328
16.982465
12.234607
-1.9217814
28.962945
21.461841
1.132118
26.846266
-8.790383
21.88962
5.415239
33.125523
34.890946
7.7892348
-17.31207
24.172205
23.35185
45.168639
27.380666
15.479575
4.210863
-5.3901895
-6.1769216
-3.4957107
3.7798125
21.676166
17.087361
32.350328
-6.6741612
32.180949
23.888473
15.528136
31.388447
9.4649625
29.124936
18.614235
34.626791
-6.6917698
17.354346
0.68411782
-7.6150787
25.971649
8.9538461
20.0257
13.117348
13.014206
34.446108
2.6681024
40.927685
23.051793
-15.019987
35.055334
36.749737
23.224349
42.98034
27.213076
15.478754
26.55297
-14.98248
28.798808
13.220126
-14.64156
1.7083214
-8.9291678
45.116981
38.437617
-8.517183
14.617114
-0.081362353
9.6479776
-37.266974
-36.298043
2.688148
-15.333998
24.929009
-49.082404
-1.3904063
3.3684793
26.426114
-18.281833
0.69046416
-27.003023
-59.34706
-14.990573
-48.846505
-21.336435
30.665281
23.14599
38.027855
29.394385
19.494094
35.75087
2.2088923
-12.398995
-6.7166474
-9.3568964
34.215298
-19.263079
3.719624
23.79722
24.242377
38.160054
16.679962
6.9410067
37.60787
32.927918
31.96856
18.67573
40.383538
40.234714
12.088588
28.577222
32.149714
31.000481
29.349824
32.499413
29.108715
33.030384
27.024789
30.63203
31.824417
31.985415
30.216584
37.034257
37.553869
29.920015
35.270192
21.574462
39.710311
28.549946
35.663127
30.312762
32.290694
38.274516
41.08765
26.161914
16.76112
22.668458
37.441832
20.021825
36.109628
27.995568
35.897121
28.56948
36.912137
27.741433
17.739877
40.428064
35.408682
23.213215
35.55927
25.968816
29.322268
16.32059
-53.364188
-6.3507196
-11.975548
1.4912072
14.137055
-27.964908
-5.1136527
-16.706541
-9.2189966
-11.298497
-23.900209
22.628098
25.16177
20.214303
-9.147673
-14.372552
34.332236
13.183057
-4.805847
3.8222468
-25.793684
17.455516
-18.956004
-3.207589
-34.953394
-13.026049
5.3939343
-3.9112688
-32.829682
-9.0594736
-21.748852
12.651087
-0.47328763
27.601235
34.480062
11.045857
36.71775
25.214445
34.603775
39.336912
27.445285
25.665351
4.5490827
31.873834
18.819162
-3.6381369
43.880129
26.533437
-1.5007125
-23.676378
34.685732
55.840166
-9.7573224
4.39808
13.119573
30.123091
-45.872615
8.4836755
-35.85486
4.1596957
-40.454193
-53.579288
-15.354816
-41.409776
-30.686877
-24.324778
-1.1952951
24.443278
34.59496
44.431554
22.424728
30.504883
29.885229
30.068942
39.53305
37.593343
23.917833
40.509319
27.075619
30.972303
46.919959
35.122981
40.316905
41.742446
41.772018
8.8365711
33.95652
34.241402
24.613608
13.088924
25.384581
45.511407
14.276096
33.2974
33.456656
32.682542
35.86783
35.076976
24.717809
35.255686
40.864407
26.813676
14.878935
31.257044
29.430956
25.95307
36.998868
36.325328
37.34672
39.270883
9.703085
20.259374
33.955388
13.105383
6.656997
35.909113
38.945303
-17.313034
8.8695471
17.442711
52.122217
-48.052616
4.3133115
30.395471
-10.198301
44.950111
-38.683782
-26.961879
-32.688266
-27.154523
-56.061747
18.917682
37.138243
47.961308
43.575632
34.585376
-24.484358
23.265596
5.3545138
29.226689
-24.052088
1.751872
-35.411703
-30.158532
15.611773
-28.562988
37.707042
-21.321327
-4.3461499
-7.6848607
30.787012
33.674623
43.371598
-27.694136
-0.59177307
8.7157894
-6.6451033
-11.300164
-2.5643286
-28.123787
29.723134
33.397749
49.116704
40.629193
30.796791
47.803821
24.738103
36.216148
34.097122
39.540472
26.596264
20.783929
35.27457
32.370275
35.259875
37.275876
30.287985
38.925495
31.042613
1.1290306
26.860348
35.108285
1.3946071
26.085488
32.397682
36.182121
-5.2082373
-29.464338
12.02555
-0.8400423
10.225635
49.296792
7.7744371
-10.733433
-6.7834155
21.128039
2.7646722
21.151936
27.917045
38.496649
18.802997
19.009242
5.545499
31.68926
25.414209
26.427944
29.13242
22.465711
22.395263
33.893305
5.4195565
39.068551
8.7285782
22.885523
-28.911586
-32.167177
-24.42107
2.8030493
-3.141251
5.3876672
-14.898464
10.983368
-13.123916
-1.3627911
-31.711112
-10.384472
-1.3089446
-3.7219769
-9.8182143
-30.611863
22.524183
-0.041201845
14.843768
4.6595723
-19.628321
28.906101
-23.477848
-10.568088
16.912983
36.928734
26.25768
6.1115754
25.856831
41.172581
-3.7638664
28.449735
-5.8358267
-1.7672076
-3.5661438
17.564706
25.999497
35.435884
-1.5545641
-32.174911
33.182361
19.195966
3.4465682
-5.5814003
-0.69439084
31.933324
24.902572
14.895859
52.398406
17.379866
-4.5338124
16.045336
-2.5302597
32.967139
27.917045
29.903798
26.129643
10.133938
30.916118
40.076397
14.434285
23.936557
32.691066
30.916118
21.814151
35.967246
24.154103
8.7356344
36.079414
12.575843
31.158976
-7.9817264
23.265126
-1.2543993
21.765831
11.91776
20.560006
32.908703
24.508098
19.523092
37.09544
24.626691
25.093656
-31.198149
31.676978
7.6396913
29.590159
-8.2311277
32.605941
-6.7019143
39.326175
38.763061
31.397521
-17.852071
14.814647
8.0860857
41.464015
9.8852199
31.721941
14.073966
30.438978
-14.052527
31.537924
-27.902184
34.8823
20.981956
40.211334
33.952153
-9.7534268
-11.731457
21.578752
-30.680054
30.45254
-13.922662
22.748814
-9.5332185
32.017184
41.429664
-27.890736
14.825941
-7.0010165
29.01043
-15.294513
34.825877
5.4717418
28.24145
9.5585204
26.781672
9.3075622
17.713359
-10.451419
31.620178
-15.059799
30.646094
31.050046
33.369668
-22.181538
12.884141
-15.056552
8.0598647
-6.409979
29.68425
-17.502303
23.967395
-5.9298278
14.543672
8.5157054
22.381343
32.982935
-17.530995
38.121459
19.855648
35.34861
11.08147
21.240009
-17.312972
16.212708
6.4378729
21.939213
24.542381
21.527733
28.498218
25.715957
32.835719
15.810148
27.424785
23.268091
22.156767
30.261901
-13.415751
32.629545
-17.337029
29.92422
7.5798419
20.277529
-22.905662
18.225998
-2.6166286
37.265353
22.534247
13.111743
-15.071541
22.900046
10.333676
29.218216
14.017686
34.444915
-8.3447679
-11.611576
7.7143389
25.596134
-14.378524
36.268697
-10.14504
12.612784
-27.416424
17.918651
-13.798774
21.750204
-17.581118
0.09807117
-48.908681
12.334435
3.1514995
24.43968
-12.228759
23.252537
7.5166915
29.40784
20.101048
28.021508
33.188776
17.761316
26.982308
5.3942326
-13.866013
20.179035
24.513597
23.473722
9.8389577
34.271955
31.444374
1.3901268
23.244367
-16.610034
-8.9608783
29.840142
6.5828272
29.167492
32.084081
-3.2180598
15.876614
16.572519
33.120792
31.028971
14.436086
29.638232
-20.961246
27.881962
26.317151
-17.899583
29.040744
6.5551267
21.904641
0.21473147
6.9687257
-9.6425091
21.892868
1.7131427
39.016218
-16.478949
19.426814
37.816845
-16.661999
31.748686
13.752758
31.395381
7.311998
22.286557
-2.5416788
34.310026
30.391845
31.59638
34.393473
-11.744572
34.816821
-14.165175
30.91063
-7.4533703
34.91176
31.035391
25.826308
29.191176
-19.585025
17.048267
29.226727
15.933817
11.590373
30.937427
30.906838
15.6829
14.560977
27.686313
25.556165
16.973678
27.216373
14.507519
20.891805
19.697626
37.484248
35.664403
16.298514
13.737053
30.853945
32.949266
18.627427
18.386328
41.894857
29.535353
-12.116927
36.490319
33.003468
1.312004
8.1528073
30.344264
31.420349
-16.950412
30.425392
34.371772
35.118922
21.991935
26.819489
35.254343
19.223351
22.68818
19.118219
33.690202
37.417229
20.745048
34.27326
29.297508
17.313625
17.984848
25.738151
28.830875
30.118204
28.818531
26.840606
18.522268
25.419929
28.54429
27.176804
31.795707
24.331654
25.755816
30.312073
24.127391
10.065253
8.0725233
35.807358
26.09772
9.8771692
23.560177
25.858792
-0.79422505
22.56161
42.351966
15.575342
31.977404
31.238994
38.704786
41.028658
8.3039136
29.73905
28.703311
1.2047018
-4.3390121
39.885553
1.7962587
-10.598548
9.8596865
-28.836152
29.018282
-10.858537
-1.5858206
-23.676879
16.387847
-2.2716611
31.588048
5.6083524
-6.4206013
19.988402
4.0907069
31.201981
26.006582
13.108449
45.124029
38.578651
16.950488
24.813875
19.32586
11.358323
-12.711769
19.861671
23.136807
43.485628
-16.926417
44.211129
31.902012
41.553927
27.470223
30.599506
45.384927
12.789764
41.858313
-8.3749257
-3.5855395
15.076005
35.181222
-7.7149368
34.901489
56.878995
36.86462
41.337981
29.277823
29.903798
29.65558
45.510545
37.909189
24.325635
45.365528
20.356993
52.465537
-9.365316
48.35638
20.868583
46.115482
18.858247
46.536609
-11.60168
11.804748
-4.5616075
-30.488512
-18.858727
-8.3165218
-27.078742
29.371714
43.094677
-26.812047
17.208761
12.908469
28.685755
-17.623356
12.288425
-8.0132152
3.445449
5.744667
11.266678
-12.626153
8.2457671
23.523425
5.2015148
43.591191
18.043819
36.279822
29.903798
40.950761
35.958959
54.187137
51.330531
30.872613
24.369043
-1.4046713
19.017909
13.813587
34.506855
28.165204
19.99561
25.811118
-26.596488
15.813708
-21.388209
-0.28848562
-16.825983
28.988369
39.849765
33.977549
11.749897
47.997106
49.997043
13.727623
7.6771875
2.3674437
-13.699252
33.333588
-6.764094
21.378412
-31.849461
-4.9571824
-22.019386
4.0551826
44.404218
10.245508
51.59882
19.19562
44.161837
-7.9926804
25.73828
-48.293256
45.40959
-12.320406
22.212598
-22.109039
8.8653764
3.1873591
43.975923
6.4768067
41.310029
-8.9451249
15.5352
1.1484971
13.952593
-7.1729436
63.860149
23.733622
6.5943137
12.555757
-31.040816
22.086717
-11.905894
6.3067784
-16.650495
-26.187032
-5.8547531
41.051677
-34.977808
52.916298
1.31805
28.175052
37.004137
46.386624
-11.623466
33.873897
-48.941846
-23.673021
2.6058441
-3.050708
-7.4402685
-0.82985902
-40.399938
12.083516
-4.9823814
14.950289
54.358934
-29.93566
32.071036
24.1252
-21.248342
-13.096226
-33.007326
20.41735
-52.350531
19.12117
-26.832235
-23.200787
8.5144379
-26.853539
-18.105498
-13.017113
28.238884
-11.748374
19.110806
15.138655
47.493198
8.4193401
36.654083
44.113115
24.825577
3.0232146
16.96104
-5.6924628
-2.7845174
-10.2078
-21.97946
-5.7982122
-33.138564
-16.423023
30.478589
34.994635
45.398214
-44.290758
6.922622
33.632544
49.46983
-17.971399
27.316991
-41.404925
53.430234
-10.656342
52.641035
-7.4327713
-2.0936336
-21.169447
21.262355
4.1273052
33.519728
-32.656613
-2.8425412
6.8784491
23.0564
9.8320377
11.649613
29.649926
-7.0594237
28.059747
-3.3643553
37.416129
-41.989899
15.372267
2.6820971
-0.81553718
0.72789449
17.067583
35.943949
35.972919
-13.523196
31.179392
-21.898554
40.067095
-22.359009
-6.2661091
7.1513604
-21.911107
-0.71424648
-18.103757
29.005947
10.711349
-22.846043
-9.2166547
-24.815568
-25.686494
-18.979035
-44.051874
-20.845893
30.371547
-26.288965
53.617091
-37.949442
-14.465107
-0.26742501
23.460867
-22.681531
17.485105
-49.020543
39.17853
-21.378327
9.0962219
-33.823893
8.8920368
7.921329
25.475574
-15.581197
-1.3795943
3.5871547
7.2085389
30.001006
32.729579
-12.839757
34.758961
1.1775106
-31.406344
26.71588
-14.507936
-3.7339508
-57.107592
6.9740544
-62.44529
1.3336799
14.404353
7.6600391
10.023591
-18.839317
14.51733
18.114664
-27.554921
-24.760836
-21.295202
-16.916704
-22.586496
-27.070872
-24.610373
-34.928627
-5.2535319
-3.6219063
4.2914696
-3.4115492
0.82243077
5.2074336
5.5231562
-2.1897083
-16.260127
0.93983084
-2.6779895
31.936074
2.0793905
-30.415015
43.572425
-20.094883
2.1715541
-13.113029
-14.197313
-5.8367699
-29.004632
-56.925998
-4.1613044
-5.7842135
1.1806104
-28.228209
-23.477755
11.207487
-23.542697
9.4417538
21.003745
-3.5341655
-35.092035
-6.7707496
-2.3847656
-4.0587778
-26.406175
-48.963322
27.635317
-47.309867
-24.243422
-4.724211
34.73119
20.784447
-16.612587
17.368882
12.178346
-16.24552
13.993973
-43.656157
12.540451
46.281808
-8.2463678
15.002892
-36.194822
-44.863631
5.8101011
6.0408643
3.7259719
-50.711311
52.681222
4.1362945
-7.8522219
42.891624
1.8279282
-1.3011769
-47.040071
-24.547687
4.511754
25.186494
4.0217522
-9.5687928
29.860851
50.827641
20.747864
-57.333472
-5.4062914
-40.286362
-14.424953
55.426735
-14.85055
16.972845
14.474441
21.787219
-26.525414
22.630921
-24.2857
-14.078026
-20.551474
25.776173
-6.9530219
-25.467346
-10.32312
-46.408567
24.438075
20.343278
26.963691
0.51315219
3.1241861
5.3215022
4.9569406
28.556915
9.1109435
-40.674997
-10.257633
14.336667
5.1674089
-49.599981
3.3780461
-22.501294
-16.509975
-17.19932
-31.403895
7.8725261
5.0068226
7.8385918
14.745267
13.336611
-18.025378
11.188246
15.659279
-8.3049772
31.556941
18.567656
-11.851502
4.3652997
2.2285829
15.614197
9.2928968
14.02518
-38.260059
-0.54855848
-0.061417229
-7.9687008
-0.86949474
18.761369
50.709374
11.668759
-13.884453
27.674626
8.8439732
8.3418177
4.130689
-5.8462305
-36.938975
-20.528252
-56.333197
-61.606914
39.605822
1.588102
29.486694
29.375752
-17.781402
28.373867
5.5364196
27.38549
-54.066031
-30.336448
19.814731
1.214249
-33.230162
3.7804186
49.027204
11.742155
4.0549385
38.065053
-20.39205
0.41813304
-1.169443
-17.106294
-53.083673
10.297898
11.970107
-1.2174312
-21.472379
-18.55319
26.732898
-5.2849108
46.491995
0.82505278
-2.4908267
23.781119
-51.141823
10.273513
-15.506417
24.743999
5.029393
1.8516662
14.019086
-36.197063
-42.06832
36.175985
4.1280287
-58.986194
3.5350625
11.122701
2.8950931
-30.840495
6.2747482
-2.1016838
-6.7075571
18.861143
-19.517715
-28.278052
-14.486046
28.949163
18.206996
-56.939661
-10.373496
-56.27529
14.356447
31.573609
-24.795704
-6.3636733
-23.50318
3.1687621
-16.363258
-44.094602
-26.235227
-14.197313
-1.9419798
-28.859692
-17.446544
-6.2028324
14.768929
29.845216
9.1300043
-37.027888
-15.273529
-7.263934
10.728963
2.5268464
-15.206974
-35.534647
-49.306559
-52.078852
-53.472788
-0.5918997
14.821689
-32.237099
5.1167544
30.76844
-24.912768
-37.822698
24.069199
21.552633
9.6797028
-54.00382
-14.197313
-6.8713748
-11.530627
-4.2690835
12.341204
-47.363818
-4.3236025
-4.3309179
-29.495951
17.034496
-27.305839
26.247835
-47.964116
-22.128169
-28.400942
15.585153
16.217645
-20.753317
13.133652
11.993159
7.8043579
21.231119
-23.498359
40.828703
11.822667
-23.724362
-11.857619
27.407318
-30.460274
4.2529947
13.087622
-52.769666
-25.043125
-25.320398
-1.2470128
-26.673113
4.9779913
17.968538
25.213785
2.9795962
15.679477
48.899275
-15.003294
10.38925
3.3190276
32.32747
-9.5800507
5.9781824
32.329493
8.4793321
-33.928447
-37.778466
1.0504039
24.316496
-18.268373
-4.0855018
-10.691737
-0.40320329
-17.62798
1.2588788
44.531201
9.2154894
-13.410698
18.541821
-20.351717
0.35170606
-20.035502
-42.360456
16.87723
13.064635
-3.6265766
-9.949298
1.721754
26.319764
26.021157
-16.006802
17.025052
-44.777967
26.15038
32.488492
-16.970696
-31.738174
-42.531723
-13.734925
-62.156838
-30.473666
-0.63018497
54.323603
-33.878725
-12.142393
46.720403
9.9577471
-14.106149
32.652834
-15.370684
-55.739288
22.102812
8.2766197
-46.764965
11.63986
-62.476539
34.994625
31.650152
-4.3398699
-57.444592
-62.19947
-56.662755
-10.57104
-44.43444
-23.828684
-22.392285
-57.918098
-37.789061
-19.427887
-23.116376
-36.062512
-40.507677
29.213687
34.082298
32.061006
23.696243
-3.3307369
13.802655
-42.195137
-45.115097
29.325977
-49.124114
25.857447
5.3238234
-20.936886
15.348534
-49.214282
-6.128436
-18.445215
-14.857358
2.6195509
44.507472
-16.048683
-24.022797
-6.1541085
-10.983158
19.751137
-12.223771
24.436891
-29.273884
-38.748382
-1.5378548
-8.818961
-59.538732
-3.8932195
14.978696
-25.211666
17.16233
18.337457
-41.453364
15.525193
44.238114
-1.3842641
-62.136688
-27.943014
-18.889554
-39.874833
-27.05316
-10.549032
-22.916952
11.043771
-24.834527
-43.432527
-10.466104
-30.386431
-30.49063
-41.426068
-14.558354
31.045681
25.825748
-54.895891
-25.332665
-3.8896777
-38.782753
-10.158818
-16.93765
-34.386086
-11.28916
7.6601258
-54.214514
-1.4717728
-56.341149
-49.895993
-10.956368
-14.197313
2.356966
-14.703639
9.4074454
55.261031
-18.8283
-7.1592237
-22.968556
10.17561
-24.413551
4.6305034
29.009104
-39.98066
36.230532
-7.7687051
35.501063
2.8070774
38.159848
-42.482759
6.6196489
-25.513411
-24.641605
-27.560318
2.938566
-49.233226
-7.0472474
-6.2563215
-31.464724
-5.9475327
15.606542
14.982663
-43.719301
23.617919
-39.587513
-8.2127683
-43.81036
-32.632777
-14.456452
-16.181814
-10.653592
5.1172331
-4.6651476
11.977241
5.5533979
-17.439454
11.93513
47.771686
44.756089
28.68071
34.59098
16.971026
19.667896
-1.8221306
21.40123
20.052106
-14.308838
25.287315
15.721904
15.980644
7.0703847
-18.809546
-34.076103
-18.867342
4.5238415
-22.188132
4.6114188
-54.194866
-46.493173
-52.960099
-1.0052891
-20.56519
-24.383419
-55.075781
24.02967
21.95172
23.25834
-35.351644
52.449213
-49.429229
-33.687169
-40.148788
-17.180733
-53.040448
19.669879
51.299356
17.170312
18.461002
-11.777355
28.009133
14.480907
9.6325591
26.334224
38.878174
7.5790947
-7.8175494
36.959407
33.623202
-38.02236
20.871503
10.735092
-6.5198292
-30.17688
20.028523
33.334239
33.897893
-18.496651
24.310189
32.096583
32.392369
35.40796
34.753597
34.542724
36.023229
35.204578
14.447014
43.65583
10.079399
35.143808
27.347162
-54.633805
34.006441
-26.625977
-6.023563
-26.65212
-31.736306
-31.944246
12.773067
26.529129
-48.430215
-10.13217
-7.5138133
-61.342836
-7.8610358
4.35426
-33.703106
-24.207574
-9.5186711
-35.302767
22.833618
-11.870838
20.339598
23.869687
9.2320155
0.24885921
-28.67009
22.687452
-3.4482359
-9.6808224
-47.005757
-28.020595
-17.132191
25.338304
-14.834586
-32.378594
-42.232376
-9.4472828
3.9087667
-19.320872
-40.60697
-50.054888
-19.948344
29.194746
-28.203622
-1.4770192
21.670106
7.7693603
33.113537
-15.47842
-23.313453
-39.085461
-4.9583754
28.595173
11.43872
44.141
-41.482338
-7.9479749
-44.929377
12.844486
-30.049318
29.021915
-13.105239
12.039496
-25.82819
-33.644852
-23.939573
-5.7008126
19.163497
-37.563909
-45.897948
-26.708236
31.112694
7.1795572
4.9170282
9.5941137
-41.758921
-51.211534
-6.4400623
-26.820489
-28.323501
-20.719147
-1.5066456
1.3542423
-12.067488
-15.770865
-17.10782
-12.026058
-4.469332
4.2690379
17.718575
-57.464105
-13.261037
-7.1377584
2.6634764
42.111686
-2.3503592
-41.619409
12.17011
-12.687641
-5.677273
-35.170046
20.020077
4.7124394
34.530285
37.952117
43.766826
14.410183
14.186593
26.645358
23.241921
0.88660655
-38.036016
-33.088966
-20.38082
8.7212841
3.6666709
21.658799
-29.678343
13.132711
-2.9659798
-19.189156
-24.739772
-26.534617
-22.263303
-23.633776
-39.862488
-20.946567
-24.593025
-2.0403591
-13.897154
-7.4778006
9.5792709
41.892246
14.81904
48.129893
-7.9516084
-34.131533
-45.910325
-23.887235
15.375086
-30.620626
7.6647875
-36.808636
-65.038299
-18.413992
-20.549686
32.946915
20.217961
-11.257125
1.0995795
17.81322
45.464185
34.097384
37.592887
32.798119
34.889156
34.066414
34.707598
37.132121
28.893815
37.094059
37.655424
30.90905
38.300344
27.724645
28.721371
38.591191
37.12057
40.653462
17.864542
46.24996
43.313502
34.87829
8.6734764
41.504714
-3.6828012
5.9120736
4.9160603
-60.589712
-57.589597
-21.404449
-42.724001
-23.704419
-10.602442
-13.381143
-36.92255
-27.492561
7.4216759
7.7330719
-14.034639
-48.833681
-2.2237069
-11.401339
-11.13227
3.2011076
19.809233
17.424578
-8.9764081
-33.13677
-61.311761
-33.737413
6.0901695
-3.5560597
-5.1289212
-0.62768428
9.8023397
39.264698
-14.202709
37.359365
-57.144578
-18.533779
0.90962936
-61.53186
23.685675
13.230897
-44.908346
45.339196
-31.165154
-9.6767994
-37.572629
-11.917165
6.2579418
-6.1822214
8.7218634
-14.751467
-2.8507595
29.054387
16.16027
13.890033
-6.0719181
8.2984545
21.877042
15.324789
6.3035401
7.9288491
19.261517
-22.079675
2.0388302
-2.2413376
12.951992
-12.448682
-23.017817
4.2649572
-9.8170736
2.7286877
-9.6527126
0.76108844
1.6747434
18.544948
7.9796904
15.158745
10.997941
20.645519
17.068393
11.076711
7.5374
12.244621
18.147562
22.128869
28.342889
19.087684
-16.195137
18.22776
-2.3553135
38.911599
27.440717
-7.6379513
-16.715254
-23.865222
-5.8629672
29.993305
-52.260397
19.500079
10.736033
12.060349
-48.543786
-20.742834
37.211891
-24.75533
25.857176
-43.825583
39.930399
-18.316073
2.7275957
-10.949448
5.4218903
-38.560537
-8.78706
-39.415877
-58.372356
-24.063675
24.676447
27.522561
-14.153919
35.141936
23.714509
19.050687
48.031934
48.27739
24.032311
30.34435
19.06483
24.119073
16.074937
36.12023
34.283299
-3.1267687
1.041187
43.941598
-47.823224
-58.192574
-24.048302
-16.18002
14.984207
-14.444902
23.673064
-34.215204
33.335496
-7.5568064
13.702426
-28.916629
20.179948
-7.1436731
34.440504
-58.064665
44.387626
-34.540696
33.918896
-43.66584
12.529318
-35.335281
-55.243802
-37.70051
-16.660773
38.704386
18.987137
38.382594
15.939214
27.220384
24.57571
36.508362
38.547376
3.9993469
35.415548
-52.559858
42.086916
26.246118
-15.398457
8.4057681
-15.000463
38.938074
-31.133136
49.035481
21.465495
22.357036
7.8523823
49.458532
-11.067215
39.738084
-32.57496
22.57757
-22.907431
-6.1021992
34.223826
-5.2015492
33.10395
17.703682
24.374807
-20.766961
-45.168825
-24.816695
-44.750432
54.563448
0.33831965
8.0426239
-41.246354
-4.8157453
39.941932
54.491358
6.730471
21.60724
-10.035009
-15.791771
-36.935783
-41.764858
-12.890104
-5.3222992
-9.2127354
18.431597
22.670668
-1.4772121
-17.815321
23.910172
29.144968
15.223028
46.676729
26.003301
58.008331
4.2994792
2.4188452
-19.782571
-3.5702626
-39.746414
37.885571
-1.1827841
59.461165
33.13777
24.605831
40.866269
43.173243
40.455321
14.519237
5.5624285
-20.950491
3.7487977
6.2974798
-9.266066
4.0717729
-18.550771
16.31072
10.778416
31.859653
20.875199
30.327503
11.649307
5.8520209
25.890691
35.406346
26.982733
13.699558
7.3730388
15.076912
19.909718
13.503225
-46.770301
2.5827888
-9.2205737
-58.220651
-37.166016
4.7283929
-34.543437
18.84135
7.6355697
-43.683315
33.61003
3.6313004
1.5002581
7.8497588
50.269611
-9.5713203
-38.049788
-45.055596
-22.48158
-15.431296
-21.805686
16.627813
-29.470825
30.397384
15.89965
22.1801
46.979936
2.1851034
23.36483
25.435836
26.631949
24.268714
20.752646
40.562565
16.951317
32.516563
13.548647
32.134054
19.676545
34.267376
4.0163212
45.06025
11.356101
33.737735
26.389282
27.072178
33.334974
8.0412754
33.538257
33.29645
19.489881
23.225386
39.641089
20.781428
39.309503
25.390681
27.822273
16.575472
31.977826
30.809072
24.334078
16.972862
3.7326132
21.108152
21.042777
19.979975
26.430624
28.348881
11.729731
24.645049
25.88531
31.881941
29.411385
48.356075
52.54366
26.871827
38.884255
29.929644
-31.748575
-20.647436
-28.447862
-47.259021
-16.616571
-13.671578
-30.504704
11.481695
16.025034
-3.2409593
-19.500765
-55.930343
23.895137
-35.001576
31.097645
15.648396
-17.093126
11.401846
-3.7334643
40.570016
27.866765
55.974192
-28.514193
25.602099
15.94778
37.509286
36.251677
3.0205227
34.50817
23.330146
1.0025088
-23.832664
39.425623
-10.21933
63.247678
-28.68776
-12.218307
17.070662
-16.507511
28.600311
-13.65268
-30.456754
-36.419502
-37.84775
16.718096
20.471662
-14.529963
35.807886
37.858756
13.515821
29.263677
-4.1204606
28.813228
33.649417
36.644831
37.779096
-15.082538
22.814009
-44.748655
34.523822
39.029225
-19.329817
32.544844
-0.13862177
37.428726
18.252939
-2.55966
16.756672
-1.9192212
-28.882193
-8.8266536
-48.677121
-65.421562
-21.351092
-11.250685
-20.023919
-60.23474
-35.112747
-30.590226
41.349952
-31.458776
-1.9594146
-21.082264
15.042966
-6.3219164
44.434594
33.198542
14.635108
28.940193
29.34628
35.545499
30.482767
19.977083
34.869458
36.118358
30.836371
-2.4352473
41.156812
-22.875989
-15.162829
17.81108
-1.7584455
61.462349
21.947419
-35.864579
-25.343954
-20.913521
-26.215116
-21.652525
-49.681811
-20.443853
-21.640158
-47.26338
-14.014522
-0.88046584
28.924206
-37.799081
-52.460557
-38.259199
9.8351704
-20.926695
-39.386596
-41.41152
2.7354909
37.500263
-13.304608
54.430359
3.9620591
-3.7042209
32.029802
31.35277
17.852881
22.131964
12.732344
32.304282
23.516768
23.571899
25.926064
7.2336843
-4.2031952
29.036347
-8.7046115
-55.534239
23.184259
-22.113093
-56.954805
-27.932394
-35.030666
-61.961603
23.635356
-16.587158
