-1.0699211
-0.90873736
-1.1070217
-0.35199819
-0.74397047
-0.14533792
-0.57125547
-0.1353542
-1.5578344
-0.66230626
-0.59443755
-1.1301713
0.061926848
-0.92777531
-0.93528023
-0.99815194
-0.91632913
-1.1567584
-0.034873421
-1.0115184
-1.0660725
-0.98157484
-0.81941208
-0.37694431
-0.46481265
0.050055572
-0.63812672
0.13882331
-0.82120521
-0.76239882
-1.2728852
-1.232372
-1.4221131
-1.7191327
-1.5302875
-1.8501091
-1.6457749
-1.2361147
-1.272751
-1.2943191
-1.4327602
-0.77005542
-0.92368117
-0.94449795
-0.14967816
0.040536653
-0.58113717
-0.75029486
-0.55605858
-1.1252787
-1.5660562
-0.7052818
-0.58866245
-0.90907668
-0.40627723
-0.75865347
-1.0751254
-1.0115184
-1.2428624
-0.97793388
-1.0118586
-0.65569233
-0.95567452
-0.90951155
-1.0316176
-1.0223711
-0.99961712
-1.0701101
-1.197763
-0.50909173
-0.77319308
-1.3251302
-0.95957096
-0.71834169
-0.90273306
-0.93904656
0.083438474
-1.1263473
-1.0603792
-0.98682532
-1.21426
-0.79781492
-0.79242962
-1.0791057
-0.32684206
-0.34823662
-0.045385958
-0.63167915
-0.40578038
-0.34978944
-0.98455092
-0.89837751
-1.0253547
-0.44795045
-1.250461
-0.99295607
-1.1465447
-0.74230081
-0.21878437
-0.80969931
-0.16349219
-1.0062947
-0.53017348
0.047136425
-0.85153052
0.29051776
-1.0113435
-0.92815142
-0.84780936
-0.58399416
-1.0500153
-1.1396752
-0.56726732
-0.83792731
-1.0043268
-1.2368964
0.97897898
-1.0806227
-1.6004538
-0.70137928
-1.0308339
-1.036054
-0.53265874
-0.93986576
-0.18636467
-0.45355944
-0.39873346
-0.4143598
-0.43122347
-0.77981542
-1.2733613
-0.94895563
-1.00343
-1.0033424
-1.0497888
-0.86825712
-0.89662193
-0.61211989
-0.93746412
-1.2689467
-1.3709684
-0.86145779
-0.81483704
-0.80595155
-1.1352479
-1.0273362
-0.6898816
-1.3549833
-0.65878037
-0.6172199
-0.61735464
-0.77901201
-1.139648
-0.81759222
0.55682795
-0.33199003
-1.012773
-0.45223861
-0.5411159
1.3119191
0.38180986
1.3505084
-0.57602426
0.82780119
-0.20680302
-0.9011107
-0.20637575
-0.94988812
-0.79887909
-1.5134915
-1.0102592
-1.10645
0.13657506
-1.4666279
-0.87414657
-1.6608474
-1.4925146
-1.2504867
-1.2440038
-0.90001582
-1.3311912
-1.1028786
-0.5508471
-1.3192238
-0.87707532
-0.3691536
-0.21534391
-0.45171864
-0.76216056
0.37115831
-0.51093987
-0.24912637
-1.3266749
-0.79064606
-0.48575152
-1.1661693
-0.76284486
-0.66620394
-0.43028523
-1.2961637
-0.91362312
-1.4591692
-0.63545239
-1.2511329
-0.93964944
-1.518768
-1.1572857
-1.181429
-1.3267905
-1.6293391
-1.3458109
-1.747759
-1.7184124
-1.2354079
-2.0702448
-1.2543147
-1.6463528
-2.0753169
-0.83510039
-1.6354901
-1.6683554
-1.6569499
-1.2993967
-0.96630316
-1.1546309
-0.58229027
-1.6945571
-1.5243755
-0.94456352
-0.64340457
-0.076354762
-0.82106742
-1.6366448
0.48971768
-0.93201931
0.85094952
0.92188248
1.4136307
0.10619958
0.4225721
-0.89448289
-0.23784931
-1.2575623
-1.0503858
0.65755743
-0.73941782
0.85794841
-0.50737076
2.1741962
-0.96086679
1.0643561
-0.74966343
-0.66065411
-1.3833376
-1.1712847
0.2846972
-1.0017757
-0.94897064
-1.4005521
-1.7029621
-0.89324034
-1.0823824
-1.7940132
-1.4911502
-1.1173417
-0.74243979
-1.222679
-1.1908619
-1.243046
-0.86311051
-0.62623224
-1.1465229
-0.88154894
1.2157349
-0.63078329
-0.88048062
-0.91168974
-0.75293376
-0.57255733
-0.9080353
-1.1454801
-1.3783831
-0.73201333
-1.2298816
1.1944907
-0.79539679
-0.238207
-0.15605315
2.1000187
-0.41972517
0.46138402
0.0029755637
0.33630461
0.51936813
-0.72854861
-1.1928121
-1.3030326
-0.76132072
-0.98514122
-1.1684529
-1.3165007
-1.3473126
-0.83701301
-1.0783564
-1.3531326
-1.0973362
-1.5543364
-0.93078678
-0.32333163
-0.84434063
-0.52081968
0.86691089
-0.76799423
0.85587939
-0.24386539
0.002927889
-0.84676447
-0.045881709
-0.74262319
-0.93359129
-0.98963219
-0.93905357
-0.99905291
-0.9854184
-0.8834662
1.3402099
-0.088403371
1.1775435
-0.534115
0.68198231
-0.53344522
0.96515105
-1.2543332
-0.96548187
-1.0348606
-1.0261144
-1.082654
-0.62460565
-1.3258333
-1.032627
-1.1116168
-1.0843474
-0.88844865
-1.0963818
-0.26060937
0.25100352
0.95906442
-0.25533155
-0.24211856
-0.80594325
-0.97340194
-1.1215576
-0.10424875
-0.18801468
-0.95532255
-1.0407362
-0.74163531
-0.7988688
-1.0898512
-1.1824332
-1.6648852
-1.1401542
-1.4443265
-1.7580585
-0.99609942
-1.337214
-1.1450065
0.051531344
-0.49501369
-1.3800544
-0.63876676
-0.6019624
-1.5379152
-0.13823499
-1.3078017
-1.4975129
-1.559472
-1.4830583
-1.3223618
-0.98700557
-1.7077068
-0.67453018
-0.79875797
-1.0628961
-0.91592343
-1.1147154
-0.77489323
-0.6712514
0.22891246
-0.71247264
2.456173
-0.60597008
0.63944213
0.16197277
-0.84736974
-1.2559842
-0.79523684
-1.0177959
-0.92413311
-0.961395
-1.2534622
-0.38153405
-1.2231401
-1.1228117
-1.1899028
-1.3601248
-1.4432723
-1.3816554
-1.9058799
-1.1710547
-1.3964274
-1.1760529
-1.3399324
-1.7377605
-1.1026684
-1.2635218
1.5825842
-1.1921127
-1.3637295
-1.1426946
-0.94566374
-1.0520276
-0.90158407
-0.71613225
-0.77547242
0.44705366
0.23930672
-1.1991129
1.2181838
-0.70084633
1.2518736
-0.97010592
1.4530548
-1.3249911
-1.0335048
-1.0177691
0.29413466
-0.36358782
0.84441873
-0.80611388
-0.11622924
-1.2397173
0.699797
-0.002378972
-0.71630224
-0.86781876
-1.2590308
-0.97880479
-0.42825006
-1.0110836
-0.49095579
-1.0111987
0.49698101
-1.2367599
-1.5309839
-1.861628
-1.5430292
-1.4551047
-2.0794733
-1.1146798
-1.2488476
-1.6025912
-1.1072685
-1.0825353
-0.12323653
-0.9645752
-0.1561503
-0.24779353
-0.35455611
-0.45772155
-0.92013035
-1.0068454
-0.9505557
-0.23367563
-0.49563766
1.0528365
-1.0734034
0.9400402
-0.070468758
-1.0724552
-1.3961675
-1.4152292
-1.2319916
-1.1302036
-1.157773
-1.268308
-1.1471917
0.88584858
-0.43489246
-1.0020899
-0.98506854
-0.59845842
-0.97251691
-0.031270016
-1.0014994
-0.60158223
-0.7471854
0.14670935
-0.64887264
-0.015024125
-0.96743702
-1.0514001
-1.1882724
-0.93110626
-1.0891341
-0.9760962
-1.5228352
-1.3655877
-1.5861796
-1.3340157
-1.1682845
-1.5923283
-1.8591871
-2.0423298
-1.1215274
-1.5617152
-1.2294214
0.7691523
-1.0259114
-0.93437027
-1.0534107
-1.0732668
-0.64248634
0.47364383
-0.78570342
0.17921132
-1.0623769
1.8161724
-0.39591977
0.71064474
-0.97251691
1.6996914
-0.98659635
0.71011101
-0.9191319
0.30456877
-1.1671815
-1.0876969
-1.1741513
0.31782203
-0.087627454
1.8022642
-1.0634213
1.867614
-0.69617577
-0.14969888
-0.27940995
0.86879369
-0.6335117
-1.02193
-1.4326879
-1.0859372
-1.3322821
-0.94628922
-0.75915953
-0.96274545
0.89817016
-1.1413662
-1.566441
-1.6873168
-1.2567775
-1.4401215
-1.3230779
-2.129166
-1.8664101
-1.6265532
-1.2383241
-1.3091023
-1.1454944
-1.1462305
-1.021096
-0.50820278
-1.0795254
-1.1323331
-1.0053445
-1.0013771
0.59205228
-1.3191396
-0.24288802
0.23406186
1.8174085
-0.34086821
0.86719851
-0.5475522
0.51209252
-0.71076982
-1.0229053
-1.2758979
-0.81007124
-0.51583806
-1.2460357
-1.2294896
-1.1653572
0.096266678
0.10996079
-0.87334275
0.0221366
0.10115605
-0.32876765
0.10339714
-0.48350929
-1.5694724
-1.1686622
-0.87603874
-1.1052439
-0.75493598
-0.64585108
-0.70668492
-0.18526351
-1.0688459
-0.6359637
-0.67302249
-1.5223611
-0.65890079
-0.7355722
0.31865365
-1.3731943
-0.79894708
-0.34919804
-0.72508888
-0.95908932
-0.73417824
-0.64253054
-0.90845884
-0.89911052
-1.0686032
-0.50363574
-0.16289866
-1.0345029
-1.2266071
-0.98945708
-0.9748984
-0.9912705
-1.1118055
-0.84934586
-1.0616736
-0.80418935
-0.1920467
-0.10937537
-0.98903778
-1.0018278
-1.0303891
0.63178028
-1.1239038
-0.64019578
-0.70672895
-1.0329308
-1.0738793
-0.5851122
-0.88500905
-0.31188611
1.6650758
-1.1097757
2.0440232
-1.1133199
2.2687648
-0.873713
1.5153614
-1.0006518
-1.0168988
-1.2406144
-0.99944381
-0.97593781
-0.97780902
-0.91300065
-0.97789433
-1.0271655
-1.436225
-1.3967888
-1.1977556
-1.3007228
-1.681226
-1.3111428
-2.3065843
-1.4437439
-1.6977013
-1.2191852
-1.6334559
-2.2377803
-1.5592406
-1.1153517
-1.297502
-1.421849
-1.3863439
-1.2622118
-1.7443677
-1.4558678
-1.5537904
-1.297502
-1.3837054
-2.06644
-2.0739866
-1.3685286
-1.2758662
-1.3231858
-1.1697839
-0.8289933
0.28758001
-0.70827792
-0.95948647
-1.1344174
-1.2214393
0.076066067
-1.273865
-1.0002335
-0.14312287
0.81908802
-0.85594642
1.1109875
-1.0989828
-0.60427669
-1.0997072
-0.74766679
-0.94981551
-1.0341429
-1.0432094
1.1625449
-0.31790668
1.3112466
-0.99753316
2.0874504
0.10852899
0.31034024
-0.29418383
-0.84924447
-0.89090842
-0.74570742
-0.89093723
-0.69581934
-1.1231675
-0.83930691
-0.97570641
-0.77408948
-1.1025109
-1.2303157
-1.0414086
0.38506152
-1.3632523
-0.10702471
-0.34311153
-1.3072854
-0.84691146
-0.22479279
-1.3311925
-1.0112738
-0.97718074
-0.99698737
-0.87916942
-0.98172806
-0.93203742
-0.8443638
-1.0138046
1.1116285
-0.096310583
-0.52063303
-0.30392845
1.9382976
-0.87990684
-0.31860435
-0.96336295
0.98334767
-1.1160225
-1.0409023
-0.68206973
1.2559082
-0.94644025
0.64708124
-0.71607013
1.6462237
-0.6147629
0.47997987
-0.69445486
1.0864759
-0.69925744
0.028967562
0.4227205
-1.0643171
0.44587558
-0.63061105
-0.380746
-0.14567641
-0.64805206
-1.0622691
-0.52096778
-1.136396
-1.6303469
-1.7452058
-1.7759755
-1.511917
-1.3953354
-1.6370726
-1.1358691
-1.2853144
-1.4452306
-1.8100737
-1.4811109
-1.8553035
-1.712864
-1.3575299
-1.4519633
-1.5971769
-1.8330594
-1.5247253
-1.6824502
-1.6083665
-1.4613301
-1.1136646
-1.1740635
-1.3975177
-0.61038611
-1.0424222
-1.0201219
-0.94687355
-0.00092116757
-0.97939943
-1.1042738
-1.1953508
-0.61910265
1.3389539
-0.9666067
-0.61361506
-0.63544473
0.95674221
-0.98977076
1.4120424
-0.52954519
0.32517944
-0.84489608
0.49663076
-1.0986727
-1.0150303
-1.0845622
-1.0879399
-0.9700472
0.91878608
-0.29514079
0.80575196
-0.66594225
1.3072031
-1.0261185
-0.86683515
-0.80381577
-1.4632882
-1.0471004
-0.46929465
-0.91316194
0.29770724
-0.9759778
-1.0449799
-0.95629092
-0.043634571
-0.97789869
-1.3456908
-1.3509515
-1.4027206
-1.3683169
-1.415491
-1.8487017
-1.4935674
-1.1747171
-1.5128736
-1.2312561
-1.3186107
-1.3811238
-1.6560939
-1.2697183
-1.9291684
-1.229125
-1.608644
-1.3628527
-1.7218103
-1.6762202
-1.794937
-1.8931087
-1.662049
-1.903953
-1.4624793
-1.1754969
-1.4706716
-1.5420892
-1.3088747
-1.2425823
-1.231455
-1.0503953
-0.14644076
-0.77118226
-0.43833425
-1.0358766
-0.27816575
-0.95287946
-1.0200719
-1.0001202
-0.94573644
-0.89651287
1.3315854
-0.94307975
1.4701378
-1.2566237
0.94380172
-0.22695645
0.011459053
-1.162694
1.1061642
-1.139121
-1.051965
-0.97346927
0.25789015
-0.99157788
-0.66391352
-0.1847795
0.80597247
-0.92440572
0.77611973
0.053206193
0.98709495
-0.97781688
-1.1091061
0.61459557
-1.0616219
-0.70273254
-1.2516931
-1.0244126
-1.0342789
-1.0045274
-1.0476427
-0.71259274
-0.91944288
-0.23059198
-1.0800106
-1.7759224
-1.4532941
-1.3804849
-0.92004876
-1.0318677
-1.0379726
-1.1185145
-0.90419885
-0.77172009
-1.0380498
-0.63054392
-1.0836106
-1.0053404
-0.32490708
-0.82826876
-0.63990923
1.4651058
-0.86369002
-0.27925571
-0.99849436
0.95321879
-1.0204674
1.4633215
-0.87664339
0.59866272
-1.0172563
-1.0488834
-1.0897182
0.35370934
-1.1649595
0.80519301
-0.90837297
0.32799857
-0.99753316
-0.475277
-0.57837087
1.2036095
-0.99871079
-0.85580573
-0.79084934
-1.0112195
-1.0198249
-0.80185435
-1.147283
-1.1253117
-0.81470458
-0.97467404
-1.0839196
-1.0179649
-0.84301174
-1.4165864
-0.99959944
-0.90431324
0.4064174
-0.97011386
-0.98520206
-0.57705217
-0.75726479
0.15994048
-1.0176762
2.3647339
-0.99752232
1.4687796
0.83780959
1.2211321
-0.91703731
-0.27468297
-1.1183142
-1.1597603
-1.3531654
-1.1451857
-1.074293
-0.25374082
-1.0450333
0.47106387
-0.99567762
2.1265745
-0.19057206
-0.42685111
-0.96915061
-0.35932892
-1.2184088
-0.993885
-0.12644012
-1.0906917
-1.0646793
-1.7038909
-1.0225089
0.14615108
-0.99618305
-0.7111367
-1.3246842
-1.0720219
-1.31596
-1.2867056
-1.4323271
-1.5433518
-1.4314853
-1.5305036
-2.3148697
-1.4511808
1.2475949
-0.98333866
0.44503203
-0.9926507
-0.96369416
-1.1070563
-0.82153883
-0.88118348
-0.040168793
-0.8694132
-0.41135292
0.7328496
-0.12939525
0.55721293
-0.12553516
1.0199187
-0.46688344
0.55411145
-0.64091629
-0.99783408
-1.5918359
-0.9173716
-1.1309872
-1.2877177
-0.43339642
-0.68161891
-1.2161292
-1.6172783
-1.0041835
0.54729166
-1.6662823
-1.2244033
-0.35305113
-1.6504571
-1.2378904
-0.59448877
-0.95779962
-0.85121103
0.31954973
-0.89032428
-0.88461948
-1.3547912
-0.62836717
-1.0529048
-0.87403581
-1.0732463
-1.0895821
-0.77093426
1.2519072
-1.2941394
-0.64255136
0.22790635
-1.3787114
-0.57346706
-1.2864163
-0.42563849
-1.0550007
-0.80135386
-1.0771551
-0.77597507
-0.92825804
-0.99370765
-1.0044304
-0.43851709
-0.53628504
-0.81759478
-1.0769243
-0.9784709
-1.2347706
-0.80068188
-0.62843267
-0.7887305
-1.3552979
-1.0616655
-0.83952697
-0.97552405
-0.92361224
-0.88453055
0.69597828
-1.1793881
0.068064951
-1.0300653
-1.4626764
-0.94004282
-0.99237369
-1.1128183
-0.91995594
0.34258705
-0.35788421
-0.64089874
1.050572
-0.95237236
0.47530747
-0.38326123
-0.022707646
-0.8379663
-0.37966836
-1.2490983
-0.8877176
-1.0453227
-0.73242785
-0.80874038
-1.0928997
-1.8692525
-1.189603
-1.1484316
-0.8397214
-1.1135634
-0.71870895
-1.0636227
-1.1196483
-1.0479977
-1.4403709
-0.94437619
-1.2816474
-1.2479046
-1.1842425
-0.91615091
-0.98418296
-1.1889224
-1.5416302
-1.136793
-1.1647691
-1.4567274
-0.96036855
-1.0100557
-1.1204376
-1.0346179
0.92342312
-0.9948025
-0.47369966
-0.51110662
-0.87189248
-0.030214112
0.11217873
-0.64613831
0.05926406
-1.0214811
-0.58331164
-0.99510731
0.34820051
-0.62260352
-1.2768558
-1.0440557
0.35213051
-1.1774689
0.83585491
-1.2221357
-1.3030082
0.13322387
-0.28269677
0.24334807
-0.95947304
-0.59180594
0.19015418
-0.62992217
-0.92716945
-1.3442144
-1.0580172
-1.0691093
-1.3488386
-1.1180741
-1.1831416
-0.84986117
-1.2523767
-1.2246759
-1.2070623
-1.2249511
-0.20697311
-1.021828
-0.85240437
-0.95119268
-0.74362328
-0.95672486
-0.8644986
0.12704356
0.053003008
-1.5312649
-0.73382605
-0.96431634
-1.1455176
0.091880471
-1.0301851
-0.36710659
-1.101624
-1.3164518
-1.0610606
-1.1793274
-1.2059734
-1.1212191
-0.45938
-1.2867763
-0.93319965
0.62710193
-0.63725814
-1.1304325
-0.78646754
0.27402955
-0.60446555
1.1370906
-0.90062977
-0.53663633
-1.1724157
-0.09283174
-0.68246252
-0.80694547
-0.57432691
-0.85449495
-1.083154
-1.0542527
-1.036559
-1.1353304
-1.2630147
-1.1234763
-0.74011955
-0.88269276
-1.0121188
-0.93221043
-1.1691284
-0.9301873
-1.2356712
-0.76837626
-0.98384663
-0.96758815
-1.1120552
-1.1284149
-1.4119073
0.45415138
-0.1794735
0.14211087
-1.0245974
1.53006
-0.14047998
0.23087852
-1.0756801
0.027586332
-0.41797249
-0.74247293
-1.0022344
-0.46276675
-1.0774861
-1.0340101
-0.5912538
-0.83039764
-0.87358504
0.63250224
-0.2754517
1.017405
-0.60523351
-1.0523143
-0.75655981
-0.57015427
-1.277034
1.0200534
0.69568874
-1.1308197
-0.78417653
-0.68807116
-1.0825465
-1.6944844
-1.0201611
-1.0485612
-0.52216362
-0.87377447
-1.1051024
-1.0062157
-0.73619774
-1.0201279
-1.1111104
-2.1974405
-1.0128205
-0.79368742
-0.93765808
-0.083204274
-1.3702435
-1.1334033
-1.0657274
-1.1137355
-0.84698243
-0.87721523
-0.83792974
-0.92933915
-0.19989207
0.051345708
-0.86927154
0.18758148
-0.81315024
-0.65791755
-0.33408278
0.0052167365
-0.70343639
-1.0759763
-1.2122047
-0.69809451
-0.76475549
-0.36095658
-0.78265759
-0.50646042
-1.3809558
-0.037914475
0.19896927
0.20912809
-0.65764635
-0.77673692
0.26242805
-1.7061111
-0.69894296
-0.77031096
-1.17523
-1.3181884
-1.0550852
-1.0864746
-0.77113913
-1.0492023
-1.3656186
-0.87725396
-1.2527027
-0.79586176
1.3175257
-0.51522792
1.5702193
-0.66675389
1.9075215
-0.81012849
-0.6698254
-0.20298362
-1.0673688
-1.2287994
-1.1094515
-1.4552666
-1.1289944
-1.0850435
-1.185792
-1.0193755
-1.1776322
-1.7812691
-1.2368823
-1.4165141
-1.338765
-1.0643138
-1.1472463
-1.1542618
-1.1255088
-1.4021351
-1.159187
-1.0548824
-0.93672005
-1.0232126
-1.5106201
-1.1160203
-1.12359
-1.2009541
-1.4299303
-1.1492846
0.11117573
-1.3273882
0.15005618
-1.1624242
1.8386815
-0.84330292
-0.44310582
-1.3314033
-0.74542161
-1.1359104
-1.0137953
-0.80615871
-1.0476114
-1.5185938
-0.23451429
0.82935222
-0.62833535
-0.49241747
-1.1024627
-0.94532164
-1.0121194
-0.88132475
-0.91977517
-1.0191189
-0.79241139
-1.2830179
-0.9549471
-1.2880626
-1.1283993
-0.33871965
-1.1895643
-1.4356962
-1.1269522
-1.0635358
1.0229458
-0.88015861
1.2558117
0.18144983
0.14038016
-1.1622855
0.49344357
-1.2133811
-0.93486771
-1.3657214
-1.0846502
-1.5514668
-0.98709496
-1.2830757
-0.83075274
-0.027244721
-1.0713971
-0.32193186
-1.1314346
0.75583813
-0.99414927
1.3280987
0.19445963
1.4728457
-0.93524593
1.1165355
-0.58298557
-1.1477118
-1.3784767
-0.9751556
-1.1540759
-1.1347181
-1.1028949
-1.1417637
-1.1149578
-1.3239529
-0.8882341
-0.83834777
-1.0209122
-0.81247331
-1.2307164
-1.0959213
-1.214818
0.25691898
-1.2148775
1.7889581
-1.1844435
1.475938
-0.89759105
0.19526477
-0.73484585
0.63931376
-0.76070745
0.83610578
-0.99082338
0.96376056
-1.0414195
-1.1195361
-1.199186
0.045469803
-0.83301637
0.21247401
-0.92569361
1.1755561
-0.4220147
-0.24818551
-0.73755924
1.4939162
-1.2831398
-1.2202167
-1.0294813
-1.1456287
-1.2760755
-1.2075974
-1.1886613
-1.113342
-0.92340618
-0.97379631
-1.0804056
-1.1083589
-1.4457117
-1.3793391
-1.4516925
-0.96360615
-1.1056463
-1.3639457
-1.1205622
-1.1697066
-1.15527
-1.4254648
-1.0131834
-1.3455686
-1.1724561
-0.98926008
-0.27003548
1.3835664
-1.1420394
0.78676287
0.51161644
1.2866094
-0.93556235
0.015935218
-0.92868335
-1.0356183
-1.2034224
-0.81341561
-0.85231239
-1.6561185
-0.67559963
-1.2242551
-1.3590083
-1.284507
0.62645811
-1.0914723
-1.0264617
-1.8791354
-1.0875784
-0.54087819
-2.05291
-0.9695471
-0.95151027
-1.6069669
-1.3706649
-1.0600289
-1.7104281
-1.1339081
-1.5037206
-1.1464289
-1.1324171
0.033866507
-0.29410661
1.0376257
-0.81405772
0.99338149
-0.696154
-1.1950708
-0.41653471
-1.456135
-0.99948617
-1.0956776
-1.1522633
-1.209322
-0.93963055
-0.10564789
-0.79281405
1.4735287
0.21987012
0.61756377
-0.96759158
0.91223285
-1.0192703
-1.1174818
-0.99475315
-0.86871272
-1.3057968
0.092850852
-0.44399312
-1.0750992
-1.2344092
-1.2046564
-1.4215366
-0.24968193
-1.2005321
0.54604709
-0.92405119
0.79404264
-1.0706812
0.66606042
-0.91985638
1.4903266
-0.007725389
1.7537555
-0.13866695
-0.29654497
0.85788855
-0.96682256
-0.5322725
-1.6904841
-1.0004602
-1.1812503
-1.0352295
-1.4150802
-1.3140147
-1.2130376
-1.0928467
-1.5145958
-1.265235
-1.1990314
-0.94120449
-0.53374805
-1.1347873
-0.7328341
-0.53578289
-1.4723077
-0.52069359
-1.0002412
-1.3170795
-1.0814929
-1.3292772
-1.0913514
-1.2245579
-0.63142447
-1.0816309
-0.65042
-1.1486186
1.9379505
-0.98879528
2.2291571
-0.30533065
0.63505114
-0.48444598
1.0469101
-0.22009904
1.6229446
-0.37858998
-1.0980589
-1.0319909
-0.97194179
-1.0216886
-0.8397733
-1.0144165
-1.2194287
-1.0863729
-1.0982499
-1.2603272
-0.66355102
-0.61478457
-1.1426964
0.44844917
-0.25644518
-1.2656445
-0.26548445
-1.1454168
-0.59127032
2.2268514
0.10658622
-0.62970043
-1.07563
1.44267
-1.1523142
-1.30197
-1.3339568
-1.0957771
-1.0257095
-0.74652546
-0.9229727
1.5601133
0.027617007
1.4384623
-0.59834275
1.5257038
-0.90011876
-0.47855374
-0.027362901
-1.0006954
-1.0996352
-0.10972783
-1.0579424
-1.0503729
-0.87467252
-1.0708494
-1.054882
-1.0877755
-1.0621533
-0.30783977
-0.58744207
-1.0001335
-0.74897289
0.29042756
-0.43637662
0.5244147
-0.56927637
1.2468296
-0.38869383
0.82958132
-1.0504128
-1.0570572
-1.07713
-1.0679148
-0.93310247
-0.25497739
-0.25242276
-1.5166573
-0.41943891
-0.80284353
-1.1427662
-1.3035279
-1.3090504
-1.1768343
-1.0618448
-1.2720564
-1.2512993
-0.887072
0.89442256
1.1908478
-0.98901101
0.77164378
-0.97597224
2.3342364
-0.97773325
0.095331425
0.52012106
-0.93089871
-0.080647491
-0.77431455
-1.2267727
-1.3877738
-1.0126423
-1.6141672
-1.0802538
-1.5211792
-1.4287634
-1.3989881
-1.3965303
-1.3643433
-1.2730267
-1.4707849
-1.2603104
-1.2207692
-1.0801454
-0.83238819
-1.0358668
-1.2069213
-1.1329882
-1.39044
-0.60724567
-1.1483528
1.3598758
-1.2968494
1.7309399
-1.448046
1.9477846
-0.97061967
0.37846493
-1.0525706
0.69314263
-0.40954145
-1.1120753
-0.97946371
1.038732
-0.6371191
1.3390995
-0.69366979
2.1767486
-0.033237906
0.080031244
-0.89949702
-0.83659292
-1.325549
-1.3517123
-1.1292621
-0.75061013
-1.2436954
-0.2305488
-1.2326089
-1.0047343
-1.5220316
-1.3283271
-1.3181231
-1.3595705
-1.6672298
-1.2130265
0.08474788
-1.0341106
-0.83267575
-0.94349263
-0.43267844
0.85787432
-0.72567484
-0.54391943
-0.74516797
0.48115713
-0.98955809
0.74672148
-1.1291051
0.38876495
-1.0193309
0.97020599
-1.2402467
-1.1017405
-1.2950287
-0.78550859
-0.93231272
-0.31427104
-0.7450535
0.76641409
-1.1174757
0.9073702
-0.78690543
0.93320778
0.60420191
0.53606875
0.40177727
-1.0345643
-1.3465167
-1.0485627
-1.1083425
-1.1103608
-1.2530591
-0.94930524
-1.5268695
-1.4471198
-1.7514512
-1.4817278
-1.6797674
-1.1615372
-1.3393003
-1.0165564
-0.95751443
-0.98121875
-1.0620111
-1.1778912
-1.2657501
-1.428044
-0.011640726
-0.78759131
-0.37176941
-0.75034011
1.7005841
-0.89704283
2.0699885
-1.1663681
1.007275
-0.68171537
1.6810829
-1.1214052
-0.67957053
-1.0144142
-1.0010545
-1.0844618
1.1650126
-0.83110526
0.20405469
-0.89747691
0.64347841
-0.92420368
1.1859869
-0.60205125
-0.5226131
-1.1368793
-1.3039401
-1.2523828
-0.8991573
-0.88449129
-1.0027422
-1.2360984
-1.0227659
-1.07197
-1.1656945
-1.0702173
-0.85960439
-1.0948596
-0.93011344
-1.1726107
-1.2339864
-1.1034923
-0.90503139
0.083231779
-0.74683175
-1.1588339
-1.4211444
0.58423197
-1.018099
-0.75922045
-0.94728006
-1.1880515
-1.1765051
-1.0843483
-1.0158726
-1.1056806
-1.1056806
-1.3400901
-1.1217618
-1.1056806
-1.2360789
-0.90594314
-1.2821895
-0.98653826
-0.83910183
-0.95781962
-1.138745
-1.1170822
-1.2001164
-1.1122164
-1.0800214
-1.1786402
-1.3486515
-0.95826067
-0.95218207
-1.5205976
-1.0743659
-1.1725066
-1.1917168
-1.6864592
-1.1655616
-1.737273
-1.5262619
-0.56512996
-1.1360263
-1.0109879
-0.97413097
-0.88964862
-1.1235708
-0.87836712
-1.137279
-0.68275808
-1.1972034
-1.2263346
-1.142661
-1.1970461
-1.3807033
-1.2299514
-0.8286666
-1.0777632
-1.0815383
0.4578883
-0.3383955
-1.3178735
-1.0362227
-1.5657792
-0.64901861
-1.1868721
-0.98373376
-1.1375552
-0.82502617
-0.99578659
-1.0338471
-1.9517295
-1.0726686
-0.8441781
-1.1242351
-0.74476078
-1.1604296
-0.88214044
0.17876434
-1.0886872
-0.99631102
-0.70680901
-0.9801332
-1.0041343
-0.87999542
-1.1186518
-1.0940782
-0.17775614
-1.0180114
-1.1826839
-0.26051837
-1.1492654
-0.94169189
-0.68219534
-1.1252961
-0.99594385
-1.1061231
-0.94112632
-1.1317504
-1.2863545
-0.99538293
-1.0841744
-1.0614007
-1.3284986
-1.3237049
-0.90629195
-1.1245827
-1.0872866
-1.264619
-0.99677271
-1.3813259
-0.91299117
-0.8309373
-0.97543066
-1.0280056
-0.56735464
-1.0900302
0.023955752
-0.5757212
-0.96611862
-0.61911771
-0.94179786
-0.9195154
-0.99229595
-1.413104
-0.42061837
-1.5186784
-1.1366219
-1.0556213
-1.1261413
-0.93667426
-1.1068685
-0.90942582
-0.87764775
-1.2288168
-0.53932538
-1.2384372
-1.3613839
-1.6868628
-2.5988843
-1.2810432
-1.7257395
-2.4907614
-1.4806242
-1.4605863
-1.0098939
-0.98449663
-0.9487312
-1.2100375
-1.0270568
-1.2958596
-1.0736308
-1.7162712
-1.0745061
0.31631573
-1.0464202
-0.98103276
-1.1085679
-1.0626702
-1.2487016
-0.9409489
-0.49663698
-0.96640284
-1.1803934
-1.342419
