-0.99935058
-1.0008988
-1.0011545
-1.0010886
-1.0004103
-1.0006397
-1.000638
-1.0012742
-1.0003698
-0.99974612
-1.0002203
-1.0005742
-1.0007012
-1.0006647
-1.0004364
-1.0001983
-1.0007469
-1.0006242
-1.0006474
-0.99934491
-1.0005992
-1.0005043
-0.99977015
-1.0000676
-0.99966448
-1.0004246
-1.000461
-1.0005493
-0.99984572
-1.0000279
-1.0003947
-0.99980094
-1.0006282
-1.0004263
-0.99981521
-0.99995918
-1.0000543
-1.0005199
-0.99993677
-1.0001722
-0.99910073
-0.99956004
-1.0002508
-1.0002238
-1.0005097
-0.99942711
-1.0008345
-0.99871439
-1.0008748
-0.99980604
-1.0001391
-1.0002256
-0.99936694
-1.0009721
-0.99941936
-1.0001842
-1.0009866
-0.99885733
-0.99985822
-1.0007197
-0.99978022
-0.99936394
-0.99922137
-0.99956805
-0.99967715
-0.99987813
-0.99984625
-0.99966781
-1.0003257
-0.99961413
-1.0005781
-0.99855044
-1.0012782
-1.0004798
-1.0003748
-1.0004252
-0.99915388
-0.99999714
-0.99969247
-0.9995684
-1.0006757
-0.99997596
-1.000777
-0.99917271
-0.99924617
-1.0008329
-0.99914214
-1.0008942
-0.9987744
-1.0004702
-1.000052
-1.000473
-1.0001009
-0.99888021
-0.99946561
-1.0003215
-1.0002494
-0.99934805
-0.99934481
-1.0000267
-0.99960538
-1.0003757
-0.99955503
-0.99906893
-0.99989164
-0.99807712
-0.9994301
-1.0001281
-1.0006272
-1.0002988
-1.0005872
-0.99982582
-0.99908251
-0.99923675
-0.99959947
-1.0004113
-0.99984271
-1.0002687
-1.0005026
-1.0006398
-1.0007616
-1.000996
-1.0004023
-0.99984847
-0.9997204
-0.99994687
-0.99919678
-1.0006671
-1.0004856
-0.99999452
-1.0001178
-0.99981356
-1.0007162
-0.99945756
-1.0006216
-0.99951447
-1.0002
-1.0005981
-1.0002778
-1.0002726
-1.0002667
-0.99976909
-0.99999018
-1.0004096
-0.99971043
-1.0003358
-0.99945204
-1.0000443
-0.99992571
-1.0000659
-0.9999733
-1.0003
-1.0004623
-0.99990003
-1.0004238
-0.99979336
-0.99959662
-0.99924216
-1.0006508
-0.99968677
-1.0002919
-1.0011491
-0.99971966
-1.0001442
-1.0009581
-1.0003474
-0.99981766
-1.0000813
-0.999785
-1.0003505
-0.99969303
-0.9997517
-1.0002269
-0.99976916
-0.99990163
-0.99953264
-1.0006552
-1.00038
-1.0001636
-0.99916442
-0.99981007
-0.99996433
-1.0005934
-1.001223
-0.99964588
-1.0006866
-1.0004716
-0.99887663
-0.99898371
-1.0002731
-1.0002991
-0.99908516
-1.0004743
-0.99912238
-0.99963487
-0.99973863
-0.999482
-1.0004299
-1.0005861
-0.99990402
-1.0003534
-1.0006501
-1.000065
-0.9995079
-0.99992705
-1.0006134
-0.99991224
-0.99944977
-0.99976543
-0.99942309
-0.99911679
-0.99916302
-1.0005036
-0.9997423
-1.0011686
-1.0010393
-0.99959509
-0.99972019
-0.99941971
-1.0001925
-0.99919558
-0.99955654
-1.0006157
-1.0003284
-1.0009736
-0.99985539
-0.99965767
-1.0007698
-1.0006952
-1.0001526
-0.99837522
-1.000505
-0.99978698
-1.0007141
-1.0007531
-1.0002228
-1.0009106
-1.0008531
-1.0008241
-1.0000011
-0.99988336
-0.99972438
-0.99918331
-1.0000703
-0.99945242
-0.99979758
-0.99952929
-0.99978911
-0.99946368
-0.99959212
-0.99911677
-0.99951749
-1.0003796
-0.99910734
-0.99944472
-0.99955734
-1.0007584
-0.99914257
-0.99973413
-0.999121
-1.0009952
-1.0003532
-0.99946059
-0.9988295
-0.99984413
-0.99973081
-0.99998473
-0.9988486
-0.99979996
-0.99942008
-0.99973196
-0.99963904
-0.99999682
-1.0003295
-1.0004202
-1.0002317
-0.99925867
-1.0001513
-0.99800425
-1.000899
-0.99924592
-1.0003888
-0.99836837
-0.99977743
-0.99835002
-0.99912713
-1.0002918
-0.9990908
-1.0005265
-1.0008681
-0.99899925
-0.99937833
-0.99931161
-0.99958363
-0.9984094
-1.0002143
-0.99937857
-0.99993855
-0.99966737
-1.0003571
-0.9996621
-1.0004322
-0.99998453
-1.0008452
-0.99909745
-1.0006142
-0.99949292
-0.99943395
-0.99885919
-0.99942309
-0.99870249
-0.99964409
-0.99862576
-0.99918068
-0.99896036
-1.000374
-1.0008487
-1.0000281
-1.000505
-1.0002132
-0.99860713
-1.0000163
-1.0002525
-0.99915302
-0.9987174
-1.0005303
-1.0007299
-1.0006453
-1.0006957
-1.0014162
-0.99931157
-0.99874946
-0.99938265
-0.99889537
-0.99995167
-0.99961384
-1.0000362
-0.99854859
-1.0001914
-0.99959704
-1.000462
-1.0009396
-1.0009372
-0.99991217
-0.99935997
-0.99802914
-0.99994243
-0.99864403
-0.99922195
-0.99844939
-1.000664
-0.99875699
-1.0000584
-1.0009326
-1.00107
-1.0007288
-1.0011075
-1.0011761
-1.0001721
-1.0015658
-1.0009605
-0.99880619
-0.99988914
-0.99936355
-0.99988813
-0.99887497
-1.0004515
-0.99933293
-0.99903559
-0.99979194
-1.00055
-1.0006436
-0.99914187
-1.0004276
-1.0006314
-1.0001358
-1.0008864
-0.99824827
-1.0015415
-0.99947319
-1.0000006
-0.99957651
-1.0009363
-1.0006749
-0.99968431
-1.0009248
-1.0014503
-0.99906323
-1.0003433
-0.99966576
-0.99948314
-1.0010475
-1.0007533
-1.0008459
-1.0009724
-1.0008591
-1.000605
-0.99856921
-0.99905603
-0.99881025
-1.0010628
-0.99942291
-1.0005977
-0.99981892
-1.0004593
-0.99879751
-1.0001296
-1.0005661
-1.0000121
-0.99907557
-1.0003017
-0.99875142
-1.0001977
-0.99823007
-1.0004534
-0.99804256
-1.0007362
-0.99948158
-1.0003279
-1.0003232
-1.0004695
-1.0007274
-0.99959116
-1.0004932
-0.99993523
-1.0002586
-0.99918269
-0.99884663
-0.99922226
-0.99964969
-0.9998967
-0.99923413
-1.0001772
-0.99956659
-1.0007608
-1.000525
-1.0008737
-0.99994218
-1.0004828
-1.0000064
-0.99937229
-0.99976558
-0.99989123
-0.99896978
-0.99970945
-0.99985558
-0.99970681
-0.99902619
-1.0005661
-0.99935228
-1.0007259
-1.0014882
-0.99996016
-1.0002964
-1.0008
-1.0000564
-0.99865597
-1.0005064
-0.99879127
-1.0001334
-0.9986822
-1.0012965
-0.99912474
-1.0008004
-0.9987326
-1.0010043
-0.99851815
-0.99834556
-0.99925168
-0.99958457
-1.0005361
-0.99957421
-1.0002868
-0.99867088
-0.99978834
-0.99861392
-0.99912713
-0.99766112
-1.0009686
-0.99891059
-1.0005161
-1.0003891
-1.0005506
-1.0006788
-0.9998975
-1.0010245
-0.99999565
-1.0010013
-1.0006033
-0.99919257
-0.99943261
-1.0004849
-0.99994629
-1.0010814
-1.0006807
-0.99956433
-1.0009838
-1.0009031
-1.001031
-1.0004869
-1.0003462
-1.001076
-1.0000083
-0.99914088
-1.0009305
-0.99932369
-1.0012894
-1.0002322
-1.0008918
-0.99919427
-1.0001166
-1.0000525
-1.0004981
-1.0005168
-0.99970636
-1.0008546
-1.0011515
-1.0006049
-1.0000513
-1.0002277
-1.0003906
-1.0001521
-1.001001
-1.0006426
-1.0001955
-1.0006879
-1.0003022
-0.99962497
-1.0007264
-0.99933887
-0.99867985
-0.99909214
-0.99910256
-0.99933947
-0.99853274
-0.9995364
-0.99918019
-1.0007374
-1.0001532
-0.99995631
-1.0000717
-1.0010071
-0.99865468
-1.0005154
-0.9983864
-0.99967298
-0.99917178
-0.99911677
-0.99953256
-0.99945059
-0.99851841
-1.0009827
-1.0005185
-0.99863995
-1.000821
-1.0002093
-1.0010913
-1.0005018
-1.0000619
-1.0013624
-1.0006329
-1.0013152
-0.99984526
-1.0006554
-0.99931804
-1.0013691
-1.0001684
-0.99932796
-0.99868788
-1.0001344
-1.0002895
-0.99907134
-0.99812159
-0.99896182
-0.99931788
-0.99988578
-0.99865689
-1.0001176
-0.99964423
-1.001181
-1.0009683
-1.0007524
-0.9985859
-1.0002987
-0.99849435
-0.99932026
-0.99834246
-1.0000826
-0.99900299
-1.0000109
-1.0007516
-1.000119
-0.99905991
-1.0005854
-1.0003572
-0.99980924
-1.0011702
-1.0007919
-1.0000569
-0.99909508
-0.99983957
-1.0007336
-1.0002726
-1.0009548
-0.99962158
-1.0006787
-0.99971578
-1.0002266
-1.0007546
-1.0003372
-1.0000438
-1.0001065
-0.99911648
-1.0008215
-1.0005431
-0.99914948
-0.99938769
-0.99954774
-0.99911648
-0.9993144
-0.99973196
-0.99932198
-1.0000149
-0.99840907
-0.99859327
-1.0001238
-0.99975586
-0.99950195
-0.99883928
-1.0004617
-0.99924287
-1.0001675
-0.99868571
-0.99982502
-0.99921909
-0.99905816
-0.9994759
-1.000266
-1.0006597
-0.99959127
-1.000779
-1.0000675
-0.99841266
-0.99968274
-0.99933278
-0.99994945
-1.0003691
-1.0006078
-1.0000447
-1.0001022
-1.0013502
-1.0015116
-1.0019763
-1.0013294
-1.0009184
-1.001527
-1.0008477
-1.0009876
-0.99993581
-1.0008636
-1.0010522
-1.0006513
-0.99908823
-1.0005403
-0.99944881
-0.999748
-1.0001476
-0.99916531
-0.99914482
-0.99988862
-0.99991895
-0.99911677
-0.99888696
-0.99998968
-0.9987612
-0.9999568
-0.99937235
-1.0005687
-0.99911606
-0.99954999
-0.99998541
-0.99987363
-1.0008444
-1.0000779
-0.99888464
-1.000341
-0.99934536
-0.99991316
-0.99823624
-0.99958325
-0.99860545
-1.0000418
-0.99907041
-0.99967548
-1.0004518
-1.0004342
-0.99980818
-1.0008632
-1.0006784
-1.0009248
-1.0000538
-1.0002544
-1.0006822
-0.99928062
-1.0008202
-1.0008212
-1.0002119
-0.99998549
-1.0003454
-0.99975327
-1.0009323
-0.9999333
-0.99827595
-1.0000899
-0.99872243
-0.9989948
-1.0001467
-1.0008617
-0.99904495
-1.0002822
-0.99896647
-1.000963
-0.99935959
-1.0003245
-0.99856132
-1.0015475
-0.99986326
-0.99827442
-1.0001659
-0.99951663
-0.99911677
-0.99887755
-0.99982038
-0.99882509
-1.0007553
-0.99873036
-0.9997477
-1.0005961
-1.0001657
-1.000451
-0.99874167
-1.0004103
-1.0007544
-0.99980927
-1.0000971
-1.0005093
-1.0004859
-1.0008096
-1.0004874
-1.0006993
-1.000534
-1.0009964
-0.99954908
-1.0004321
-0.99908286
-1.0004206
-0.99971476
-1.000544
-1.000282
-0.99898634
-0.99934097
-0.99951221
-0.99782987
-1.0007311
-0.99860472
-0.99885457
-0.99902339
-0.99964639
-0.99891817
-1.000211
-0.99920097
-1.0013269
-1.0011841
-1.0004121
-0.9984304
-1.0008136
-0.99852742
-1.0003431
-0.99849092
-1.0000502
-0.99900817
-1.0006423
-0.99996781
-0.99938156
-0.99893734
-1.0003848
-0.99950939
-0.99987694
-0.99953136
-0.9988354
-1.0008286
-1.0004422
-0.99942207
-1.0004281
-0.99961225
-0.99911867
-1.0006701
-0.99985695
-0.99943467
-0.99886102
-0.998648
-0.99909141
-1.0001901
-1.0003341
-0.99946306
-1.000612
-0.99827042
-0.99972403
-0.99841616
-1.0004746
-0.99844176
-1.0006807
-0.9985052
-1.0012009
-0.9990412
-0.99952808
-0.99989723
-1.0005429
-1.0004515
-0.99995492
-1.0003751
-1.0001158
-0.99972979
-1.0011654
-0.99963919
-1.0004767
-1.0006368
-0.99991691
-1.0006705
-0.99953116
-1.000898
-0.99935986
-1.0007591
-0.99978333
-1.00115
-1.0001663
-1.0014241
-1.0001452
-1.0004756
-0.9995366
-0.9983191
-1.0006677
-0.99861801
-1.0001945
-0.99902253
-0.99947058
-0.99878201
-0.9996368
-0.99968375
-0.99930384
-0.9989876
-0.99900652
-0.99928682
-1.0006529
-1.000602
-1.0007644
-1.000275
-1.0004251
-1.0003664
-1.000665
-0.99998689
-1.000265
-0.99938687
-0.9995958
-0.99984591
-1.0006826
-1.0001553
-1.0003295
-1.0000989
-1.0001437
-1.0001899
-0.9989869
-0.99995393
-0.99961164
-0.99927788
-1.0003109
-0.99974142
-1.0010898
-1.0005097
-1.0005616
-0.99902371
-0.99916365
-1.0003392
-0.99944348
-0.99954113
-0.99940941
-1.0001251
-1.0003947
-1.0007253
-0.99890151
-0.99903824
-1.0001948
-1.0004312
-1.0004335
-0.9998945
-0.99989331
-1.0002703
-0.99877535
-0.99984756
-0.99924012
-1.000471
-0.99988946
-0.99893177
-0.99932636
-0.99998992
-0.99994805
-0.99966823
-0.99972967
-1.0002295
-1.0007256
-1.0007518
-1.0005667
-1.0005645
-0.99948537
-1.0000336
-1.0006328
-1.0000938
-1.0007456
-0.99940203
-1.000419
-0.9991681
-0.99970511
-0.99979027
-1.0003964
-0.99997666
-0.99979525
-1.0002397
-0.99860282
-0.9996602
-1.0001616
-0.99914638
-1.0005765
-1.000791
-0.99913768
-0.99993852
-1.000633
-1.000433
-0.99915393
-1.0006158
-0.999385
-0.99907731
-0.99942004
-0.99921637
-1.0000376
-1.0002034
-0.99909249
-0.99972253
-0.99994124
-0.99997947
-1.001258
-1.0006216
-0.99989736
-1.0000811
-0.99987981
-1.0004008
-1.0002202
-0.99949693
-0.99930774
-0.99916504
-0.99932968
-1.0007744
-1.0009479
-1.0005459
-0.99960424
-1.0003875
-0.99953978
-0.9985714
-0.99942059
-0.99959599
-1.0002435
-1.0006614
-0.99981425
-1.0009149
-0.99921247
-0.99985799
-0.99996605
-0.99991953
-0.99964634
-0.99867137
-1.0003037
-0.99987289
-1.0001437
-0.99843581
-0.99977298
-1.0001434
-1.0005823
-0.99972756
-1.0007671
-1.000693
-1.0004137
-1.0001165
-1.0010282
-0.99938576
-1.0012046
-0.9988671
-1.0013483
-1.0005158
-1.0013884
-1.0005958
-1.0010253
-1.000588
-1.0009217
-1.000952
-1.0001929
-1.0006345
-1.0014345
-1.0013884
-1.0010997
-1.000472
-1.0005969
-1.0002466
-0.99903557
-1.000988
-0.99907398
-1.0002691
-0.99900155
-0.99983868
-1.0002293
-0.99970028
-1.0006611
-0.999065
-0.99958138
-1.0002891
-1.000454
-0.99954069
-1.0007142
-0.9989475
-1.0005125
-0.9988216
-0.99966635
-0.99988084
-1.0006471
-0.99881918
-1.0000293
-1.0003427
-1.0001973
-1.0009377
-1.0010826
-1.0010724
-1.0002578
-1.0006723
-1.000482
-1.0006178
-1.000802
-1.0002146
-1.00081
-1.0000706
-1.0004289
-1.0004824
-1.0005177
-1.0009015
-0.99915807
-0.99789108
-0.9993075
-0.99843141
-0.99999242
-0.99859389
-1.000736
-0.99930374
-1.0002034
-0.99977136
-1.0002017
-0.99867568
-0.99939634
-1.000189
-0.99928243
-0.99922901
-1.0008674
-1.0001226
-0.99937054
-0.99908711
-0.99900072
-0.9997512
-0.99871408
-0.9992703
-1.0005588
-1.0005647
-1.0000541
-0.99939402
-0.99971306
-1.0001523
-1.0000863
-0.99885389
-0.99930592
-0.99952571
-0.99965256
-0.99958569
-1.0002887
-0.99946604
-1.0001533
-1.0002116
-0.99973995
-1.0000399
-1.0006281
-1.0006818
-0.99982475
-0.9999753
-0.99945244
-1.000168
-0.99972826
-1.000595
-1.0000195
-0.99976196
-1.0000454
-1.0003308
-0.99977322
-1.0003299
-0.99985514
-1.0000065
-1.0007828
-0.99987622
-1.000298
-0.99950463
-1.0005208
-1.0009389
-1.0007658
-1.0001347
-1.0002748
-0.99973942
-0.99918702
-0.99946272
-0.99919191
-0.99978337
-1.0001252
-0.99947936
-0.99855262
-0.99966799
-0.99929179
-1.001052
-1.0010238
-1.0003711
-1.0011274
-1.0005932
-0.99856677
-1.0005781
-0.99979193
-1.0001075
-0.99993026
-0.99938627
-0.99940465
-0.99985552
-0.99844603
-1.0003116
-1.0003243
-1.0000812
-1.000897
-0.99911917
-1.0000787
-1.001066
-1.0000137
-1.0002653
-1.0003959
-1.0003911
-1.0006872
-0.99942036
-0.998698
-1.000348
-0.99975688
-0.99986272
-0.99961042
-1.0000264
-0.99951591
-1.0003897
-1.0005766
-1.0000135
-0.99876983
-1.0012306
-1.0012153
-1.0005756
-0.99875539
-1.0001326
-0.9997868
-0.99931078
-0.99858801
-0.99990399
-0.99891059
-0.99966228
-0.99932425
-1.0002798
-1.0002997
-0.99956767
-1.0003322
-1.0007522
-1.0006086
-1.0005246
-1.0001437
-1.0005974
-0.99985112
-1.0007491
-1.0000762
-1.0004965
-0.99993958
-0.99897744
-0.99981816
-0.99946453
-1.0001394
-0.9996225
-1.0002228
-1.000084
-1.0001625
-0.99942524
-1.0008063
-0.9997937
-1.0002798
-1.0009587
-1.000275
-0.9995875
-0.99835266
-1.0002696
-0.99950253
-1.0003263
-1.0012739
-0.9997568
-1.0010841
-0.9996796
-0.99912823
-0.99943533
-1.0001048
-0.99869468
-0.99934894
-1.0004126
-0.99850092
-1.000934
-1.0004765
-1.000377
-0.9992194
-1.0003576
-1.0005271
-0.9997142
-1.0002159
-1.0005137
-1.0003248
-1.0014096
-1.0008493
-1.0004727
-1.0006704
-1.0004092
-0.99985499
-0.99993221
-0.99984112
-1.0006456
-1.0007192
-1.0008556
-1.0005484
-1.0001454
-1.0002465
-0.99999383
-0.99997359
-1.0001538
-1.0005022
-1.0000658
-0.99987211
-1.0004026
-1.001011
-1.0007698
-0.99997139
-0.99863416
-1.0006976
-0.99884908
-0.99911188
-0.99913314
-0.9997972
-0.99776854
-0.99969186
-0.99962815
-0.99893793
-0.99851324
-0.99987071
-1.0008371
-1.0004496
-1.0007892
-1.0000668
-1.0008885
-0.99981086
-1.0007357
-1.0006285
-1.0004748
-1.0008679
-1.0009175
-0.99862954
-1.0012355
-1.0008718
-0.99973051
-0.99983317
-0.99948768
-1.0010899
-0.99946037
-1.0004176
-1.000915
-1.0015207
-0.99933796
-0.9998081
-0.99879983
-1.0007834
-1.0010088
-1.0008739
-0.99972658
-0.99947985
-0.99981224
-1.000721
-1.0009727
-1.0001712
-1.0012085
-1.0010869
-1.0007938
-1.0000426
-1.0002087
-1.0010661
-0.99886176
-1.0004658
-0.9999725
-1.0008961
-1.0001312
-1.0009171
-1.0001133
-1.0004461
-0.99993504
-0.99987781
-0.99887209
-1.0006901
-1.0006197
-1.0007908
-0.99950931
-1.000769
-0.99939564
-1.0003424
-1.000425
-1.0000271
-1.0012415
-0.99970102
-1.0010197
-1.0005581
-1.0004495
-1.0000791
-1.0004692
-0.99932702
-1.0000885
-1.0000983
-1.0007991
-0.99985503
-1.0012044
-1.0009506
-0.99891006
-0.99903101
-0.99934724
-0.99949293
-1.00053
-0.99980791
-1.0003118
-1.0014176
-0.998998
-1.0005824
-0.99955653
-0.99825632
-0.99848075
-0.99978855
-0.99945736
-1.0001745
-0.99996142
-0.99880617
-0.99963759
-1.0004611
-1.0000145
-1.0003669
-1.0001682
-1.0003037
-0.99954261
-1.0000698
-1.0006787
-1.0005033
-0.99943778
-1.0000621
-1.0000608
-1.0015339
-1.0008513
-1.0016273
-1.0001432
-1.0005539
-1.0001233
-1.0004357
-1.0004924
-1.000753
-1.0002982
-1.0008676
-1.0006837
-1.0005559
-1.0006689
-1.0004784
-1.0012342
-1.0005153
-0.99988455
-0.99950066
-0.99898719
-1.000139
-0.99940681
-0.99990045
-1.0005522
-0.99883282
-0.99884578
-0.99882825
-1.0002716
-0.99896056
-1.0011539
-0.99971939
-1.0001625
-0.99960823
-1.0007988
-1.0005963
-1.000855
-0.99974901
-0.99874684
-1.0002657
-0.99942937
-1.0002554
-0.99904064
-0.99912756
-0.99966594
-0.99909598
-1.0001738
-0.99969777
-1.0001055
-1.0004109
-1.0006525
-1.0004421
-0.99961461
-0.99950767
-0.99891035
-0.99908233
-1.0005358
-1.0007085
-1.0013257
-0.99899804
-1.0003544
-0.99943831
-0.99939027
-0.99958676
-0.99853493
-1.0003178
-0.99881368
-1.0007223
-1.0007852
-1.000451
-0.99974655
-0.99877379
-1.0005218
-0.99804961
-0.99983733
-0.99896792
-0.999097
-0.99857301
-0.99889039
-1.0000532
-0.99970121
-0.9991071
-1.000598
-1.000525
-0.99939607
-1.0010584
-1.000678
-1.0009099
-1.0003116
-1.0011798
-1.0004037
-0.99995312
-1.0009986
-1.0007697
-1.0006817
-1.0008627
-1.0000555
-1.0005115
-1.0003228
-1.000331
-0.99942743
-0.99882262
-0.99848547
-0.99922922
-1.0004713
-0.99952783
-1.0003212
-0.99917353
-0.9997956
-0.99865672
-1.0002094
-1.0011956
-0.99994834
-1.0004014
-0.99977272
-0.99901446
-1.0000244
-0.99904842
-0.99931021
-0.99844988
-0.99948839
-0.99932922
-1.0004846
-0.99978281
-1.0006607
-1.0007991
-1.0001347
-1.0006583
-0.99989303
-1.0010939
-1.0007733
-1.000931
-0.99997321
-0.9998734
-1.0008907
-1.0001813
-1.0006046
-1.0007922
-1.0005041
-1.0010914
-1.000841
-1.0006019
-1.0000701
-1.0009231
-0.99933308
-1.0012556
-1.0005578
-1.0003138
-0.99902854
-0.99894659
-0.99936506
-0.99941092
-0.9992793
-0.99932355
-1.0006201
-0.99976009
-1.0003338
-1.0001771
-0.99935171
-1.0005761
-1.0000511
-0.99996307
-1.0005634
-1.0004169
-1.0008252
-1.0006108
-0.99883187
-1.0005815
-0.99898836
-0.99908754
-0.9984972
-1.000936
-0.99854777
-0.9999621
-0.99822424
-0.99937845
-0.99973387
-0.99909607
-1.0007933
-1.000249
-1.0004582
-1.0006021
-0.99962062
-1.0006986
-1.0000985
-1.0009044
-1.0005012
-1.0002919
-1.0007973
-1.0011554
-1.0007986
-0.9999751
-1.000205
-0.9995748
-1.000477
-1.0002258
-1.0004651
-1.0006566
-1.0008425
-1.0003538
-1.0005149
-0.99914859
-1.0009825
-0.99903713
-0.99887555
-0.99949655
-0.99936785
-1.0006283
-0.99889584
-0.99953274
-0.99914084
-0.99975454
-0.99832082
-1.0004335
-1.0003289
-1.0013595
-1.0001086
-1.0019321
-1.0003942
-1.0000875
-0.99965542
-0.99994758
-0.99885393
-0.99972181
-0.99826952
-0.99948749
-0.99899255
-0.99932553
-1.0003206
-0.99951814
-1.0011137
-1.0008457
-1.0011854
-1.0015808
-1.000726
-1.0015802
-1.0007214
-1.0005674
-0.9990779
-0.99970313
-1.0002859
-1.0010516
-0.99963159
-0.99989604
-1.000378
-1.0003662
-1.0008951
-1.0003245
-0.99987537
-1.0002978
-0.99857848
-1.0004519
-1.0000201
-0.99985717
-0.99991205
-1.0015888
-1.000707
-0.99972467
-1.000658
-1.0001619
-0.99880791
-0.99975
-1.0004564
-0.99982573
-0.99971021
-1.00035
-0.99953852
-1.0007157
-0.99921123
-1.0012171
-1.000144
-0.99984605
-0.99974431
-0.99988804
-0.9989778
-1.000309
-0.99922213
-0.99822813
-0.99881285
-0.99992328
-0.9997197
-1.0003285
-1.0002863
-0.99934885
-1.0011664
-1.0002795
-0.99916111
-1.0007603
-0.9992514
-1.00109
-0.99920356
-1.0003962
-0.99809959
-0.99948022
-1.0008013
-0.99833477
-0.9991591
-0.99999102
-1.0002123
-1.0008352
-1.0003452
-1.001018
-1.0004696
-1.0002545
-0.99903736
-1.000203
-1.0006789
-1.000527
-1.0004864
-0.99980032
-1.0008221
-1.0004383
-1.0004135
-1.0004982
-1.0003922
-1.0007002
-1.000475
-1.0005468
-1.0007875
-1.000631
-0.99940989
-0.99914859
-1.000579
-0.99881151
-0.99884718
-1.0006614
-0.99899509
-1.0000618
-0.99927767
-1.0001249
-0.99887756
-0.99992834
-0.99947791
-1.0008186
-1.0008137
-0.99971173
-0.99935622
-1.0000047
-1.0003816
-1.0000973
-1.000146
-0.99978033
-1.0006248
-1.0004256
-0.99948561
-0.99938002
-1.0006122
-1.0000083
-1.0005322
-1.0007494
-1.0003862
-0.99957402
-0.9990884
-1.000494
-0.99930311
-1.0000276
-0.99845075
-0.99959095
-0.99821886
-0.99856061
-0.99996127
-0.99996959
-0.99938266
-1.0010776
-0.9993391
-0.99858974
-1.0004952
-1.0014929
-1.0001352
-0.99995207
-1.0007703
-1.0010681
-1.0001188
-1.0001611
-0.99956276
-0.99942607
-0.99922408
-0.99973782
-0.99866758
-1.0006708
-0.9986781
-1.0007018
-0.99864668
-1.0001469
-0.99967921
-0.99987071
-0.99978206
-1.0005328
-1.0016378
-1.0011404
-1.0002655
-0.99953105
-1.0008936
-1.0015228
-1.0001203
-1.000003
-0.9996139
-0.9998506
-1.0000344
-0.99999109
-0.99962598
-1.0005822
-1.0004417
-1.0009916
-1.0003396
-1.000252
-1.0008061
-1.0002963
-0.99884091
-0.99954174
-1.0000593
-1.0019708
-1.0009233
-1.0007779
-1.0009482
-1.0009732
-1.0009031
-1.0009665
-1.0005246
-1.0010419
-1.0009434
-1.0011467
-1.0009476
-0.99998967
-0.99980401
-1.0002005
-1.0005399
-1.0003392
-0.99931582
-1.0002599
-0.99970491
-0.99997556
-1.0008043
-1.0004028
-1.0005436
-0.99930697
-1.0004928
-0.99966903
-0.99967067
-1.0007967
-1.0002852
-0.99979728
-1.0002887
-1.0003052
-1.0000409
-1.0005961
-0.99924825
-0.9990579
-0.9992111
-1.0000214
-0.99981373
-1.0001495
-1.0006202
-0.99803829
-1.0011495
-0.99916267
-1.0000207
-0.99982846
-0.99954049
-1.0002056
-0.99819417
-0.99895813
-0.99967815
-1.0004908
-0.99977841
-1.0006365
-0.99935833
-0.99986958
-1.0008371
-1.0011652
-1.0005129
-1.0006493
-1.0000628
-1.0003654
-1.0004701
-1.0009812
-1.0006703
-1.0004434
-1.0007087
-1.0007107
-1.0003611
-1.001296
-1.0003436
-1.0007441
-1.0006649
-1.0006412
-1.0004943
-1.0001615
-1.0008467
-1.0004162
-0.99913625
-0.99850646
-0.99983099
-0.99943621
-0.99942926
-0.99993728
-0.99859331
-1.000979
-0.99862586
-1.0006046
-1.0001309
-0.99913028
-0.99901697
-0.99990675
-1.0005393
-0.99912305
-1.0002036
-0.99966895
-0.9991336
-0.9982041
-0.99923993
-0.99945244
-1.0001089
-0.99828013
-0.99975729
-0.99877432
-0.99931819
-0.99905387
-0.99921663
-0.99929924
-0.99979046
-0.99951971
-1.0001936
-0.99969356
-1.0001482
-1.0006541
-0.99973209
-1.00014
-1.0000792
-0.99950116
-1.000115
-0.99962406
-1.0006188
-1.0009943
-1.0000834
-0.99924708
-0.99990177
-1.0000784
-1.0004986
-1.0005396
-1.000815
-0.99932927
-1.0005201
-1.0002874
-0.99976033
-1.0005571
-1.0010849
-0.9988425
-0.99961817
-1.0001256
-0.99891829
-0.99910466
-0.99818584
-0.99942642
-1.000391
-0.99903639
-0.99975157
-0.99838642
-0.99965759
-0.99893834
-0.99942036
-1.0008936
-1.0003182
-0.99887142
-0.99939525
-0.99986065
-0.99845901
-0.99913248
-1.0007664
-0.99848759
-1.0001026
-0.99938226
-1.0004698
-1.0002324
-1.0003469
-0.99978846
-0.99895824
-1.0004061
-0.99913359
-1.0012434
-1.0001422
-1.0004889
-0.99944359
-1.0001928
-0.99915105
-1.0003726
-1.0004805
-0.99988164
-0.9986855
-1.0003391
-0.99913127
-0.99795982
-0.99963532
-0.99943296
-1.0004157
-1.0005238
-1.0008999
-1.0003119
-0.99919057
-1.0009938
-0.99997791
-0.99892397
-1.0007915
-0.99901105
-1.0005607
-0.99866554
-0.99906675
-0.99995425
-0.99920144
-1.0007234
-0.99948878
-0.99925236
-1.0008783
-1.0014105
-1.0002996
-1.0009999
-1.0005829
-1.0004397
-1.0005559
-1.0006412
-1.0003603
-1.0005615
-1.0000461
-0.99884988
-1.0000824
-0.99971839
-0.99952208
-0.99947477
-1.0004557
-1.0003085
-1.0005833
-0.99971992
-1.000625
-0.99967046
-1.0013538
-0.99979443
-0.99903257
-1.0009483
-0.99846538
-0.99845006
-0.99913835
-0.99846493
-1.0009177
-0.99870891
-1.0000462
-0.99947876
-1.0002209
-1.0010159
-1.0008513
-0.99886532
-1.0003745
-0.99882808
-0.9998304
-0.99841628
-0.99866057
-0.99892086
-0.99956356
-1.0006053
-0.99861599
-1.0005159
-1.0003804
-0.99954273
-0.99863072
-1.000685
-0.99996421
-0.9997243
-0.99908046
-0.99818107
-1.0002386
-0.99873493
-1.0005627
-0.99877508
-1.0003005
-0.9987726
-0.99972878
-1.0010457
-0.99932321
-1.0003697
-1.0006494
-1.0001755
-0.99875046
-1.0002984
-0.99852991
-1.0000887
-0.99955217
-1.0001912
-0.99878586
-0.99983279
-0.99911037
-0.99899475
-1.0005212
-1.0001648
-1.000294
-1.0003949
-1.0011239
-0.99917531
-1.000615
-1.0001641
-0.99961929
-0.99967446
-0.99929206
-1.0009053
-0.99933796
-1.0007699
-1.0002445
-1.001112
-1.0008429
-0.99843897
-1.0000462
-0.99879253
-0.9996893
-0.99819325
-0.9996855
-0.99815147
-1.0004367
-0.99924476
-0.99976748
-0.9999043
-0.99997912
-1.0000965
-0.99879655
-1.0002239
-0.99870378
-0.99916195
-0.99846495
-0.99982621
-0.99971038
-1.0003514
-1.0010522
-0.99914987
-1.0006239
-1.000976
-1.0004083
-0.99857203
-1.0010019
-0.998505
-0.99927597
-0.99958247
-0.9992533
-1.0000255
-1.0007603
-1.0006377
-1.0001928
-0.99880572
-0.99922979
-1.0006022
-1.0000036
-0.99927747
-1.000494
-0.99969371
-1.0001186
-1.0006815
-0.99905948
-1.0004405
-0.99958245
-1.0001561
-1.0002026
-0.99950935
-0.99984564
-1.0002788
-0.99851075
-0.99989807
-0.99901246
-0.99970109
-0.99939837
-0.99991606
-0.99952794
-1.0006696
-0.99851642
-0.99908787
-1.0001718
-0.99835842
-0.9991144
-0.99958397
-1.0003532
-0.99913127
-0.99929012
-1.0005632
-0.99859882
-1.0002543
-1.0001054
-0.99893841
-0.99946797
-0.99958238
-1.0003851
-0.99913858
-1.000397
-1.0002878
-0.99953477
-1.0004722
-0.99955859
-1.0002899
-1.0003272
-0.99956116
-1.0009384
-1.0003907
-1.0009191
-1.0005622
-1.0003848
-1.0001165
-1.0000423
-1.0002787
-1.0006205
-1.0004285
-0.99955423
-1.000578
-1.0004574
-0.99989715
-1.0000069
-1.000308
-1.0000625
-1.0007586
-1.0001611
-0.99919277
-1.0002069
-0.99949078
-0.99905745
-0.99945211
-0.99973025
-0.99965769
-1.0002061
-0.99987361
-0.99926008
-0.99968735
-0.99941802
-0.99927931
-0.99915859
-1.0000091
-1.0007185
-0.99912495
-1.0005685
-0.99843526
-0.99971591
-1.000179
-0.999037
-1.0000464
-0.99901694
-0.99995296
-0.99857073
-0.99996084
-1.0000268
-0.99936254
-0.99963264
-0.99868952
-0.99945484
-0.99927798
-1.0011798
-0.99981032
-1.0003341
-1.0001147
-0.99900613
-1.0003008
-1.0008304
-1.000969
-0.99952136
-1.0006024
-1.000001
-0.99919792
-0.99949818
-0.999216
-0.99936693
-0.99975625
-1.0011517
-0.99961116
-1.0009079
-0.99918511
-1.0017205
-0.99939035
-0.99881311
-0.99948912
-1.001949
-1.0008591
-1.0007663
-1.0003481
-1.000271
-1.0005558
-1.0000872
-1.0007087
-0.99983987
-1.0002585
-1.0008083
-1.0001421
-1.0002882
-1.0002106
-1.0002843
-1.000885
-1.0003016
-1.0003268
-0.99906202
-0.99944787
-0.99997978
-1.0001906
-1.0002079
-1.0008434
-1.0009099
-1.0007145
-1.001085
-1.0010194
-1.0003762
-1.0003457
-1.0004217
-1.0000508
-1.0010246
-1.0003203
-0.99980183
-0.99920921
-0.99964906
-1.0002931
-0.99931747
-0.99986086
-0.9995909
-1.0006166
-1.0001276
-1.0000993
-1.000871
-0.9995784
-1.0001468
-0.99896952
-1.0004034
-1.0013114
-1.0002227
-0.9997852
-1.0009821
-1.0005111
-0.99997761
-1.000251
-1.0010821
-1.0003813
-1.0001079
-1.0004265
-1.000789
-0.99939327
-0.99877589
-1.0004848
-1.001017
-0.99962869
-1.0000623
-1.0002142
-0.99964115
-0.99961239
-0.99995825
-1.0006674
-0.99985556
-0.99999828
-0.9991442
-0.99975915
-1.0013538
-0.99959407
-0.99997007
-1.0003027
-1.0001118
-0.99960284
-1.0004503
-0.99995572
-0.99982952
-1.0005683
-0.99978825
-0.99965622
-1.0001728
-1.0001158
-1.0003296
-1.0010098
-0.99992118
-1.0010218
-1.0003798
-0.99942124
-0.99911503
-0.99947852
-1.0009111
-1.0003657
-1.0007059
-0.99992845
-0.99985802
-0.99933783
-0.99950728
-0.99937083
-0.9998324
-1.0005692
-0.99911608
-0.99950279
-1.0002882
-0.99994484
-1.0007593
-1.0002172
-0.99997213
-1.0002527
-1.0006267
-0.99942212
-1.0006822
-1.0009035
-1.0000094
-0.9995061
-0.99924995
-1.0003252
-1.0002591
-1.0005962
-1.0007531
-0.99989198
-1.0007041
-0.9989245
-1.0002807
-1.0011009
-1.0002011
-0.99897554
-1.0003547
-1.0003743
-0.99956527
-1.0004957
-0.99967242
-0.99995927
-0.99998796
-0.99956339
-0.99996488
-0.99943465
-0.99967598
-0.99965195
-0.99946228
-0.99911387
-1.0003501
-0.99915311
-0.99977981
-1.0000427
-0.999219
-0.9995871
-0.99911487
-1.0001763
-0.99963062
-0.99924304
-1.0004484
-0.99911025
-0.99911387
-0.99863751
-0.99984061
-0.99995535
-0.9998818
-1.0006266
-0.99982446
-0.99959558
-1.0004132
-1.0005528
-1.0005119
-1.0010946
-1.0004304
-0.99873736
-1.0001846
-0.99909548
-1.0005028
-0.99847945
-1.0005141
-0.99871447
-1.0001988
-0.99897662
-1.0010441
-0.999194
-1.000855
-1.0003713
-1.0007562
-1.0005337
-1.0004858
-0.99872902
-0.9992121
-1.0005301
-1.0013214
-0.99985708
-1.0005768
-0.99905812
-1.0008297
-0.99864346
-0.99934087
-0.99908755
-1.0000222
-0.99910242
-1.00012
-1.0001237
-1.0004609
-1.0000267
-1.0000337
-0.99847574
-0.99979451
-0.99894774
-1.0002629
-0.99928025
-0.99931608
-0.99889144
-1.0001705
-0.99868318
-1.0004686
-1.0004261
-1.0000418
-1.0006298
-0.99972593
-1.000261
-1.0006996
-1.0001118
-1.0007321
-1.0004827
-1.0003454
-1.0005361
-1.0003447
-1.000645
-1.0006832
-1.0007735
-1.0009674
-1.0008336
-1.0009243
-1.0001683
-1.0007109
-1.0004136
-1.0001846
-1.0002348
-1.0004512
-0.99967028
-1.0003502
-1.0002992
-0.99947537
-1.0001728
-1.0005425
-0.99980136
-0.99957605
-1.0007582
-1.0007789
-1.0001014
-1.0012417
-0.99905288
-1.0002739
-0.99904032
-0.99958546
-0.99870411
-1.000582
-0.99849061
-1.0007478
-1.0000385
-1.0010105
-1.000765
-1.0007252
-1.0004467
-1.0010825
-0.99900173
-1.0001268
-0.9991481
-1.0000764
-0.99835284
-1.0004016
-0.9993095
-1.000509
-1.000056
-1.0001623
-1.0001095
-1.0005426
-1.0005757
-0.99991363
-1.0007932
-1.0003905
-1.0003489
-1.0001171
-1.0008061
-1.000247
-1.0011479
-1.0006008
-1.0009612
-1.0013821
-1.0005813
-1.0002574
-1.000989
-1.0004174
-1.0006882
-0.99967376
-1.0004543
-1.0000889
-1.0006039
-1.0008401
-1.0006834
-1.0009381
-1.0000866
-0.99979015
-1.0005842
-0.99952924
-1.0007738
-1.0002081
-0.99794545
-0.99927264
-0.99954242
-0.99989268
-0.99913341
-1.0009232
-0.99864403
-1.0008572
-0.99856958
-1.0001786
-0.99956158
-0.99840067
-1.0006236
-0.99973373
-1.0009003
-1.0002207
-1.0004221
-0.99867585
-0.99984335
-0.99983309
-0.99869697
-1.0004685
-1.0001638
-1.0006397
-1.0006806
-1.0004299
-1.000753
-0.99998417
-1.0004201
-1.0018401
-1.0002208
-1.0000373
-1.0002082
-1.0006574
-0.99995038
-0.99998448
-1.0005095
-1.0003564
-1.0002397
-1.0003958
-1.0005137
-1.0011707
-1.0009055
-1.000944
-1.0004985
-1.0006815
-1.0000392
-1.0007307
-1.0001319
-0.99992392
-1.000956
-1.0014698
-1.0001975
-1.0005469
-1.0008122
-1.0009832
-0.99946316
-1.0001942
-0.99861587
-1.0009962
-0.99977754
-1.0001942
-0.99835471
-1.0005446
-0.99930015
-1.0005034
-0.99893302
-1.0007912
-0.99918427
-0.99887528
-0.99860484
-1.0013252
-1.0001704
-0.99981872
-0.99871554
-0.99963413
-0.99889489
-0.999127
-0.99865889
-0.99994091
-0.99832425
-1.0001041
-1.0001985
-1.000381
-1.0003248
-0.99949777
-1.0009155
-1.0005369
-1.0006038
-1.0000726
-1.0007759
-1.0003559
-1.0007412
-1.0006965
-1.0004864
-1.0004796
-1.0006667
-1.0009901
-1.0008581
-1.0007801
-1.0006392
-1.0008754
-1.0003082
-1.0005365
-1.0002036
-1.0010231
-0.99986304
-1.000408
-1.0008422
-1.0009083
-1.000667
-1.0006859
-1.0003062
-1.000601
-1.0008139
-1.0005209
-1.0000314
-1.0010767
-0.99975586
-1.0003888
-1.0016582
-0.99915554
-0.99946448
-0.99875275
-0.9989373
-0.99901756
-0.99968248
-1.0005147
-1.0004586
-0.99968569
-0.99982102
-0.99918041
-0.99981972
-1.0011604
-1.0013381
-0.99845991
-1.0007884
-0.99929915
-0.99975327
-0.99962374
-0.9993048
-0.99918038
-0.99941712
-0.99796303
-1.0003329
-1.0003413
-1.0006651
-1.0011139
-1.0009447
-0.99882231
-0.99923178
-1.0002719
-1.0001288
-0.99857279
-1.000553
-1.0003354
-0.99987478
-0.99903462
-0.99987961
-0.99843878
-0.99936114
-0.99896506
-1.0003741
-0.99973906
-1.000484
-1.0012673
-1.0007482
-0.99845585
-0.99955111
-0.99913393
-0.99971088
-0.99886198
-0.99912263
-0.99932018
-0.99949808
-1.0000267
-0.99883964
-0.99871208
-0.99966551
-0.99974491
-1.0003491
-1.0010602
-1.0001254
-0.999877
-0.99995079
-1.0004993
-1.0009562
-1.0009031
-1.0004158
-0.99871009
-1.0000674
-1.0000836
-0.99982332
-1.0003192
-1.0005961
-0.99925508
-1.0009703
-1.0000418
-1.0006252
-0.99938028
-1.0006218
-1.0014137
-1.0003232
-0.99973493
-1.0006604
-1.000382
-0.99987685
-0.99949514
-1.0000309
-0.99913194
-1.0004154
-1.0010525
-1.0006016
-0.99961868
-1.0004975
-1.0000834
-0.99940472
-1.0006161
-1.0003361
-0.99949844
-1.0006943
-0.99921599
-0.99945041
-0.99931276
-0.99932359
-0.99908629
-1.0001112
-0.99858602
-1.000841
-1.0005414
-1.0005734
-1.0001601
-0.99830809
-1.000761
-0.99871331
-1.0001622
-0.99931254
-0.99976742
-0.99787847
-0.99903954
-1.0000846
-1.0005319
-1.0006724
-0.99965374
-1.0001996
-1.0005716
-0.99954354
-0.99999698
-1.000246
-1.0005518
-0.99980578
-1.0021576
-1.0011389
-1.0013743
-1.0010217
-1.0009627
-1.0020532
-1.0016649
-1.000875
-1.0009756
-1.0007671
-1.0009537
-1.0014264
-1.0005001
-0.99941517
-1.0002048
-0.99925292
-1.0004217
-0.99997257
-0.99971632
-1.0010379
-0.99999756
-0.99851044
-0.99992488
-1.0001178
-0.99979335
-0.99912201
-0.9988791
-0.99938831
-0.99817292
-1.0001812
-0.99831735
-1.0001997
-0.99877737
-1.0012275
-0.99941012
-1.0001525
-1.0010897
-1.0008233
-0.99882686
-1.0008856
-0.99828402
-1.0008532
-0.99967151
-1.0004614
-0.99844488
-0.99988729
-0.99856309
-1.000435
-1.0007897
-1.0009949
-1.000382
-1.0002799
-1.0004253
-0.99990998
-1.0009151
-1.0001309
-0.99947808
-1.0005323
-1.0003595
-0.99942731
-1.0009101
-1.0008973
-1.000415
-1.0002555
-0.99985321
-0.9990879
-1.0001082
-0.99870952
-1.0004083
-0.99980666
-1.0006066
-0.99892988
-1.0009512
-0.99912544
-1.0006148
-1.0003757
-1.0004316
-1.0011074
-1.0005971
-0.99855428
-1.0010995
-0.99897907
-0.99926661
-0.99902324
-1.000712
-0.99762591
-1.0004629
-0.99870322
-0.99924937
-0.99963307
-1.000233
-1.0000928
-1.0001627
-1.0003702
-1.0003335
-1.0006446
-1.0002225
-1.0004791
-1.0001954
-1.0007461
-1.0002793
-1.0001145
-1.0012473
-1.0002116
-1.0003594
-1.0002465
-1.0012083
-1.0001635
-1.0002183
-1.0000578
-1.000865
-0.99952264
-1.0010179
-1.000547
-0.9990088
-0.99961011
-0.99947878
-0.99756503
-1.0002747
-0.99900358
-0.99986689
-0.99853954
-0.99995972
-0.99873866
-1.0004908
-0.99861638
-1.0008562
-1.0011318
-1.0007505
-0.99850684
-1.0009536
-0.99892813
-1.0002398
-0.997902
-0.99906513
-0.99973045
-1.0005963
-0.99996576
-0.99964333
-0.99890725
-1.0005727
-0.9996216
-1.0006881
-0.99928388
-1.0002486
-1.0005958
-1.0002311
-1.0004907
-1.0007835
-1.0002198
-1.0005811
-1.0005653
-1.0013171
-1.0002435
-1.0008697
-1.0004914
-1.0009089
-1.0004119
-1.000127
-1.0002181
-0.99995736
-1.0006286
-1.0004312
-1.0000709
-1.0000099
-1.0006736
-1.0000734
-0.99952077
-0.99987543
-0.9994175
-1.0002035
-1.000147
-1.0009958
-0.99926225
-0.99943055
-1.0001925
-0.99823084
-0.9988311
-0.99897554
-0.99979842
-0.99882581
-1.0009657
-0.99872613
-1.0011709
-0.9990009
-0.99972678
-1.0012074
-1.0008344
-0.99950956
-1.0009195
-0.99990166
-1.0005751
-1.0001188
-1.0007755
-1.000748
-1.0000483
-0.99973199
-0.99917876
-0.9989102
-0.99982359
-1.0009296
-1.0002665
-0.99916974
-1.0001188
-1.0002078
-1.0003508
-1.0001486
-1.0010422
-0.99981521
-1.0001937
-0.99969332
-0.9994737
-1.0003096
-0.99952258
-1.0004938
-1.0004179
-0.99989972
-0.99996761
-0.99976962
-1.0007572
-0.99943582
-1.0010281
-0.99974511
-1.0003944
-1.0000664
-0.9994687
-1.0012497
-0.99916548
-1.0004984
-1.0007661
-0.99893319
-0.99976691
-1.0005585
-1.0000601
-1.0000543
-0.99938853
-1.0002234
-0.99972779
-1.0000689
-0.99967643
-0.99923721
-0.99985191
-0.99947785
-1.0000191
-0.99814403
-1.0013278
-1.0004432
-1.0004684
-0.99975451
-0.99934729
-0.99989421
-0.99958413
-0.99916578
-1.0007416
-1.0000414
-1.0010654
-0.99970408
-0.99914304
-1.0007072
-0.99909749
-1.001011
-0.99880819
-1.0007832
-1.0001172
-1.0003093
-0.99964116
-0.99892272
-0.99917174
-1.0001225
-0.99997191
-1.000002
-0.99972885
-0.99980554
-0.99939644
-1.0003805
-0.99943675
-0.99989446
-0.99977271
-0.9984019
-0.99977951
-1.0001452
-1.0005615
-1.0005963
-1.0007943
-1.0002241
-0.99962214
-0.9985685
-0.99993872
-1.0002015
-0.99910531
-1.000325
-0.9995779
-1.0004184
-0.99965904
-1.0005782
-1.0001745
-0.99935098
-1.0012834
-1.0000533
-0.99993933
-1.0001919
-0.99960531
-1.0005994
-0.9990842
-1.0013513
-0.99885929
-1.0001066
-0.99921472
-1.0010161
-0.99952706
-1.0003428
-1.0005899
-1.0004115
-1.0010965
-0.9995894
-1.0000701
-1.0004263
-0.9998846
-1.0005686
-0.99930131
-1.0001288
-0.99953449
-1.000218
-0.99976642
-0.9996518
-1.0008236
-0.9998506
-1.0004236
-0.99999892
-0.99999086
-1.000198
-1.0004101
-1.0001723
-0.99958618
-0.99969851
-1.000406
-1.0010209
-0.99961825
-1.0007858
-1.0003245
-0.99955626
-0.99872251
-0.99974998
-1.0000243
-1.0003236
-1.0001852
-0.99913238
-0.99955668
-1.0002672
-1.0001197
-0.99985236
-1.0010973
-0.99978985
-1.00048
-1.0001295
-1.0004773
-1.000137
-0.99976549
-1.0006518
-1.0011416
-0.9993048
-0.99920903
-1.0007496
-1.0003423
-0.99921956
-0.9995403
-0.99903383
-0.99913824
-0.99911234
-0.99947494
-1.0009722
-1.0007328
-1.0005985
-0.99977386
-1.0004379
-1.0001284
-1.0003486
-0.999317
-1.001171
-0.99975313
-0.9986708
-0.99882308
-1.0005775
-0.99915169
-0.99977912
-1.0010737
-0.99995495
-1.0008202
-0.99964696
-1.0002536
-0.9999643
-0.99912514
-1.0000736
-1.0000888
-1.0008888
-1.00007
-1.0001699
-1.0002231
-0.99942685
-0.99989545
-1.000932
-1.0006713
-1.0003194
-1.000896
-0.99896736
-0.99992309
-0.99933828
-1.0001549
-0.99982109
-0.99977336
-1.0002584
-0.9996438
-0.9993422
-0.99961525
-0.99914371
-0.99992564
-0.99922489
-0.99995903
-0.99929749
-0.9992773
-0.99896214
-0.99912562
-1.0007985
-1.000415
-1.0015873
-0.999879
-0.99917577
-0.99924242
-0.99955802
-0.99966455
-1.0003508
-0.9987158
-1.0002678
-1.0002111
-0.99993789
-1.00078
-1.0013137
-1.0013166
-1.0006697
-1.0011698
-0.99951633
-1.0000249
-1.000127
-1.0004685
-0.99889886
-1.0002901
-0.99997502
-0.99974616
-1.0000568
-1.0002284
-0.99949732
-0.9997878
-1.0002464
-0.99953046
-0.99902063
-0.99983802
-0.99972941
-0.99957664
-1.0000646
-0.99944633
-0.9991891
-1.0003936
-1.0006149
-0.99963156
-0.99984721
-1.0000491
-0.9994582
-1.0000264
-0.99977697
-1.0002568
-1.000571
-1.0002272
-1.0007199
-1.0003753
-1.0004802
-0.99850758
-0.99939533
-0.99854168
-0.99940384
-0.99878108
-1.0001798
-0.99809531
-1.0001188
-0.99815644
-0.99954578
-1.0006671
-0.99987153
-1.0008351
-1.0003789
-0.99896318
-0.9994086
-1.0010002
-0.9996365
-1.0007815
-1.000889
-1.0001742
-1.0007202
-1.0002335
-1.0007168
-0.99994949
-0.99888104
-0.99993008
-0.99977082
-1.0004022
-0.99829282
-0.9999617
-0.99874996
-0.99996259
-1.0005955
-1.001112
-1.0006668
-1.0005363
-1.0008887
-1.0002479
-0.99935066
-1.0002943
-0.99840617
-0.99986928
-0.99853972
-1.0008815
-0.99870938
-0.99929247
-1.000567
-1.0007584
-1.0006173
-0.99982142
-1.0007516
-1.0006753
-1.0009886
-0.99951098
-0.99951839
-0.99925252
-1.0010836
-1.0005361
-1.0000862
-0.99979934
-0.99961357
-1.0011917
-1.0002159
-1.0013374
-1.0001105
-0.99956274
-1.0000435
-0.99996374
-1.0013178
-1.0005232
-1.0011336
-0.9995922
-1.0007961
-0.99928799
-0.99871098
-1.0004221
-0.99924961
-1.0005348
-0.99959433
-1.0005769
-1.0000102
-0.99835375
-1.0000988
-0.9989871
-0.9995705
-0.99858511
-1.0002787
-0.99857187
-1.000472
-1.0003745
-1.0006861
-0.99962408
-1.0008352
-0.9998488
-1.0004276
-0.99846099
-1.0011105
-0.99913366
-0.99960248
-0.99879882
-0.99940603
-0.9976041
-1.0000429
-1.0009048
-0.99983464
-0.99948056
-0.99962285
-1.0005213
-0.99945219
-0.99909053
-0.99916835
-1.0006239
-1.0016192
-1.000579
-1.0004573
-1.0002949
-1.0000199
-1.0007625
-0.99977389
-1.0005575
-1.0014439
-0.99972143
-1.0007784
-0.99980959
-1.0003171
-0.99961312
-0.99877003
-0.9995339
-0.99943563
-1.0000204
-1.0011146
-1.00031
-0.99813401
-1.0006537
-0.99867906
-1.000657
-0.99882673
-1.0006742
-0.9993562
-0.99857516
-1.0010191
-0.99918421
-1.0009341
-1.0000391
-1.0002695
-0.99804105
-0.99995041
-0.99881524
-0.9991919
-0.99874375
-1.0001673
-0.99860709
-0.99976834
-1.0003008
-0.99969297
-1.0008283
-1.0004321
-1.0010917
-0.99964705
-1.0000252
-0.99944181
-0.99946084
-1.0000936
-0.99973488
-1.0007526
-1.000317
-1.0007876
-1.0010297
-1.0001586
-1.0013697
-1.0003901
-1.0008604
-1.0007544
-1.0001444
-1.0005098
-1.0006303
-1.0002613
-0.99942021
-1.0009387
-1.0006586
-1.0010237
-0.99962247
-1.0007259
-1.000152
-1.0008983
-1.0004277
-1.0003089
-1.0000941
-0.9995441
-0.9995045
-0.99845506
-0.99894404
-0.99894006
-1.0006489
-1.0007387
-1.0010656
-0.99896389
-1.0005814
-0.99886503
-1.0003564
-1.0006991
-0.99829881
-1.000316
-0.99905799
-1.0003399
-0.99982005
-0.9991708
-0.99865303
-0.99929729
-0.99887788
-1.0001123
-0.99943989
-0.99984829
-1.0003763
-1.0006247
-1.0008644
-1.0001027
-1.0006841
-1.0004224
-0.99945627
-1.000245
-1.0006398
-1.0004124
-1.0009552
-1.0008099
-1.0003925
-1.0010571
-1.0004125
-1.0011702
-1.0004357
-1.0011622
-0.99914302
-0.99852703
-0.99980391
-0.9994449
-0.99911065
-0.99900088
-0.9999382
-0.99916426
-0.99929827
-0.99874513
-0.9993056
-0.99932961
-1.0013948
-1.0014178
-0.99993392
-0.99892067
-0.99973662
-0.9995227
-0.99904777
-0.99875143
-1.0002938
-0.99907707
-0.9999171
-0.99988137
-0.99985842
-0.99894373
-0.99962835
-1.0008796
-1.0006207
-1.0006206
-1.0002506
-1.0007019
-1.0009785
-1.000094
-1.0001978
-1.0011865
-1.0006004
-0.99945842
-1.0010966
-1.0005144
-1.0003613
-1.0011018
-0.99918754
-1.0006088
-1.0004691
-1.0003236
-1.0001671
-0.99925085
-0.99945101
-1.0007211
-0.99878035
-0.99996709
-0.99913434
-0.99911997
-0.99974916
-0.99959257
-0.9984633
-1.0007277
-1.0015891
-1.0011465
-0.99968488
-0.99935175
-1.0003302
-0.99926382
-1.0009581
-0.99866486
-0.99997201
-0.99878975
-0.99882433
-1.0001869
-1.0004368
-1.0004805
-0.9994372
-1.0011157
-1.0006865
-0.99895115
-1.0001621
-0.99972818
-1.0005544
-1.0006413
-1.0010646
-0.99994905
-1.0011201
-1.0011761
-1.0000486
-0.99894797
-1.0011602
-1.0003593
-0.99984151
-0.99911685
-1.0001943
-1.0005009
-0.99948258
-1.0004924
-0.99998124
-0.99912529
-0.99901824
-0.99936551
-0.99921981
-0.99926122
-0.99845816
-1.0003652
-0.99841854
-1.0010228
-0.99942608
-1.0002983
-1.0004704
-1.0001815
-1.0002544
-1.0008252
-1.0006213
-1.000676
-1.0006595
-1.0002452
-0.99824113
-1.0013742
-0.9987258
-1.0001906
-0.99912632
-1.0001057
-0.9982704
-1.0000785
-0.99844124
-1.0001941
-1.0010314
-1.0000771
-1.0001128
-0.99981255
-1.0003161
-1.000488
-1.0006178
-1.0006722
-1.0009263
-1.0014589
-1.000104
-0.99940261
-1.0001125
-1.0003927
-1.0000019
-1.0002228
-0.9989302
-1.0000112
-1.0006128
-1.0005126
-0.9992419
-1.0007591
-0.99845417
-1.0005939
-0.99840623
-0.99917981
-0.99863381
-1.0005862
-0.99862374
-1.0001819
-0.99926147
-1.0000382
-1.0003702
-0.9982371
-1.0003064
-0.99865582
-0.99998316
-0.99837721
-1.0005912
-0.99871066
-0.99971391
-0.99885266
-0.99969235
-0.99972036
-1.0007239
-1.0009989
-0.99870986
-0.99948825
-1.0010425
-1.0007257
-1.0001482
-0.99996908
-1.0006823
-0.99958326
-1.000553
-1.000626
-1.0010122
-1.0002962
-1.0017048
-0.99979943
-1.0002585
-1.0001236
-0.99926948
-1.0007288
-0.99971861
-1.0006887
-0.99934709
-0.99837499
-0.99944574
-0.99965464
-0.99773903
-1.0004955
-0.99837855
-1.0000884
-0.99915099
-0.99993548
-0.99903794
-1.0005648
-0.99876922
-1.0000487
-1.0003019
-1.0003232
-0.99935066
-1.0002483
-1.0002179
-0.99806446
-1.0012022
-0.99858228
-0.99930146
-0.99819156
-0.99988085
-0.99939133
-1.0011571
-0.999965
-0.99967883
-0.99895219
-1.0005794
-0.9999844
-1.000638
-0.99928315
-0.99878167
-0.99933815
-1.0009172
-1.0003339
-1.0002401
-1.0006883
-1.0009175
-1.0006446
-1.0006767
-1.0003086
-0.99858924
-1.0016712
-0.9998012
-0.99881583
-0.99923399
-1.0009094
-0.99987736
-0.99942236
-1.0006959
-0.99851186
-0.99967515
-0.99815518
-1.0003836
-0.99874898
-1.0007326
-0.99823295
-1.0005751
-0.99857417
-0.99947142
-1.0009405
-1.000725
-1.0010217
-1.000491
-1.0013127
-0.99951838
-1.0000693
-1.0004257
-1.0020877
-0.99956961
-0.99950986
-1.0005508
-1.0005671
-0.99959064
-1.0004637
-0.99958351
-0.99972797
-1.0003505
-1.0004213
-0.99983031
-0.99969404
-1.0000512
-0.99940072
-1.0006759
-1.0000708
-1.0007218
-1.0002015
-1.0006666
-0.99935511
-0.99969303
-1.0002793
-1.00082
-1.0010244
-1.0012492
-1.001153
-1.0003457
-1.0016058
-1.0006815
-1.0012115
-1.0002192
-1.0015019
-1.0005904
-1.0011104
-1.0013556
-1.0004493
-1.0003193
-0.99982092
-0.99990062
-0.99954976
-0.99980811
-0.99999729
-1.0001045
-1.0005874
-0.99994052
-1.0000632
-1.0003966
-1.0003789
-0.99995671
-0.99935488
-0.99985699
-1.0007545
-1.0006755
-1.0009311
-1.0010796
-1.0006136
-1.0006064
-1.0004014
-1.0008809
-1.0009073
-1.0010521
-1.0009414
-1.0010276
-1.0009211
-1.0006473
-1.000254
-1.000788
-1.0008391
-1.0004532
-1.0007652
-1.0010511
-1.0006742
-1.0009016
-1.0007729
-1.000596
-1.0002718
-1.0007897
-1.0006788
-0.99828654
-1.0007186
-0.99972507
-1.0011663
-1.0002188
-0.99931963
-1.0001176
-0.99877812
-1.0007991
-0.99943692
-1.0008327
-1.0007662
-1.0004411
-0.99991992
-1.0012088
-0.99966514
-0.99953539
-0.99948651
-0.99973405
-1.0001353
-1.0009039
-0.999152
-1.0001918
-1.0005815
-1.0009925
-0.99868272
-1.0005723
-1.0001695
-1.0003082
-1.000878
-0.99953579
-1.0000871
-1.0000878
-1.0003957
-1.0000054
-0.99972823
-1.0004309
-1.0000591
-0.99960524
-0.99967617
-1.0000742
-0.99967415
-0.99939819
-1.0008327
-1.0003878
-0.99855409
-1.0002123
-0.99971222
-1.0002945
-0.99974026
-0.99911577
-0.99854207
-0.99997093
-0.99975427
-1.0001025
-0.99961646
-0.99981768
-0.99843554
-0.99896142
-1.0007528
-1.0009097
-1.0004399
-1.0013898
-1.0003176
-1.0005804
-1.0008378
-0.99915537
-1.0004123
-0.99949478
-1.0002344
-0.99919511
-1.0001651
-0.99962063
-1.0000386
-0.99962587
-0.99912242
-0.99899827
-0.9996282
-0.99987464
-1.000496
-0.9991652
-1.0000524
-0.99893578
-1.0006484
-1.0004225
-1.0009378
-1.0011918
-1.0002917
-1.0008627
-1.0007654
-0.99975936
-1.0001416
-1.0004705
-1.0004472
-0.99924341
-0.99986889
-0.99919776
-0.99935347
-1.0001881
-0.99899318
-0.9992278
-1.0003629
-0.9998555
-0.99932484
-1.0008968
-0.99948646
-1.0005361
-1.0003724
-0.99900352
-1.0006149
-0.99989925
-0.99974849
-1.0002599
-0.99989991
-0.99999051
-0.99981643
-0.99894354
-0.99958133
-0.99998926
-1.0003766
-0.99978844
-1.0003422
-0.99968467
-0.99934388
-1.0002148
-0.99937718
-1.0011113
-0.99871877
-1.0013142
-0.9997221
-1.0006687
-0.99990422
-0.99935526
-1.0002633
-0.9993665
-1.0009412
-1.000021
-1.0002088
-0.9992317
-0.99961078
-1.0003249
-1.0012955
-0.99959925
-1.0000462
-0.99957348
-1.0009213
-0.99955448
-1.0002953
-1.0007998
-1.0001836
-0.99955684
-0.99974425
-0.99853688
-1.0003549
-0.99810075
-0.99997883
-0.99898216
-0.99946596
-0.99882919
-1.0005857
-1.0005926
-1.0002183
-0.99934634
-1.0001043
-1.0004354
-1.0008175
-1.0005088
-1.000304
-1.0000482
-0.99912322
-0.99922341
-0.99978442
-0.99978395
-0.99901192
-1.0001014
-0.99857129
-1.0000626
-0.99875131
-0.99974977
-0.99869308
-1.0005156
-1.000976
-1.0003481
-0.99875345
-0.99975783
-0.99941606
-1.0002389
-1.0000465
-1.0003003
-0.99867605
-0.99991911
-0.99898572
-1.0001084
-0.99825123
-1.0002429
-1.0002759
-1.0012174
-0.99955968
-0.99956658
-0.99973515
-1.0009051
-1.0010112
-1.0000969
-1.0009451
-1.0004153
-0.99969803
-1.0008516
-1.0006427
-0.99999851
-0.99891362
-1.0005923
-0.99852646
-0.99961618
-0.99812406
-1.0004116
-0.99937941
-1.0003455
-0.99828489
-0.99921472
-0.99905458
-0.99918588
-1.0003353
-0.99806307
-1.0003882
-0.99878014
-1.0004017
-0.99844485
-1.0005045
-0.99992446
-1.0001491
-1.0009184
-0.99923842
-0.999491
-1.0006354
-1.0011724
-0.99934543
-1.000833
-0.99957459
-1.0004456
-0.99995604
-0.99931154
-1.0014945
-0.99935054
-1.0003804
-1.0002138
-1.0008227
-0.99922443
-1.0008751
-1.0003036
-1.0005575
-1.0008687
-0.99945969
-1.0005794
-0.99874603
-1.000333
-0.99880432
-1.0010816
-0.99912633
-0.9991637
-0.9992224
-0.99895081
-0.99942471
-1.0006627
-0.99967614
-1.0008787
-1.0006203
-1.0004731
-0.99972763
-0.99973032
-0.99841966
-1.0005861
-0.99851147
-0.99990287
-0.99899898
-0.99988751
-0.99947529
-0.99975126
-1.0004557
-0.99996101
-1.0008469
-1.0005198
-0.99864501
-0.99944377
-1.0000831
-1.0000797
-1.0002046
-0.99976971
-0.99972318
-1.0003824
-1.0003361
-1.0003333
-1.0002616
-1.0008241
-1.0007907
-1.0000309
-0.99985271
-0.99928299
-0.99810621
-1.0008656
-0.99868301
-0.99940709
-0.99891612
-1.0009833
-0.99958243
-0.99962941
-0.99937327
-0.99958959
-0.99904722
-0.99935993
-1.0000358
-0.99927586
-0.99944517
-0.99826433
-1.0010524
-0.99852233
-1.0008663
-0.9998335
-1.0000537
-0.99841636
-1.0003071
-0.9994195
-0.99913813
-0.99986383
-1.0006487
-0.99910975
-0.99847378
-1.0003124
-0.99956292
-1.0003338
-1.0007238
-1.0005125
-1.0003664
-1.0004748
-1.0008233
-1.000968
-1.0000016
-1.0000437
-0.99977324
-1.0004164
-1.0005047
-1.0002251
-0.99919331
-1.0006076
-1.0007267
-0.99867222
-1.0006772
-0.99823302
-1.0012692
-0.99919605
-1.000938
-0.99817077
-1.0000172
-0.99948153
-1.0005409
-0.99908832
-1.0005341
-0.9994182
-0.9982807
-1.0005658
-0.99952117
-1.0014498
-0.99867612
-1.0000794
-0.99847949
-1.0007669
-1.0003652
-1.0005382
-0.99845991
-0.99998926
-0.99855959
-0.99981954
-0.99886696
-1.0004659
-1.0009039
-1.0011073
-1.0010272
-0.99972452
-0.9999008
-1.0004
-1.0014149
-1.0004207
-0.99950409
-0.99985308
-1.000185
-0.99990485
-0.99929011
-1.0006009
-1.0000642
-0.99954709
-1.0003193
-0.99947504
-0.99944376
-0.99911531
-0.99909218
-1.0006749
-0.99993085
-1.0004655
-1.0005177
-0.99996497
-1.0000365
-0.9997469
-0.99887609
-1.000414
-1.000953
-0.99910494
-0.99765601
-0.99846458
-0.998988
-0.99994969
-1.0001613
-1.0003889
-0.99914791
-1.0003323
-0.9986351
-1.0012193
-0.99919746
-1.0008953
-1.0001301
-1.0010714
-0.99988919
-1.0003946
-1.0003104
-0.99954256
-1.0002573
-0.99967979
-1.0000331
-0.999739
-1.0001222
-0.99922415
-0.99892125
-0.99871566
-0.99883266
-0.99895745
-1.000199
-0.99909341
-0.99911503
-0.99857354
-0.99969718
-0.99931157
-0.99995533
-1.0014253
-1.0005209
-1.0008019
-1.0007671
-0.99998401
-1.0000355
-0.99910533
-0.99970378
-1.0005594
-0.99978908
-0.99899517
-0.9993742
-0.99887786
-0.99901968
-0.99919007
-0.99903149
-0.99888098
-0.99978824
-0.99866846
-1.0001349
-0.99889803
-0.99980365
-0.99998984
-0.99851122
-1.0001549
-0.99872725
-1.0007543
-0.99883124
-0.99986708
-0.99874692
-0.9996259
-0.99941791
-1.0003651
-0.99929802
-1.0007223
-0.99952066
-1.0006947
-1.0004929
-1.0005365
-0.99891215
-0.99925759
-1.0012264
-1.0010902
-1.0011658
-1.0009632
-0.99905242
-0.99984602
-0.99884641
-0.9987773
-0.99804775
-1.0007046
-0.99876761
-1.0009321
-0.9986132
-0.99999219
-0.99904703
