-1.0004721
-0.99925806
-0.99972936
-0.99866982
-0.99918901
-0.99959486
-1.0002319
-0.99932935
-1.0001149
-0.99801545
-0.99928121
-0.99917766
-0.99953872
-0.99990882
-1.0009288
-0.99874543
-0.99969991
-1.0001141
-0.9997437
-0.99941459
-0.99980554
-0.99927624
-1.0000655
-0.99898555
-0.99984918
-0.99883061
-0.99956505
-0.99876901
-0.99977055
-1.0004816
-0.99997486
-0.9995857
-1.0001369
-1.0002362
-1.0003416
-1.0005698
-1.0002833
-1.0000803
-0.99982474
-1.0001735
-0.99979096
-0.99990378
-1.0001343
-0.99951409
-0.99867398
-0.99986549
-0.99845204
-1.000665
-1.0009167
-1.0003247
-0.99984965
-1.0003135
-1.0001202
-0.99939833
-1.0005883
-0.99963033
-0.9999353
-0.99941459
-0.99877272
-0.99954921
-0.99941516
-0.99940029
-0.99939139
-1.0000947
-0.9992702
-0.99943556
-1.000277
-0.99955613
-0.99917104
-1.0002282
-0.99901948
-0.99943177
-0.99879204
-0.99940249
-0.9988516
-0.99939806
-1.000739
-0.99941977
-0.9989407
-1.0008965
-1.0005083
-0.99994195
-1.0004247
-0.99969862
-1.0004124
-0.99954011
-0.99995394
-0.99864773
-0.99853362
-0.99998515
-0.99963327
-1.0003779
-0.99961756
-0.9990615
-0.99970826
-0.99940791
-0.99903821
-1.0001245
-1.0002159
-1.001726
-0.99881418
-0.99941153
-1.0000081
-0.99877613
-0.9998993
-0.99790744
-0.99941473
-0.99985458
-0.99971915
-1.0005721
-1.0008336
-1.0004667
-0.99882938
-1.0001237
-1.0003371
-0.99926791
-0.99829168
-1.0002218
-1.0010869
-0.99893309
-1.0006967
-1.000099
-0.99895563
-0.99972785
-0.99946974
-0.99987906
-0.99971751
-0.99934736
-0.99967977
-0.99965934
-1.0008972
-1.0000492
-0.99948049
-1.0001393
-0.99965172
-0.99991731
-1.0007758
-0.99926659
-0.99990923
-1.0002043
-1.0000803
-0.99949276
-1.0000724
-0.99924527
-1.0010895
-0.99966252
-0.99944458
-0.99965381
-0.99915655
-0.99904031
-0.99972986
-1.0002912
-1.0002297
-1.0000321
-0.99892241
-0.9997596
-0.99942032
-0.99842301
-1.0006354
-0.99753354
-0.99977358
-0.99803333
-0.99952465
-0.99928162
-0.99948463
-0.99960956
-1.000162
-0.9999231
-1.0001672
-1.0003995
-0.99990356
-1.0006285
-0.99859904
-1.0007694
-1.000423
-1.0008087
-1.0008253
-1.000503
-1.0007409
-0.9993546
-1.0003231
-0.99939822
-0.99978136
-0.99955571
-0.99979121
-0.99986735
-1.0001241
-0.9981955
-0.99938292
-0.99927495
-0.99931482
-1.0001966
-0.99885803
-0.99910764
-0.99891263
-1.0004849
-0.99905735
-0.99942431
-0.99907296
-0.99988014
-0.99909846
-0.99984328
-1.0000832
-1.0003913
-0.99987773
-0.99980337
-1.0003172
-0.99996469
-1.0011607
-1.0005635
-0.99989861
-1.0008653
-1.0000383
-1.001411
-1.0003726
-1.0001701
-0.99992913
-1.0002391
-0.99974738
-1.0006945
-1.0004413
-1.0008391
-1.0003
-0.99994293
-0.99980651
-0.99957855
-1.0005173
-0.99923661
-1.0004328
-1.000564
-0.99938724
-1.0001628
-0.99993125
-0.99859655
-0.99962541
-0.99870439
-0.9985876
-0.99806729
-1.0000923
-0.99911791
-0.99975922
-0.99938363
-0.99994218
-1.0006849
-0.99796415
-0.99982013
-0.99797339
-0.99964098
-0.99781033
-0.99890303
-0.99853154
-1.0004422
-0.99967594
-0.99983001
-1.0001964
-0.9990127
-1.0006125
-1.0009105
-1.0009777
-1.0003756
-0.99934239
-0.99995002
-1.0008504
-0.99951149
-1.0003372
-0.99937803
-1.0002074
-1.000561
-0.9992504
-0.99975346
-0.99994225
-1.0005772
-0.99963138
-0.99831871
-0.9991066
-0.99893535
-0.99952227
-0.99843512
-0.99943606
-0.998811
-0.99980665
-0.99934223
-1.0002406
-1.000735
-0.99813385
-0.99970416
-0.99940449
-0.99895555
-0.99781394
-0.99968013
-0.99855301
-0.99939943
-0.99860438
-0.999184
-0.99905844
-1.0004795
-0.99956932
-1.0002682
-1.0000605
-1.0001598
-0.99994708
-0.99997196
-1.0003173
-1.0000585
-1.0002437
-1.0005186
-1.00064
-1.0004616
-0.9990847
-1.0003994
-0.99980221
-0.99853783
-0.99973445
-0.99854145
-0.99967189
-0.99858564
-1.0004566
-0.99971562
-0.99959444
-0.99852043
-1.0001871
-0.99952056
-0.99965224
-0.99980725
-1.0007466
-0.99837481
-0.99962496
-0.99821621
-0.99975267
-0.99831738
-0.99924616
-0.99929305
-0.99953403
-1.0000317
-0.99866201
-1.0001532
-1.0000844
-1.0003294
-1.0000179
-1.0004308
-1.0004206
-1.00072
-1.0003342
-1.0006139
-0.99846592
-0.99860682
-0.99773092
-0.99928689
-0.99892844
-0.99929255
-0.99914839
-0.99974044
-0.99959075
-0.99992779
-0.99902211
-0.99925495
-0.99985153
-0.99987607
-1.0002719
-0.99944266
-0.99986684
-1.000019
-0.99949112
-1.000027
-0.99901307
-0.99976748
-1.0002435
-0.99872113
-0.99925754
-0.99975196
-0.99915559
-0.99983646
-1.0003608
-0.99866285
-0.99949514
-1.0001009
-1.0001658
-1.0008554
-0.999016
-0.99925264
-0.99991731
-1.0002865
-1.0003799
-0.99973479
-0.99960758
-1.0018077
-0.9992366
-0.99943189
-0.99871761
-0.99984632
-0.99794147
-0.99946404
-0.99856124
-0.99864461
-0.99968381
-0.99921781
-1.0002278
-1.0007601
-1.0006165
-1.0002266
-1.0006605
-1.000122
-1.0004316
-1.0013852
-0.99931272
-1.0004369
-0.9999814
-1.0006833
-0.99994563
-1.0003981
-1.0008473
-1.0002822
-1.0012687
-1.00016
-0.99948012
-1.000332
-0.99795985
-1.0006265
-0.99934425
-1.0007756
-1.0009472
-1.000259
-0.99967491
-1.000164
-0.99982483
-0.99953354
-0.99887525
-1.0008063
-0.99866961
-0.99991366
-0.99932731
-0.99881997
-0.99846082
-1.0000703
-1.0014703
-1.0000377
-0.99876505
-0.99934618
-0.9987076
-0.99978593
-0.99855422
-0.99948502
-0.99864197
-0.99950686
-0.99967521
-1.0013078
-1.0005546
-1.0003691
-0.99918579
-1.0006041
-0.9990678
-1.0006937
-0.99896527
-1.0006965
-0.99964921
-1.0002903
-1.0004081
-1.0008208
-1.000077
-0.99981211
-1.0009868
-0.99947114
-1.000424
-0.99934076
-0.99892759
-1.0008201
-0.99890182
-0.9997181
-0.99889304
-0.99876477
-1.0012051
-1.0007757
-0.99939486
-0.99872339
-0.9990147
-0.99815213
-0.99988983
-0.99928828
-0.99940138
-1.0002553
-0.99957717
-1.0006465
-1.0010457
-1.0009847
-1.0003964
-1.0002823
-1.0003594
-0.99860188
-1.000486
-1.0007859
-0.99918827
-0.99911413
-0.99940998
-0.99876256
-0.99942641
-0.99906197
-1.000217
-0.99924133
-0.99928245
-0.99909668
-0.99965596
-0.99944247
-1.0005671
-0.99925371
-1.0004126
-0.99916932
-1.0008348
-1.0015035
-1.0007
-0.99937069
-1.0002149
-1.000196
-1.0000986
-0.9998358
-0.99997819
-1.0003347
-1.0010888
-0.99861584
-1.0005409
-0.99906386
-1.0005057
-1.0008047
-1.0002156
-0.99836267
-0.99923876
-0.99940277
-0.99857724
-0.99794502
-1.0001284
-0.99869799
-0.99940998
-0.99791047
-1.0004396
-0.99916144
-1.0005044
-0.99874666
-1.0008031
-1.0007205
-1.0005557
-0.99890911
-0.99846097
-0.99846144
-1.0001338
-0.99782983
-1.0003503
-0.99878366
-0.99979455
-0.99936904
-0.99903215
-1.0005971
-0.99954573
-1.0005861
-1.0007323
-1.0002708
-0.99848477
-1.0003724
-0.99861554
-1.0007884
-0.99974224
-1.0006168
-1.0006187
-0.99988071
-1.0005402
-1.0001861
-1.0005222
-1.0001425
-1.0005721
-1.0001388
-1.0008819
-0.99962233
-1.0007561
-0.99914596
-1.0002844
-0.99936214
-1.0004591
-1.0007962
-0.99866505
-0.99934048
-0.99907397
-0.99901933
-0.99845202
-0.99963983
-0.99867216
-0.99890838
-0.99880634
-0.99976467
-0.99904864
-0.99964543
-1.0007756
-0.99891058
-0.99980365
-1.0009277
-0.99965741
-0.99871531
-0.99915917
-0.99945027
-0.99970726
-0.99904538
-0.9990505
-0.99862945
-0.99942654
-1.0007731
-1.0011801
-1.0014988
-0.99884106
-0.99913768
-0.99937349
-0.99961753
-0.99899975
-0.99928329
-0.99961019
-0.99917815
-1.0005577
-0.99963518
-0.99980854
-1.0003333
-0.99956011
-1.0002593
-0.99932533
-0.99917011
-0.99940107
-1.000236
-0.99937967
-0.99895951
-0.9995264
-0.99947407
-0.99990888
-0.99950401
-0.99880601
-0.99944571
-0.99933009
-1.0002239
-1.0004506
-1.0000718
-0.99989932
-0.99948258
-0.9991743
-0.99863681
-0.99944141
-0.99990933
-1.0006431
-0.99908466
-0.99837249
-0.99948
-0.99947501
-0.99892349
-0.99927245
-1.0009849
-0.99996978
-1.0008177
-0.99970779
-0.99836854
-1.0003811
-0.99815898
-0.99958117
-0.99761976
-1.0005414
-0.99818179
-0.99931028
-1.0000749
-1.0007665
-1.0007926
-0.9994244
-1.0004562
-0.99900452
-1.0008482
-1.0002346
-1.0005788
-0.99990067
-1.0005024
-1.0009466
-1.0003728
-1.0007687
-1.0003464
-1.0009577
-1.0010369
-1.0002129
-1.0006493
-1.00053
-1.0009294
-1.0010087
-1.0008622
-1.0010825
-1.0002032
-1.000662
-1.0005777
-1.0003034
-1.001048
-1.0008622
-1.0010295
-1.0005292
-1.0008462
-0.99988607
-1.0009044
-0.9999904
-1.0003949
-1.000538
-0.99917494
-0.99979488
-1.0006511
-1.0006117
-0.9996098
-0.99944641
-0.99946252
-1.0007942
-0.99888317
-0.99851864
-0.99912742
-0.9981781
-0.99978794
-0.99947866
-1.0012626
-0.9992547
-1.0007799
-1.0007637
-1.0004435
-0.99805084
-0.99888412
-0.99818656
-0.9994112
-0.99817094
-0.99943036
-0.99854895
-0.99954037
-0.99889777
-1.0011018
-0.99890481
-0.99935569
-0.99829435
-0.99961866
-1.000375
-1.0002299
-0.99871246
-1.0013385
-1.001161
-1.0007489
-0.99911895
-0.99992209
-0.99885875
-0.99976791
-1.0001317
-0.99966265
-0.99930164
-1.0002538
-1.0005581
-0.99994667
-1.0004474
-0.99909282
-0.99989208
-0.99933994
-0.99897812
-1.000338
-0.99870078
-1.0003623
-0.99993105
-1.000151
-0.99852882
-0.99960326
-0.99892016
-0.99999244
-0.99866268
-1.0007196
-1.0014719
-0.99984584
-0.99797365
-0.99997807
-0.99873181
-0.99927206
-0.99764241
-0.99967861
-0.99972772
-1.0016213
-0.9985488
-1.0001662
-0.99931054
-0.99936434
-1.000673
-0.99854116
-0.99989034
-0.99902243
-1.0002891
-1.0004763
-0.99977785
-0.99909683
-1.0014675
-0.99971776
-0.9997891
-1.0000142
-1.0010195
-1.0006434
-1.0004503
-1.0009355
-1.0007015
-1.0010058
-1.0003481
-1.000438
-1.0007143
-1.0004825
-1.0005373
-1.0010847
-1.0002022
-1.0011986
-1.000847
-1.0012001
-1.0008086
-1.0006894
-1.000631
-0.99996312
-0.99939794
-0.99884925
-1.0004511
-0.99908368
-1.0005907
-0.99880044
-1.0003248
-1.0004096
-0.99969319
-0.99953209
-0.99831805
-0.99940452
-0.99898641
-1.0001293
-0.99869354
-0.99941855
-0.99856915
-0.99861481
-0.99857097
-1.0003845
-0.99979168
-1.0008526
-1.0012347
-1.0004192
-1.0003273
-0.99988614
-0.99869094
-0.99929798
-0.99860747
-0.99995448
-0.99925211
-0.99947254
-1.0000487
-0.99985926
-1.0001609
-1.0004703
-0.9999909
-1.0002684
-0.99819231
-1.0004631
-0.9995358
-1.0004045
-0.99890173
-1.0007726
-0.99960219
-1.0005664
-1.0001844
-1.0008004
-1.0013337
-1.0005094
-1.0007191
-1.0005271
-1.0008789
-1.0007838
-1.0008899
-1.0007809
-1.0006865
-1.0004606
-1.0007556
-1.0007103
-1.0004101
-1.0011559
-1.0001202
-1.0000997
-1.0006651
-1.0003163
-1.0008945
-1.0000463
-1.0001992
-1.0005624
-1.0005593
-1.0002841
-1.0010324
-1.0008539
-1.0002836
-1.0014122
-0.99915865
-1.0006406
-0.99808572
-1.00137
-0.99879536
-1.0012974
-0.99940017
-1.0007865
-0.99981798
-1.0007602
-0.99787766
-1.0008208
-0.99848773
-0.99994565
-0.99809708
-0.9988343
-1.0000712
-0.99998538
-0.9984335
-1.0007196
-1.0014703
-1.0001409
-0.99847538
-0.99969219
-0.99892251
-0.99903992
-0.99881415
-1.0006583
-0.99865715
-1.0000546
-0.99944039
-1.0001379
-1.0003755
-0.99933819
-1.0003365
-1.0003013
-0.99904986
-1.000485
-1.0004028
-0.99943899
-0.99951648
-0.99911136
-1.0005531
-1.0001019
-1.0017296
-1.0003132
-1.0004559
-1.0006455
-1.0019686
-0.99958849
-1.0005713
-0.99987856
-1.0012802
-0.99924268
-1.0005246
-0.99899968
-1.000441
-1.0004108
-1.000017
-0.99913127
-0.99866007
-0.99858467
-0.99959057
-0.99899903
-0.99941188
-0.99883248
-1.0007982
-0.99923478
-1.0002391
-0.99822092
-1.0010721
-1.0015353
-1.000529
-0.99871624
-0.99909164
-0.99810952
-0.99958984
-0.99914027
-0.9994112
-0.99889872
-0.99900071
-0.99855662
-1.0001072
-1.0006083
-1.0000795
-1.0002724
-0.99954505
-1.0021853
-1.0004923
-1.0002554
-1.0000619
-0.99971267
-1.0008358
-1.000517
-1.0002028
-0.99953212
-1.0007928
-1.0001147
-1.0004624
-1.0004699
-0.99963576
-0.99965928
-0.99975699
-0.99845474
-0.99996046
-0.9980396
-0.99941129
-0.99777047
-1.0005774
-0.99942267
-0.99995693
-0.99968837
-1.0010609
-1.0010485
-1.0006436
-1.0014949
-1.0005551
-0.9984015
-1.0005105
-0.99879822
-1.0003466
-0.99756485
-0.99917513
-0.99835244
-0.99971303
-0.99935494
-0.99953881
-0.99924697
-0.99870833
-1.0006643
-1.0005578
-0.99993728
-1.0015964
-0.99867039
-1.0007209
-1.0002415
-1.0005551
-1.00084
-1.0009312
-1.0018225
-1.0006317
-1.000304
-0.99994079
-0.99994415
-1.0004999
-1.0009047
-0.99847883
-1.000583
-0.9984385
-1.0006981
-0.99911569
-1.0007273
-0.99971053
-1.0007821
-0.99860852
-1.000355
-0.99926466
-0.99866348
-0.99950732
-0.99854
-1.0005951
-0.99789552
-1.0008174
-0.99894981
-1.0001076
-0.99907071
-0.99902919
-1.000614
-0.99993907
-0.99960003
-0.99917455
-0.99874727
-1.0007363
-1.0006969
-0.99886672
-0.99847109
-1.0001142
-0.99927584
-0.99886399
-1.0007861
-1.0000755
-0.99981388
-0.99885572
-1.0006767
-0.99873754
-0.99998175
-1.0007128
-1.0008332
-0.99899455
-0.99995036
-1.0007482
-1.0008558
-1.0005275
-1.0000319
-0.99854725
-1.0007977
-0.99920841
-1.0000551
-1.0001077
-1.0003866
-0.99954118
-1.000203
-1.0005701
-1.0006236
-1.0006837
-1.0003953
-1.0002722
-1.0007912
-1.000106
-0.99934808
-1.0004633
-0.99995022
-1.0009766
-0.99983648
-1.0000081
-0.99982023
-0.99869323
-0.99964433
-1.0009297
-1.0004147
-1.0004875
-0.99957667
-0.99903705
-0.99940187
-0.99902408
-1.0005129
-0.99926211
-1.0007443
-0.99932753
-1.0005528
-1.0006221
-0.99994621
-0.99993375
-0.99923095
-0.99881596
-0.99997073
-0.99899987
-1.0001063
-0.99879952
-0.99974391
-0.99951419
-0.99975347
-0.99960841
-1.0002814
-1.0002586
-1.0003376
-1.0003293
-0.99968703
-0.99995373
-1.0003177
-1.0002689
-1.0000853
-1.0004192
-0.99998185
-0.99980796
-1.0012922
-1.0012441
-1.000787
-1.0004997
-1.0019165
-1.0014302
-1.0005438
-0.99998405
-0.99994588
-0.99971735
-1.0003679
-1.0002747
-1.0012413
-0.99968939
-0.99979767
-1.0012495
-1.0005606
-1.000791
-0.99966872
-0.99880774
-1.0002972
-0.99959111
-0.99933945
-0.99974089
-0.9995828
-0.99908171
-1.0000913
-0.9992525
-1.0006955
-1.0006588
-1.0014783
-0.9991277
-1.0000903
-1.0012633
-1.0004684
-0.99904414
-1.0022709
-0.99861561
-1.0009579
-1.0003326
-0.99963087
-0.99979626
-0.9996298
-0.99912084
-0.99922527
-0.99892581
-1.0001427
-0.99943245
-0.99981706
-1.000071
-1.0010789
-1.0006222
-0.99968675
-1.0000926
-1.000099
-1.0001799
-1.001151
-1.0004773
-1.0004251
-0.99907034
-1.0005946
-1.0002361
-1.0004857
-1.0014527
-1.0004377
-1.0003667
-0.99902244
-0.99919411
-0.99935003
-1.0015077
-0.99929442
-0.99995373
-0.99874874
-1.00035
-0.99897828
-1.0001292
-0.99995892
-1.0006432
-0.99906456
-1.0012455
-1.0011107
-1.0005954
-0.99856542
-1.0005639
-0.99886267
-1.0002156
-1.0003817
-0.99996011
-0.99902395
-0.99959755
-0.99837321
-1.0007115
-1.0000112
-0.99901722
-0.99889872
-1.0001477
-0.99968283
-1.0003532
-0.99938489
-1.0004083
-1.0012033
-1.0008123
-0.99954282
-1.0009795
-1.0008473
-0.99955904
-1.000956
-0.99922041
-1.0014616
-1.0011783
-1.0008263
-0.99961628
-1.0005021
-1.0006907
-1.0001461
-1.0009596
-1.0006669
-0.99948084
-0.99911451
-0.99980655
-0.99905515
-0.99949283
-0.99859275
-1.0001007
-0.99860927
-1.0005732
-0.9989909
-1.0000549
-0.99987917
-1.0007554
-0.99866914
-1.0003258
-1.0003171
-1.000533
-0.99997709
-1.0001172
-0.99858488
-0.99970027
-0.99871587
-0.99990878
-1.0006891
-0.99903373
-0.99977148
-0.99961757
-0.99907004
-0.99949345
-1.0007931
-0.99919206
-1.0011468
-1.0001644
-1.0009204
-1.0005241
-1.0015979
-0.99962058
-1.0000343
-0.99917925
-1.0009699
-1.0000437
-1.0009975
-1.0009108
-1.0004571
-1.0004057
-0.99936616
-1.0002728
-0.99908932
-0.99990186
-0.99965308
-1.0011328
-1.0008049
-1.000386
-1.0005909
-1.0006691
-0.99987934
-0.99981984
-0.99849293
-0.9994581
-0.99929475
-1.0003665
-0.99997237
-1.0001437
-0.99896436
-1.000193
-0.99912612
-0.99906235
-1.0001369
-0.99982114
-0.99888128
-1.0004569
-1.0001725
-0.99934471
-0.99882694
-0.998828
-0.9988751
-0.99927314
-0.99961536
-0.9986057
-0.99931003
-0.99941697
-0.99908987
-1.0003161
-1.0000828
-0.99983267
-0.99855959
-0.99890351
-0.99966766
-0.99983012
-1.0005996
-1.0010931
-0.99927432
-0.99850365
-0.99987153
-0.99861848
-0.99964368
-0.99790257
-0.99936264
-0.9989819
-0.99977398
-1.0002799
-1.0007741
-1.0007202
-0.99983834
-1.0007468
-0.99974583
-1.0005285
-1.0004125
-0.99993395
-0.99945816
-1.0004921
-1.0010415
-1.0004747
-0.99995861
-1.0004691
-1.0003378
-1.0008205
-1.0005816
-0.99967579
-1.0002351
-1.0002768
-1.0002042
-1.0003208
-1.001026
-0.99992
-1.0006768
-1.0000062
-1.0001187
-0.99858161
-0.99983384
-0.99897845
-1.0002199
-0.99845352
-0.99955074
-0.99905346
-1.000468
-0.99997712
-1.0013267
-1.0007858
-0.99982431
-0.99956862
-0.99959146
-0.99932328
-0.99914615
-0.99990511
-0.99901099
-1.0005148
-0.99967609
-0.99971832
-1.0001879
-1.0001025
-1.0010207
-1.0002595
-1.0005649
-0.99959709
-1.000293
-1.0005507
-0.99918116
-1.0007548
-1.0002144
-1.0000585
-1.000575
-0.99855249
-0.99911247
-0.9982119
-1.0002733
-0.99873746
-1.0003659
-0.99936171
-0.99907616
-0.99947085
-1.0003551
-0.99923923
-1.0012429
-1.0005227
-1.0008128
-1.0001848
-0.99900578
-1.0010891
-0.99980537
-0.99883753
-0.9987975
-0.99946456
-0.99851379
-1.0004321
-0.99834933
-0.99961158
-0.99870586
-0.99962073
-1.0001326
-0.99965492
-1.0006646
-1.0012154
-1.000517
-1.0000042
-1.0015569
-0.99987472
-0.99952268
-1.0003391
-1.000283
-1.0001136
-1.0004975
-1.0008273
-1.0007532
-1.0000806
-0.9985497
-0.99940691
-0.99855464
-0.99990124
-0.99867435
-0.99985213
-0.99901495
-0.99953389
-0.99882103
-1.00033
-0.99924382
-1.0003903
-0.99851279
-1.000536
-1.0013409
-1.0009203
-0.99864975
-1.0002315
-0.99885405
-1.0003338
-0.99861423
-0.99974322
-0.99827243
-1.0000239
-0.99891053
-0.999486
-0.999934
-1.0006622
-1.001177
-0.99964982
-1.0007852
-1.0001386
-1.0010001
-1.0000182
-1.001346
-1.0010201
-1.0012066
-1.0002948
-1.0003258
-1.0011745
-0.99984736
-1.0004833
-1.0002912
-1.0005071
-1.0002693
-1.0007733
-0.99944288
-1.0005926
-1.0010081
-1.0011914
-0.99966958
-1.0001902
-0.99849439
-0.99912347
-0.99825199
-1.0000126
-0.99816473
-1.0010977
-0.99949295
-0.99980107
-0.99914448
-0.99935971
-0.99960956
-1.000618
-0.99945421
-0.9989567
-1.0016459
-0.99961422
-0.99941818
-0.9987654
-0.99977069
-0.99933981
-0.999985
-0.99976226
-0.99966737
-1.0000346
-0.99980016
-1.0008623
-1.0007903
-1.0001163
-1.0018337
-1.0000147
-1.0000087
-0.99998138
-1.0003984
-1.0005267
-0.99929898
-1.0004198
-0.99858385
-0.99898739
-0.99858067
-0.99982253
-0.99976492
-1.0001245
-1.0010333
-1.0001432
-1.0008756
-0.99986929
-1.0002907
-0.99974187
-0.9981604
-1.0002041
-0.99866066
-0.99908498
-0.9985772
-0.99970985
-0.99876143
-1.001672
-1.0000796
-1.0014556
-1.0004934
-1.0009176
-0.99945894
-0.99893956
-1.0005632
-1.0017035
-1.0006439
-1.0004376
-0.99877218
-1.0002864
-0.99844255
-1.0002923
-0.99895465
-0.99951282
-0.99833584
-1.0001004
-0.99865363
-0.9994188
-0.997825
-0.99951429
-0.99861818
-0.9993852
-1.0002474
-1.0003942
-1.0008913
-1.0003092
-1.000864
-1.0007785
-1.0006349
-1.0007442
-1.0001903
-0.99936947
-0.99992113
-0.99925033
-0.99972087
-1.0002724
-0.99997304
-1.0004917
-0.99914148
-0.99958182
-0.99987349
-0.99936907
-1.0012087
-1.0001329
-1.0009913
-1.0007263
-1.0003192
-1.0005124
-0.99938686
-1.0009404
-0.99983213
-0.99911369
-0.9983224
-1.0000398
-0.99823344
-0.99982681
-0.99897981
-0.99920383
-0.9994452
-0.99954939
-0.99825528
-0.99914839
-1.0007369
-1.000434
-1.0007418
-1.0006253
-0.99924862
-1.0002498
-1.0007849
-1.0001283
-1.0003632
-0.99911783
-0.99999261
-1.0008286
-1.0010458
-0.99873752
-1.0004032
-0.99982686
-1.0002726
-1.0012665
-0.99971197
-0.99841123
-0.99918611
-1.0012442
-0.99948276
-0.99884194
-1.0001672
-0.99921205
-1.0007049
-1.0008422
-1.0004622
-0.99954283
-1.000627
-0.99830332
-0.99959047
-0.99888646
-0.99975544
-0.99830018
-1.0006207
-0.99952341
-0.99916966
-1.0011828
-1.0005147
-0.99909466
-1.0006032
-0.99931456
-1.0009195
-1.000978
-1.0014082
-1.0001931
-1.0016557
-0.99929971
-0.99906732
-1.0003419
-0.99975141
-0.9986
-0.99987342
-0.99876471
-0.99963687
-0.99815117
-1.0000544
-0.99847826
-1.0015885
-0.99904386
-0.99930543
-0.99936237
-0.99944578
-0.99888516
-0.99905983
-0.99969606
-0.99857964
-1.0011581
-0.99926826
-0.99909983
-1.0008232
-1.0000126
-1.0001237
-1.0004093
-1.0017685
-0.99879286
-0.99935799
-0.9985912
-0.99943815
-0.9984478
-1.0000133
-0.99807537
-0.99942312
-0.99863476
-0.99961794
-1.000655
-0.99798739
-1.0001831
-1.0010796
-1.0007029
-1.0019704
-0.99953518
-1.00012
-1.00013
-1.0008025
-1.0002394
-1.0006817
-1.0008609
-1.0014062
-1.0002927
-1.0004451
-0.99994693
-1.00123
-1.0012876
-1.0002924
-1.0005383
-1.000629
-1.0006941
-0.99929086
-0.99956293
-0.99799886
-0.99999295
-0.99846971
-0.99934524
-0.99827802
-0.99941285
-0.99946157
-1.0004657
-0.99868371
-1.0002361
-1.0015462
-0.99954849
-0.99828843
-0.99968733
-0.99833442
-1.0002256
-0.99829746
-0.99975409
-0.99866997
-1.0006449
-0.99979647
-0.99903916
-0.99981938
-1.0004859
-0.99916086
-1.00067
-0.99930229
-1.000383
-1.0002703
-1.0004093
-1.0005354
-1.0002646
-1.000494
-1.0005225
-1.0009406
-0.99926977
-1.0004587
-0.9991871
-1.000226
-0.99930702
-0.99872182
-1.0005405
-0.99883416
-0.99969061
-0.99907956
-0.99969407
-0.99875476
-1.0002984
-0.9987195
-1.0008321
-0.99864223
-1.0003339
-1.0008555
-1.0004306
-0.99927264
-1.0005596
-0.99972106
-0.99899752
-0.99916365
-0.99981472
-0.99876853
-0.99920171
-0.99864409
-0.99895322
-0.99904372
-0.99908652
-1.0000075
-1.0000102
-1.0001991
-0.99958237
-1.0001564
-1.0000254
-1.0012056
-0.99998247
-1.0000695
-1.0001781
-1.0006518
-1.0003224
-1.0005244
-1.0003685
-1.0004513
-1.0018181
-1.0006141
-1.0008989
-1.0004626
-1.0005029
-1.0004128
-0.9989672
-0.9998809
-1.000032
-0.99929913
-0.99829472
-0.99962482
-0.99824061
-0.99948902
-0.99860098
-1.0008659
-0.9981501
-1.000101
-0.9994069
-1.0004219
-1.0011123
-1.0004121
-0.99823569
-1.000113
-0.99858447
-1.0005366
-0.99839271
-1.0001306
-0.99866495
-1.001317
-0.99907085
-0.99951624
-1.0002728
-1.0006324
-0.99883534
-0.99967447
-1.0004503
-1.0011581
-0.99947754
-0.99982446
-0.99998771
-1.0001624
-0.9995933
-1.0004538
-1.0012498
-1.0001982
-1.0002314
-0.99958632
-0.9993632
-0.99853411
-1.0001275
-1.0000654
-0.99932219
-0.99869173
-1.0009967
-1.0005852
-1.0004593
-1.0012347
-1.0012486
-1.0013078
-1.0017996
-1.0013844
-1.0013844
-1.0002765
-1.0004651
-1.0013844
-1.0013286
-1.0011629
-1.0018242
-1.0018282
-1.0016939
-1.0019349
-1.000988
-0.99992742
-1.0006621
-1.0005644
-1.0006412
-1.0003597
-1.0003577
-0.99995663
-1.0012039
-1.0001264
-1.0017059
-0.99977952
-1.0009435
-1.0002439
-1.0015217
-0.99942076
-0.99947402
-0.99885289
-1.0001042
-0.99917893
-1.000057
-1.0000593
-1.000433
-1.0004302
-1.001706
-1.0008676
-1.000414
-1.0009795
-1.0002334
-1.0004716
-1.000664
-1.0002229
-0.99925392
-1.0004845
-1.0013558
-0.9987372
-0.99919175
-1.0002088
-0.99962591
-0.99968539
-0.99995547
-1.0002381
-1.0002161
-1.0008144
-1.00087
-1.0011205
-1.0004639
-1.0004452
-1.000133
-0.9991729
-1.0000091
-0.99922911
-0.9997106
-0.99936182
-0.99937059
-0.99972185
-1.0004771
-1.0003859
-0.99988399
-0.99941797
-1.0010686
-0.99995464
-0.99991908
-0.99925168
-0.99988353
-0.99942773
-0.99953101
-0.99939168
-1.0000514
-0.99943227
-0.99959843
-0.99964429
-0.99907797
-1.0002199
-0.99963347
-0.99947967
-0.99878575
-1.0004218
-0.99874698
-0.99913424
-0.99944821
-1.0000843
-0.99976926
-0.99951608
-0.99930341
-1.0013642
-1.0007648
-1.0006583
-1.0001694
-0.99907477
-1.0007809
-0.99940238
-0.99984513
-0.9990591
-0.99850918
-0.99944316
-0.99963161
-0.99996197
-1.000633
-1.00081
-0.99928172
-0.99863488
-1.0014042
-1.0005573
-1.0009234
-1.0012068
-1.0007509
-0.99995603
-0.99898209
-0.99978039
-0.99984312
-0.99994888
-1.0010034
-1.0006158
-1.0001057
-1.0003586
-1.0004298
-1.0013978
-0.99950026
-0.99971567
-1.0009706
-1.0004441
-0.99958098
-0.99950966
-0.99919225
-0.99960878
-0.99941748
-0.99996481
-0.99944865
-1.0017462
-0.9995638
-0.99970651
-0.99992002
-1.0002166
-0.99982918
-0.99958286
-1.000128
-0.99989535
-1.0010282
-0.99994086
-0.99985633
