-1.142236
-1.1903373
-1.0478621
-0.95236471
-1.1584106
-1.1995288
-1.3722688
-1.032642
-1.0223918
-1.5957596
-1.4206753
-1.2498069
-1.433005
-1.9742222
-1.5431285
-1.7707488
-1.5230915
-1.0055795
-1.9512048
-0.32520881
-0.75786375
-1.1982672
-1.2958072
-1.4776625
-1.9578753
-1.1122555
-1.5259171
-1.5313752
-1.0908051
-1.2955928
-1.6354096
-1.0590522
-1.8872936
-1.9147119
-2.0029484
-1.1269912
-1.6168036
-1.8298483
-1.6488393
-1.0917488
-1.5260011
-0.85775693
-1.4457139
-1.316987
-1.2908274
-0.88831573
-1.059572
1.2456708
-1.0067991
-1.2544981
-1.1626089
-1.2362239
-0.91881231
-1.1214983
-1.1789179
-1.2373768
-1.3587714
-0.91312263
-1.0259376
-1.0100613
-1.017509
-0.17348667
-0.53182386
-0.9956868
-0.46956089
-0.81601018
-1.1235217
-1.3379757
-1.0192417
-1.0870428
-1.8543147
-0.07689859
-1.3601085
-1.5053099
-0.88283965
-1.1847924
-0.56112978
-1.1783141
-1.3270432
-1.1657096
-1.1158683
-1.015919
-1.4282805
-1.0456478
-0.85130858
-1.0899182
-0.85315693
-1.1253909
-0.61874661
-0.47669148
-1.1082052
-1.1170455
-1.1211922
-0.82256093
-0.81933812
-1.1155096
-1.1298998
-0.90939931
-1.172959
-0.96289745
-1.3351284
-0.77187963
-1.1449236
-0.1315291
-0.92762834
-0.074461885
-1.0316644
-1.4005932
-0.79012874
-1.6472121
-1.3245899
-0.82711898
-0.57048996
0.13620069
-1.5220329
-1.4769871
-1.2077026
-1.4383711
-1.4708161
-1.5510786
-1.632975
-1.2955777
-1.0304561
-1.5980944
-1.2889326
-0.46412753
-1.1831086
-1.2345404
-1.1549386
-1.0298653
-0.9818318
-1.2723169
-0.85448682
-0.77136513
-1.1455128
-0.46532819
-1.1763733
-1.7397004
-1.117044
-1.4831889
-1.0446862
-0.84655686
-1.1824168
-1.0369257
-1.0813982
-0.93693127
0.58324157
-1.2093402
-1.2342217
-1.2921599
-1.6573523
-0.8941622
-1.2423526
-1.1106097
-1.186251
-0.67793327
-0.64650897
-0.9844974
-1.1638458
-0.69557602
-1.1121182
-1.0075365
-0.64101666
-0.81243142
-0.83194755
-0.99603863
-0.065173264
-1.0318693
-1.366611
-1.0066356
-1.1607465
-1.0849388
-0.98627178
-0.47791815
-0.10631145
-0.56796882
-0.90259295
-0.99254591
-0.99820801
-0.25668517
-1.0607129
-1.0487326
-1.072456
-0.95062323
-1.2033456
-1.0314239
-1.0026941
-1.0151709
-0.80365818
-1.1584031
-1.0241459
-0.84105178
-0.82805452
-0.78764067
-1.0169925
-0.52615431
-1.3402399
-0.91795564
-1.0859801
-0.87964818
-1.1184759
-0.57501172
-0.88031616
-0.53220089
-1.0760832
-0.88511523
-0.58773578
-0.67176777
-0.87165414
-1.0074268
-0.79535208
-0.86979249
-1.399684
-1.12637
-0.9451728
-0.36543891
-0.35817861
-0.62583098
-1.0562814
-0.99159001
-0.8943404
-0.68946058
-0.84412629
-0.5054329
-1.5510443
-1.7467642
-0.8592524
-1.5021971
-1.4559131
-1.4910165
-0.32215323
-0.63767704
-0.91885693
-1.2476632
-1.0535803
-1.0620225
-1.0911444
-1.593132
-0.97812157
-0.89524539
-1.4646691
-1.1810907
-1.0443809
-1.0166535
-0.45110321
-1.2392652
-1.0451525
-1.2296839
-1.093102
-0.66028576
-0.79643816
-1.119877
-0.68281915
-0.78311002
-1.0917188
-1.1035268
0.54924871
-0.77633032
-0.76092256
-0.80569968
-1.0320757
-0.99388917
-0.37301817
-0.82604042
-1.0763616
-1.2907096
-1.007498
-1.1482249
-1.2385315
-0.97523995
-0.74642351
-0.80885618
-1.0083538
-0.64412319
-1.0754921
-0.93695393
-0.79229524
-0.67012824
2.2024949
-0.88023403
0.79711543
0.50631484
1.1692446
1.224405
1.0544541
-0.79824999
-1.1727666
0.73208301
-0.99345256
-0.94066197
0.45150642
-0.070100437
0.26448436
-0.38449507
2.6305038
-0.99019325
-0.023713027
0.01001182
-0.32337385
-1.029851
-1.1580074
-1.05684
-1.2282133
-0.85343549
-0.75330497
-0.90167365
-1.006729
-0.97471915
-0.79216675
-1.0074268
1.2962861
-1.2201404
1.1530297
-0.71118206
1.1813496
-0.49344976
-1.0703235
-0.69027585
-0.95854191
0.038316419
0.84956416
-0.81236453
-1.0045421
-0.92395299
-0.4899784
-0.95517357
-0.94705354
-1.0844704
-1.0132037
-1.0497765
-0.13218535
0.013227757
0.2230653
-0.74308937
-1.2732407
-1.0457188
-1.0218698
-0.23767255
-0.99036841
-0.99898786
-1.024658
-0.94349562
-1.0374108
-0.76852428
-0.97109892
1.0912538
-1.010405
1.9728378
-0.54190354
2.2962933
-0.85166813
0.67990237
0.89417729
-0.99327372
-1.0846805
-0.9916331
-1.2160919
-1.0012915
-1.3969982
-0.91300616
-0.72588787
-0.47405671
-1.0924384
-0.77141546
-0.82528702
0.33514608
-0.97172636
-0.81169363
-0.23106975
-0.86206165
-1.6887636
-0.99037867
-0.81118005
-0.20766633
-0.79154163
-1.0768464
-1.0452429
0.25724039
-0.89640557
-0.88497726
-0.55371719
-1.0379639
-0.4207116
-1.0616698
-0.68728471
-1.1550287
-0.94357033
-0.41238136
-0.56244357
-0.88006895
-1.113822
-1.0635679
-0.89031605
-1.0423866
-1.113647
-1.0672742
-0.44304276
0.86881024
-1.123588
-0.33125524
-0.87767162
-0.81018417
-1.0106962
0.10419514
-1.0200645
-0.98795044
-1.0772278
-1.0422565
-1.0249263
-0.499165
-1.1050015
2.1845984
-1.1448163
2.47248
-0.67938941
2.0562706
-0.15843509
-0.12480861
-0.37704041
-0.93390114
-0.77655927
-0.91000808
-0.78331518
-1.0785679
0.0081638042
-1.174286
-0.20559724
1.2634936
-0.53751754
-0.25290072
-0.70870917
-0.14342355
-1.221993
-1.04393
-0.99636466
-1.1282716
-0.75864537
-1.0270221
-1.0071431
-0.34563495
-0.68865537
0.25547364
-1.5003401
-0.76357415
-0.78683044
0.2257574
-1.214727
-0.57986166
-1.0034512
0.47569567
-1.0446012
-1.1655172
-1.0622553
0.11623917
-1.0782167
-1.0541242
1.3373697
-0.99686526
2.098468
-1.1336521
0.69865618
-0.88938928
-0.79641184
-1.0689363
-0.39966735
-0.73086961
-0.59459313
-1.2012697
-0.85384858
-0.76385646
-0.49729259
-0.43178319
-0.78130015
0.66721244
-1.1340109
1.9607246
-0.79824999
2.3217465
-0.2548053
0.46653861
-0.7394775
-1.2028827
-1.0039604
-0.97930802
-1.12927
-1.0621815
-1.090499
-0.94875924
-1.3342412
-0.89577385
-1.1852184
-1.3593658
-1.4653057
-1.2636529
-1.7117846
-1.6207471
-1.1807975
-1.3360043
-1.517132
-1.5774506
-0.97500699
-1.0083242
-0.9919128
-1.1307562
-1.045194
-0.61092078
-1.1463828
-1.2453192
-1.1370084
0.50179086
-1.206216
-1.1193734
-0.97531853
-1.1358916
-0.82575449
-1.8228317
-1.1229184
-1.1462129
-0.8946324
-1.4129556
-1.4357185
-0.89604291
-1.1047618
-1.114999
-1.0547734
-0.9438114
-1.0922305
0.58981049
-0.97074898
-0.45024557
2.3120317
-0.8622803
0.074793747
-0.93216393
0.47061234
-0.8651633
-0.54043145
-0.99365965
-0.33592242
-0.77080959
-1.0086043
-0.86286178
-0.40805085
-0.61564719
1.5819112
-1.2853229
-0.26153628
-0.79643816
-0.32253581
-0.97562818
1.1497221
-1.0436735
-0.98460763
0.13141267
-1.0232639
-0.83263747
-1.1241931
-0.77645361
-1.2709027
-1.1142862
-1.3100892
-1.218811
-0.28171699
-1.0913899
-0.83665052
-1.0391584
-0.93441524
-0.83260409
0.42878758
-1.0333012
-1.0154315
-0.96516689
0.50684259
-0.70159538
-0.22015616
-1.4563238
0.72960936
-0.94629341
-0.562566
-1.0549163
-1.0537818
-0.84638001
1.0803243
-1.0342404
0.26740398
0.19824741
-0.12991697
-0.99591828
1.4263308
-1.117339
-0.83942477
-1.1971572
-1.1100901
-0.31746556
-1.0015661
0.14578028
-0.97475188
-1.3243085
-1.455069
-1.0773421
-0.56184224
-1.1372208
-1.4183016
-1.1649578
-1.0326113
-1.0350153
-0.080139051
-1.1444599
-1.0513702
-0.99739349
-1.4829012
-1.0252727
-0.79644209
-1.2012407
0.0087541749
1.2400597
-0.99944632
-0.135051
-0.79644209
-1.0000142
-0.74642351
-0.43788011
-0.83758815
-0.083033062
-1.441027
-1.0930797
-0.81249793
-0.9640919
-0.7459984
-0.76232112
-0.75848831
-0.85807763
1.6643337
-0.96426717
-0.28672647
-1.1184087
-0.97901901
-1.0822251
-1.0185913
0.0068242878
-1.076356
-1.0775118
-0.87707602
-1.2093969
-0.88443038
-1.4881062
-0.8837359
-1.5351701
-1.3726811
-1.8257612
-1.3265503
-1.1408939
-1.2705241
-1.3276529
-1.4498437
-1.1552956
-1.2734267
-1.3888634
-1.2100788
-1.0739482
-0.56454835
-0.69982542
-1.174866
-1.3915964
-0.60889278
-1.2258815
-0.84651196
-0.76006432
-0.97212823
-0.85537982
-0.91875336
-0.79643816
0.53048417
-1.0093266
1.059238
-0.76408717
0.19159611
-0.24673372
-0.7955423
-0.31631767
-1.1116337
-1.1456983
-0.81165492
-0.87380198
-0.52565667
0.26921755
0.065084129
-0.18732133
1.0456177
-0.40635781
-0.098582742
-1.0860452
-0.17210697
-0.97003518
-0.89563013
-1.3926425
-1.0807673
-0.88203522
-1.4297818
-1.0935409
-1.1684476
-1.0671159
-0.95126065
-0.38597932
-1.0041976
-1.1797955
-1.0137326
-0.73435757
-0.9959726
-0.81012069
-0.93286386
-0.37608523
1.7153057
-0.76282414
0.22147202
-1.1203952
-0.90193291
-0.84908907
1.391843
-0.95349967
-0.88138499
-1.1416222
-1.0414026
-0.98166728
-1.222262
-0.97812021
-1.1092045
0.32668741
-0.93300918
-1.0674575
-0.79643816
-0.76689218
-1.0660554
1.0641887
-0.98432195
-0.40158717
0.46707048
-0.64685271
-1.0117401
-0.68519102
0.75406664
-0.78047717
-1.3999383
-1.8670441
-1.6177843
-1.6052088
-1.418661
-1.3886376
-1.9956778
-1.9710664
-1.4205266
-1.6397781
-1.2693294
-1.0989219
0.50879617
-0.71214432
-0.042092433
-1.3383067
-1.3305299
-0.71663646
-0.88412212
-1.2693947
1.1256568
-1.0785749
-0.096107285
-0.68983854
-0.65150896
-0.51514863
1.1886432
-1.1342039
-0.014036667
-0.99939827
-0.98579827
-0.85508702
0.79143593
-0.99813801
1.3420239
-0.57162014
1.4559698
-1.0356569
1.5636051
-1.0352241
-0.99500931
-0.6352164
-1.2623947
-0.98270337
-0.72661936
-0.9008468
0.6052814
-0.64843736
-0.99721668
0.14834529
-0.56042166
-1.5309619
-1.0386557
-1.1346982
-1.3439093
0.43796107
-0.83049621
-0.45130032
0.22748954
-0.74508281
-0.67844115
-1.0008001
-0.9661381
-0.34317375
0.98846367
-0.47228481
1.4282715
-0.20253305
0.16510778
-0.93494041
0.93384198
-1.1017248
-1.0750997
-1.0582519
-0.72223333
-0.91324306
-1.0934832
-0.93727431
-1.2416181
-1.0373409
-1.3825742
-1.6317835
-0.91177911
-1.3940062
-1.2424279
-1.2792333
-1.3034178
-0.87207021
-1.8325882
-1.0944772
-2.1014201
-0.96017692
-1.4382158
-1.7597543
-1.1381605
-1.4023531
-0.77923443
-1.2739821
0.86001282
-0.93687362
0.79759231
-0.0087131273
-0.56522567
0.5333951
0.77134077
-0.50169906
-0.034868686
-1.0400752
0.61496785
-0.24543463
-0.32765658
-0.21883277
-1.6286716
-1.0521451
-1.3530812
-1.211556
-0.74181443
-0.75435016
-1.2101609
-0.52247214
-1.2825067
-0.92284256
-1.2571956
-1.6326885
-1.1156526
-1.6304884
-1.8072749
-1.224691
-0.90980766
0.7584771
-0.85679144
-0.62923085
-0.24014321
-1.2092928
-0.34192957
-1.3182155
-1.0596742
-1.0476321
0.034134472
0.63147727
-1.0202487
-1.1209384
-0.86391616
-0.76029892
-1.0433624
-0.94560856
-1.0025994
0.20981855
-0.71076803
-1.1384161
-1.318766
-1.3204019
-1.0779372
-1.1001113
-1.0672061
-0.33414639
-1.2795914
-0.39597012
-0.95555465
-1.1444976
-0.42802521
-0.40129251
-0.79022091
-0.90823216
-1.1119321
-1.2491082
-1.4747011
-1.2537946
-1.0396229
-1.244594
-1.3053586
-0.9678186
-1.1225609
-1.286268
-1.5239782
-1.3398208
-0.76604471
-0.88178236
-0.27652056
-0.92366364
-0.97889719
-0.71508199
-0.99448436
-0.6481247
-0.6504148
1.6623909
-0.44063929
-1.2857093
-0.18880265
-1.3839035
-0.84409731
-0.70192131
-1.3808711
-0.9943462
-1.2006374
0.1644632
-1.0726452
-0.0020257045
0.039267805
-0.10811578
-0.80999654
-0.91513844
-1.1666968
0.18905315
-0.69620418
-0.99649112
-0.89526899
-0.98906124
-1.2125351
-1.8091348
-1.1671282
-1.3712309
-1.1690475
-0.91752151
-0.96952215
-0.74590924
0.30669876
-0.25644103
-0.88823752
-0.95815927
-1.251802
-0.33735782
-0.96014304
-1.3210255
1.586847
-0.8366832
-0.51243623
-1.0057199
-1.1033081
-1.1661266
-1.039097
0.16460829
-1.9810319
-1.1097431
-0.90544553
-0.83777182
-0.72565615
-0.84389204
-1.4149483
-1.224691
0.11474873
-0.6238815
-0.96269549
-1.352553
-1.0419057
-1.3182695
-1.2130699
-1.2499585
-1.3135249
-1.3870778
-1.3847216
-1.3230621
-1.0421223
-1.4202687
-1.2919957
-1.0797226
-1.4465308
-1.4006463
-1.2874723
-1.0837878
-1.2086041
-1.4733866
-1.1785555
-0.85078828
-1.0797226
-1.3724554
-1.4120746
-1.0514325
-1.0060802
0.5608692
-1.0358515
-0.42400329
-0.80468223
-0.059751608
-0.37648288
-1.3733904
-0.48219797
-0.90223566
-0.53700234
-1.176534
-0.94271386
-1.4202905
-0.98346785
-1.3602798
-0.62949884
-0.78535341
-0.91922725
-0.98710881
-0.24778196
-1.1450042
0.069355992
-0.69359002
-1.078077
-1.4803536
-1.3964016
-1.0500321
-1.387137
-1.345384
-1.6545788
-1.2910783
-1.2248769
-1.1686473
-1.2299315
-1.4138564
-1.3073089
-1.5470789
-1.2277647
-1.0220175
-1.270085
0.86879561
1.3391257
-1.1323897
1.8547608
-0.12924449
1.7423862
-0.73895806
-0.48899923
-0.80382144
-1.1645043
-1.8150235
0.21618359
-1.6304041
-1.4152563
-0.87225484
-0.73547577
-0.89423531
-0.89518567
-0.36658922
-0.47499864
0.48141701
-0.67531559
1.0721659
0.093354622
-1.2080822
-1.4460009
-1.2203556
0.076445942
-1.3245445
-1.725681
-1.0305755
-0.48472525
-1.1837161
-0.79916722
-0.80468812
-0.99710128
-1.245693
-1.1676119
-1.361664
-1.3213411
-1.7360478
-1.3448838
-1.5273896
-1.3901882
-1.4857729
-1.6369459
-1.2758698
-1.2626964
-1.2488401
-1.6840994
-1.5030885
-0.9379962
-1.7378206
-1.0948758
-1.4693426
-1.2268149
-1.1814511
-1.3648961
-1.3366933
-1.4504014
-1.8408284
-1.5377332
-1.0636717
-1.3537955
-1.3589492
-1.1230944
-1.0473175
-0.66465738
-0.6399642
-0.37626234
1.0202547
-1.1157244
-0.85407967
-0.80522562
0.0044510738
-1.1649867
0.74493313
-1.1383188
-0.9646578
-0.75075067
-1.1835867
-1.2586955
0.72027184
-0.91088455
-0.67869336
-0.67768516
-0.90873969
-1.2187219
-1.3894137
-1.233114
0.90095516
-0.83678893
-1.0582823
-1.103831
-0.98666379
-1.0175473
-1.2403421
-1.552855
-1.7183951
-1.4209306
-1.1492738
-0.76916292
-1.054084
-0.91996422
0.92722167
-0.3728607
-0.61378713
-0.75786143
-0.048864456
-0.72927984
-0.4863819
-0.6505046
-0.0011788659
-0.9551656
0.85617536
-1.3194804
-0.98026806
-1.202249
-0.4249725
-0.99246655
-0.19875658
-0.80662408
1.4055782
-0.44767219
1.9117968
-0.27552036
0.39916481
-1.148084
-0.73879522
-0.69455877
-1.0040918
-1.2028769
-1.2509186
-1.2070584
-1.224691
-1.6254575
-1.1388359
-1.2317494
-1.0118734
-1.1319003
-0.4426533
-0.29051118
-0.85744839
0.081611122
-0.66107956
0.025371482
-0.77259219
-0.78543557
-1.6058163
-0.35222379
-1.1649508
-0.36017669
-1.38817
-1.0459285
-1.191145
-0.5564692
-0.49897862
-1.7239617
-0.81353917
-0.98263237
-1.0217148
-0.86600068
-0.78727742
-0.75345539
-0.28652329
0.42077551
-1.1630647
0.32617263
0.52260638
-1.2005785
0.5085569
-1.2694672
-1.1142643
-1.2256953
-1.2753405
-1.2739575
-1.4991364
-1.3864252
-1.4122648
-1.4895905
-2.1020173
-1.3881042
-1.3851336
-1.4928924
-1.3777953
-1.1861126
-1.3159415
-1.1642855
-1.3326264
-1.2811507
-1.4637126
-1.5689646
-1.1426663
-2.1985532
-1.4790818
-1.3338259
-1.6576541
-1.5431131
-1.0606058
-1.0576494
-1.4730033
-1.1530921
-0.98943426
-1.2730484
-0.021280728
0.73745437
-0.46798687
-0.74704296
-0.79763746
0.23034363
-0.30644282
0.94207135
-1.0668388
-0.73101773
-0.15163536
-0.963531
-1.6513041
-1.3070895
-1.2389108
-1.4311748
-0.91435796
-1.5271991
-1.5656661
-0.66174271
-1.078023
-1.1578429
-1.2930559
-1.0607405
-0.2924235
-0.80476038
-1.206241
-1.2681898
-0.48650784
-0.41217463
-1.1171042
-0.61900663
-1.3246663
-1.5514848
-1.5255158
-0.85377012
-0.80633474
0.042689564
-1.1327124
-1.2684042
-1.4464424
-1.3475991
-1.1987955
-1.2629424
-1.3469294
-1.050623
-0.88629234
-1.1291257
-1.4721729
-1.7283726
-1.3138658
-1.0271809
-1.0355653
-0.13689688
-1.5687382
-2.0469013
-1.0542619
-1.1491916
-1.0918083
-0.94300227
-1.2393906
-0.36865232
-0.63692786
-0.84719059
-0.95420292
-1.0605712
-0.98271624
-1.141888
-0.99111255
-1.3026483
-1.1488564
-1.4879814
-1.1901011
-0.98233381
-0.75534626
-1.1497576
-1.1024479
-1.1502641
-1.0594034
-1.1669379
-0.42326362
-0.92067135
-0.91463779
-0.96753939
-1.580368
-0.93948285
-1.1043587
-0.79212838
-0.23830255
-1.2032684
0.27456104
-1.1342277
-1.022059
-1.2101996
-0.97644418
-1.4202484
-0.40742554
-1.4751986
-0.40778654
0.37066311
-0.80510655
-0.84976551
-0.82092212
-0.93691337
-0.12429226
-1.1113737
-1.1562337
-1.2847636
-1.0146534
-1.4382454
-1.4453069
-1.0564662
-1.5148158
-1.2704126
-1.0109118
-1.3754296
-1.0497726
-1.3336232
-1.2916259
-1.0810891
-1.0823458
-1.2704404
-1.1516372
-0.91688212
-1.1159405
-0.90178146
-1.092326
-1.1106937
-1.4621108
-0.79323714
-1.2734508
-0.93233503
-1.3446968
-1.3091415
-1.0670108
-1.1796378
-1.3473092
0.4683574
-1.1113368
-1.0998946
-1.0708092
-0.6651358
-0.24788319
0.85407611
0.088704686
-0.57418842
-0.29726295
-1.0412933
-1.1412468
-2.0118851
-0.77365874
-1.1950993
-1.2392379
-1.4621845
-1.1745117
-0.99879038
-0.72911557
-0.1017917
-0.87213624
1.43972
-0.79000992
-0.65017265
-0.36194145
-0.95474753
-0.70247111
-0.54000808
-0.98551806
-1.3279484
-1.0710583
-0.76643783
-0.89071266
0.61488919
0.38862311
-1.1073545
-1.1054245
-1.3503815
0.63359414
-0.87928121
-0.39056294
0.33961535
-1.0733708
0.86575978
-0.46230996
-0.6412164
-0.98118664
-1.1787872
-1.1504581
-1.1720214
0.38417628
-0.87083912
2.0330237
-0.84650483
0.97818301
0.20341827
1.3436642
0.13447906
-1.0235118
-1.0116805
-0.80280391
-1.3556541
-0.98164735
-1.3069768
-1.072602
-1.0138054
-1.1379546
-1.4290346
-1.0533478
-1.190476
-1.7733855
-1.2644218
-1.0494258
-1.026925
-1.0916584
-0.45927964
-1.1076437
-0.97306859
-0.92813211
-0.77621102
0.48552087
0.63823164
-0.13956732
-1.0478567
0.39993502
-1.2202987
0.77881204
-1.0435316
-0.22337513
-0.80167018
-1.0506953
-1.289317
-1.1086975
-1.2551466
-0.15961874
-0.77639917
0.78874489
-0.85350321
2.1872445
-0.37095398
-0.38726128
-0.6941801
-0.94013323
-0.91638428
-1.0382826
-1.6227392
-1.4087086
-1.6361046
-1.0753354
-1.0396086
-1.4495165
-1.3879354
-0.87651632
-1.2834939
-1.4155649
-1.3460983
-1.1462328
-1.4918632
-1.2697736
-1.2080707
-1.2385535
-1.3039576
-1.2179675
-0.33637688
-1.0820535
-1.3581811
-1.1396926
0.45356771
0.97715051
-0.8510945
0.17999949
-0.45471207
-1.6137594
-1.049349
-0.022468009
-1.267082
-1.2869182
-1.1654798
-1.3304765
-1.3384202
-0.86453739
-1.2315547
-1.4555589
-1.1905914
-1.0991912
0.72523691
-0.95732556
-0.55078121
-0.55616947
1.6544838
-0.92511529
1.1775122
-0.38289061
0.87901889
-1.2011262
-0.62194346
-0.61303676
-1.0507643
-0.84754028
-1.1572495
-1.1637015
-1.4086994
-1.6329991
-1.5195393
-1.2018601
-1.8908502
-1.4072972
-1.4623189
-1.5001669
-1.426618
-1.1056482
-1.6638564
-1.3196285
-1.7886384
-1.3666376
-1.0888151
-1.1728033
-1.1737299
-1.14154
-1.1465564
-0.0084482776
-1.1050177
-0.62728032
0.66493817
-0.48482176
0.38618127
-1.0743032
1.5056695
-0.19240765
1.2174661
-0.58432223
-0.19553118
-0.94727379
-1.298816
-1.2240951
-1.0731064
-0.76918781
-0.69537296
-0.87253684
0.5036293
-0.7018888
0.67829265
0.10904057
1.6166494
-0.85346567
-0.50132388
-0.77517393
-1.1449077
-1.1043526
-1.4225194
-1.3104727
-1.3387071
-1.1870735
-1.6452147
-1.3342442
-1.0880742
-1.2753815
0.16451457
-0.65394018
-1.1063028
-0.89015739
-1.1582099
-1.4335963
-0.87429578
-1.2120332
-1.1492266
-1.0597495
-1.3902775
-0.80547908
0.49477814
-1.4657951
-1.5862656
-1.3567874
-1.2321709
-1.1720617
-0.92547959
-1.9043318
-0.91287804
-0.92270349
-0.88554869
-0.63191879
-0.84856709
-0.89974162
-1.5774264
-1.0066318
-0.61916158
-0.86725685
-0.9623958
-0.99582994
-1.078952
-1.2600143
-0.80368135
-1.1678663
0.63764048
-0.30402425
1.0737808
0.6617119
1.0245797
0.38916415
0.25718877
-0.97736111
-0.73760923
-0.79687118
-1.1001203
-1.0856076
-0.5584209
-1.2137644
0.67530634
-1.0311013
-0.25537656
-0.88239159
0.99518524
0.00092189632
-1.1520888
-0.39419719
-0.63520511
-0.84603996
-1.0228722
-1.1408794
-0.97628857
-1.0988787
-1.4083615
-1.0602926
0.023751212
-1.079681
-1.2972914
-1.1565528
-1.4872729
-1.0597371
-1.1059981
-1.6897463
-1.2108266
-1.332405
-1.2408817
-1.3886119
-1.3096969
-0.85826214
-1.1177813
-0.95730506
-0.56310101
-0.64974248
-0.98979564
0.020278388
1.1085007
-1.0033506
-0.2434596
-1.9044885
-0.021367476
-0.89494012
0.52746259
-1.4927541
0.25825976
-1.1293207
-1.2112143
-1.4902568
-1.4064273
-1.6848567
-1.1712277
-1.8560099
-1.1207922
-1.6222772
-1.8260204
-1.3431246
-1.1130215
-1.1441123
-1.1125357
-1.0070576
-1.3499554
-1.4133211
-1.6594903
-1.2076707
-0.71751983
-0.89133419
-0.72094171
-0.25553142
0.74742932
-0.42196416
0.16342764
-1.1701071
-0.77441525
-0.89752759
-0.46396916
-1.2043485
-1.0405479
-0.94167279
-1.2935667
-1.1921704
-1.0420997
-0.93954139
-0.99279339
-1.2662539
-1.2387686
-0.8100137
-0.51273555
-0.97158089
0.07248403
-0.72395261
1.2746897
-0.75806866
1.0362625
-1.0980153
0.28177954
-0.91863138
-0.041750295
-1.6513041
-1.6738871
-1.2372135
-0.86025695
-0.97086519
-1.0476386
-0.95667493
-1.2035302
-1.0793226
-1.5406095
-1.3492177
-0.98484727
-0.74465476
-1.7486275
-1.2464287
-0.37634426
-1.4940829
-1.1273742
-1.5437362
-1.6770672
-1.8058472
-1.0810022
-2.0308963
-0.10424608
-0.99765776
-1.3038454
-0.94710271
-1.1532071
-1.1750229
-1.3260042
-1.0108188
-1.598772
-1.2123881
-1.1647805
-1.1900121
-0.8870007
-1.1729918
-1.3024829
-1.3862109
-1.1463254
-1.7757835
-1.8852663
-2.2534798
-0.7114473
-1.9172576
-1.2069617
-0.3155317
-1.455315
-1.6728166
-1.3571758
-1.3389862
-1.2088056
-0.81571861
-1.2421381
-1.5975034
-1.3766106
0.10665769
-0.91405132
-1.1659352
-1.0268295
-1.2625033
-0.89592591
-1.2428002
-0.24401542
-1.0781663
-0.86658957
-0.79957715
-0.65924372
0.49284049
-1.0258913
-0.0036628143
-0.68351899
-0.71575412
-0.76298427
-0.8691797
1.0671323
-0.67226825
-0.57018041
-1.0022261
-0.50386453
-1.0132748
-1.0436273
-0.78151751
-1.1247581
-1.8055377
-1.6902694
-1.6155117
-1.3190116
-1.2908829
-1.3492793
-1.4241006
-1.3793558
-1.5677904
-1.6424521
-1.6083815
-1.6235013
-1.3051746
-1.2275375
-1.338724
-1.4207605
-1.2818467
-0.68022161
-1.3644279
-0.85221151
-0.96902304
-0.51571607
0.28872745
0.059606803
-0.39954436
-1.0439739
-1.2866964
1.4213494
-0.95489808
-0.75486112
-0.31743753
-1.0198926
-0.7992018
-0.98978157
-0.76734501
-0.77169326
-0.7896736
-1.017831
-1.3945915
-0.80528897
-0.43333148
-0.58381602
-1.1318137
-1.0138405
-0.31995051
0.10530637
-0.66323141
-1.2818255
-0.9767128
-0.41970462
-0.53783983
-1.0445769
-1.1219574
-1.0087702
-0.37045604
-0.98870204
-0.86650899
-0.81017438
-0.69199913
-1.1421766
-1.3249786
-0.96773413
-1.2852023
-1.6422101
-1.3650654
-1.3971871
-1.3311582
-0.70681311
-1.4417192
-1.1132799
-1.2119857
-1.1361932
-1.0348888
-1.026608
-1.3795781
-1.1732843
-1.2176221
-0.8203393
-0.4294171
-0.3474759
-0.55068418
0.12167977
-0.75672928
1.2524554
-0.87969725
-1.7771483
1.282386
-0.76033613
0.90173546
-0.65265611
1.4383822
-0.76518839
-1.0179807
-1.0098021
-0.96085391
-0.85515129
-0.92347886
1.2158332
-0.80288552
-0.77210548
-0.6431494
-0.42928625
-0.57137445
-1.0002602
-0.67652864
-1.0153513
-1.4921127
0.78843171
-1.1447933
-1.1817935
-1.143794
-1.1189415
-0.72912219
-0.95836996
-1.2887995
-1.3112719
-1.0039763
0.0025000764
-0.49922522
-0.79005324
-0.10228793
-0.80211295
1.6966434
-0.63244137
-0.33066938
-0.92463771
-0.5128621
-1.061002
-0.80097877
0.10496742
-1.1389747
-1.0865568
-0.7413728
-0.72934715
0.23214065
-0.84407546
-0.36935905
-0.6896088
-0.3981592
-1.0619655
-0.90001216
-0.82851064
-0.87991379
-0.68004916
-1.233779
-0.42231031
-1.0419624
-1.0152707
-0.47839124
-1.0584594
-0.92053223
-0.83458764
-0.80223995
-0.84542228
-0.19906729
-1.439375
-0.72158806
-1.3029968
-0.20097324
-1.6322977
-1.630929
-1.5053329
-1.8756
-0.89078249
-0.38820243
-0.90918566
-0.80210523
1.2031824
-0.79032067
1.3701976
2.2331097
-0.76643834
0.34252254
-1.06179
0.57240327
-0.87878846
0.47943218
-0.65683015
-1.121115
-1.2796767
-0.2425427
0.25190779
0.70577096
-0.075364288
0.14772062
1.0064957
0.44894879
-0.40705485
-1.0322311
0.063065963
-1.0090388
-1.0096995
-1.1312384
-0.071702816
-1.0030923
-0.32899944
-0.038519394
-0.99134403
1.9783092
-0.75716485
0.63161511
-0.87930183
0.92261367
-1.1233126
0.54770979
-0.93889763
-0.98468246
-0.78169748
-1.924964
-1.3327897
-1.1132333
-0.85346193
-0.97639632
-0.021812853
-0.65520746
-1.5117817
-1.1372514
0.15380426
-0.8122706
0.4424839
-1.0050302
-1.1080385
-0.82964977
-1.1055232
-0.90601406
-1.0161329
-0.7831069
-1.3234567
-1.0991205
-1.3386735
-1.033691
-0.99378844
-1.1509628
-0.40176321
-0.96517761
-0.86671483
-0.8907235
-1.0959119
-0.63690594
0.26808767
0.7381752
-0.95121443
1.2393374
-0.38753722
1.2787949
-0.71674998
-0.094553957
-0.99803034
-1.3346852
-0.68009569
-0.65003966
0.70629179
0.24656464
1.9410251
-0.52686511
0.52364
0.050706874
-1.0517293
-0.65030593
-0.87074147
-0.82225832
-1.0267546
-0.76927091
-0.89410092
-0.41782691
-0.79989892
0.18165786
0.061184239
-0.831179
0.049207984
-0.10207252
-1.2610843
-1.3938435
-1.0420355
-0.86220365
-0.73209184
-1.1279399
-0.86736216
-0.84328251
-1.0715802
-1.0109442
-0.26647671
-1.0228422
-1.0723896
-0.9493564
-0.62834654
-0.9776211
-1.1030281
-0.6775663
-0.77135374
-1.0622011
-0.15798065
-0.17791696
0.75479624
-0.83090332
-0.10581768
-0.73490061
-0.43961167
-1.0141949
-1.2631561
-0.85486634
-0.85780198
0.85317053
-0.78819177
-1.1864667
-1.001417
-0.80211295
-1.0834001
-0.783137
-1.0907324
-0.11513709
-1.0583893
-0.032509189
0.32864999
-0.50297931
-0.71231282
-0.76533978
-0.87490461
-1.1109418
-0.7998079
-1.0041503
-1.0263968
-1.4699933
-1.1783154
-0.3363899
-1.2270185
-1.5974742
-1.0832228
-1.4621635
-1.3713399
-1.5490855
-1.4360653
-1.1312237
-1.7567999
-1.2926071
-1.2406374
-1.1927278
-1.4483237
-1.1480042
-1.3422324
-1.6957936
-0.8613459
-1.154025
-1.2392152
-0.073414786
-0.7968152
-0.83566108
0.14517077
-0.44814779
-0.43258437
-0.69686123
-0.73358869
-0.31805725
0.67212038
-0.91869415
0.71306453
-1.0918689
-0.17026067
-0.24987011
-0.6330431
-0.80470292
-1.3840883
-0.19897747
-0.74893335
-1.0230169
-0.98545748
-0.25555655
0.58559233
-0.44131304
0.29432135
-0.67984987
-0.59809809
-0.66200078
-0.45438857
0.91480504
-0.87853547
-0.72199868
-1.0224029
-0.99150101
-1.1990005
-1.3411359
-0.19751916
-0.91782262
-1.6963359
-0.95322876
-0.75207138
-1.0347622
-0.24875054
-0.8962679
-0.2287431
-0.12952402
-1.3571191
-1.2023311
-0.78062847
0.57351125
-0.95549792
-0.19650808
-1.1469898
-0.46266742
-1.2154634
-1.2831296
-1.0525962
-1.0662756
-1.1681963
-1.3986622
-1.059333
-1.1842346
-1.7873797
-1.5133076
-0.62916182
-1.8078572
-1.5413729
-1.7093458
-1.7565748
-1.3583388
-1.8600664
-1.7939053
-1.3270163
-1.0704902
-1.2178657
-0.98457493
-1.7263967
-1.1458282
-1.3502875
-1.3683864
-1.6489153
-1.3396989
-1.3697959
-1.3878188
-1.6413784
-1.3097048
-1.1711659
-0.94354454
-1.1876841
-1.4904091
-1.2169361
-1.2303515
-1.3158622
-1.0130908
-1.0257908
-0.7068182
0.41136729
-0.074114215
-1.0948025
-1.2252826
-0.99996108
-1.0900647
-0.69188665
-0.75844946
-0.93233677
-0.89480721
-0.88456088
-1.2220638
-1.0439362
-1.4268986
-1.0820301
-1.0497034
-0.69979673
-0.9863071
-0.97090221
-0.78548909
-0.90671915
-1.0844147
-1.1500783
-1.0199477
-0.93229474
-1.082699
-0.82968831
-0.95891903
-0.14562662
-1.0438585
-0.46146674
-1.0670921
-1.3385205
-0.9666174
-0.76686388
-1.1906716
-0.9673961
-1.1811737
-0.96644711
-1.6371522
-0.7316314
-0.9857457
-1.6376024
-1.2024632
-1.411838
-1.7313136
-0.76683135
-0.99492203
-0.99508984
-0.13089315
-0.33519918
-0.82349269
-1.2167288
-0.77233264
-1.0649319
-1.007272
-0.79486067
-1.0759658
-1.122779
-1.1276873
-1.0057807
-0.93490828
-0.7420481
-1.1245809
-1.2900018
-1.0910987
-1.1172825
-1.0029218
-0.79551758
-0.69642519
-0.82729743
-1.0630396
-0.075622731
-0.26163429
-1.0491699
-0.77913999
-0.96842229
-1.096039
-0.86939892
-0.88978503
-0.71315321
-0.85200781
-0.11333344
-1.0143459
-0.90729715
-0.90576925
-1.2111941
-0.19920148
-1.4649361
-0.6659253
-1.0114702
-0.73259091
-1.060139
-0.77612188
-0.82272482
-0.98867043
-0.62225641
-0.88414897
-0.088648496
-1.1247042
-0.98419768
-0.6606696
-1.1010789
-1.0170783
-1.0980066
-1.1635139
-0.8894152
-0.79877943
-0.99459148
-0.61503389
-0.86290603
-1.0157358
-0.98002905
0.65180745
-0.80004259
-0.6430038
-0.33847746
-0.99071307
-0.8662165
-0.79354743
-0.79877943
-0.82973602
-1.1068411
-0.98994528
-1.1248878
-0.98627913
-0.73385203
-0.65054871
-0.92876686
-1.3665067
-1.3216698
-1.0777316
-1.0229042
-0.88502512
0.22159644
-0.59890611
0.12186818
1.1098827
-0.17908252
0.25200722
-0.7277391
0.38252065
-0.65462595
-0.1708813
-0.80824075
-0.30642119
-1.0151233
-0.74249601
-1.1474404
-0.28393767
-0.94940061
-0.92156101
-0.99758764
-0.80793214
-0.74394491
0.92477879
-0.70974677
0.84385539
-0.48311438
0.40613752
0.48279687
-0.76597643
-1.0099251
-1.1656424
-1.3317235
-0.64296914
-0.90422988
0.13001588
-0.53315777
-0.9435486
-0.72349447
-0.31842426
-0.64473489
-0.62390166
0.053988769
0.83421012
-0.96964792
-1.0559466
-0.68692193
-0.97676323
-0.94971681
-0.69913851
-1.1490987
-0.83710238
-1.2053267
-2.0317629
-1.8049098
-1.32542
-1.6874019
-1.2666852
-1.4292976
-1.4182865
-1.204083
-1.3120637
-1.5783213
-2.3401413
-1.7630505
-1.4250918
-1.5032717
-1.1365618
-0.95303357
-1.3476544
-1.529778
-1.5926076
-0.9585499
-1.0633574
-1.2074967
-0.66896487
-1.0161341
-1.0393789
-1.2307247
-1.1025279
-1.0209573
0.2892576
-1.0945273
0.43411669
-0.93040566
0.40542388
-1.2208164
-0.75051197
-1.158942
-0.36737425
-0.86244327
-1.0480954
-0.97067812
-0.64290756
-0.84996395
0.4503889
-0.72065608
0.02534903
-0.54504974
1.922375
-0.85110307
-0.69041643
-0.99802599
-1.1788635
-0.45817712
-0.94856301
-0.96178558
-1.5077568
-1.3240322
-1.5757371
-1.9982188
-1.3271184
-0.7903548
-0.80614504
-1.2928037
-1.2086328
-1.5660262
-1.6640843
-1.3757771
-1.7899342
-1.5676219
-1.4782433
-1.6149029
-1.5513131
-1.422171
-1.0250995
-1.5103508
-1.135624
-1.1104025
-1.1084062
-0.022490752
-1.142293
-1.2232101
-1.0311338
-0.65795899
-0.97552759
-0.62825674
1.3778593
-0.59472624
-0.7576912
-0.69168912
0.56305998
-0.96657669
-0.88925583
-0.97410568
-0.40116068
-0.7093469
-0.93802649
0.24729571
-1.0682655
-0.79058237
-0.80827576
-0.81814474
-0.89661482
1.18339
-0.85923653
-0.5957984
-0.85555765
-0.91766796
-1.0106566
-1.0114043
-1.0394688
-1.289973
-1.0868499
-0.86976719
-1.5421737
-1.2619538
-1.2467034
-1.9506539
-1.9201018
-1.8826521
-2.1193411
-1.2967731
-1.7176831
-1.4534495
-2.5563127
-1.0114198
-1.6696939
-1.248787
-1.5190469
-1.4092744
-1.3609825
-1.6604614
-1.4509678
-1.4245375
-1.3883476
-0.97980457
-1.2809279
-1.272243
-1.008717
-1.3165955
-1.0479543
-0.97625747
-0.27068405
-0.75116888
1.7667324
-0.88946769
-0.31334254
-0.82724116
1.0703127
-0.70701522
0.15920483
-1.1258693
0.12539651
-1.0548943
-0.96970628
-0.51695726
-0.42676366
-1.0810662
-0.35601153
-0.83723438
1.0534437
-0.99645004
1.5964897
-0.80926592
1.8158083
0.1614366
1.1615976
-0.8387529
-0.95978715
-1.0134895
-0.82067747
-1.2447054
-1.0649107
-0.88783559
-1.4412838
-1.5507813
-1.4782809
-0.89282005
-1.4881855
-1.7113525
-1.5690064
-1.4965024
-1.360289
-1.5240343
-1.4005828
-1.101843
-1.3163526
-2.0095703
-2.0392978
-1.4549435
-2.0573436
-1.013884
-2.1075379
-1.6545599
-1.2985207
-1.6192477
-1.7120069
-1.5093243
-1.5402912
-1.6715402
-1.626572
-1.2534035
-0.95250867
-1.0970108
-1.0836947
-0.7895333
-0.53027943
-0.70028744
-0.64050914
1.6578027
-0.79119033
0.81888855
0.57755241
-0.99248285
-0.2646176
-0.21770688
-0.82050316
0.37685588
-0.85108821
-1.071051
-1.140985
-0.44661181
-0.6685448
-0.42023127
-0.92583122
0.015844225
-0.29366434
0.92314272
-0.95686858
-0.047256672
-1.0081739
-0.94370675
-0.84280075
-0.82559213
-1.2244373
-0.7929232
-0.89963835
-1.0434165
-0.16014593
0.6232572
-0.73279814
-0.99965489
-0.53435042
1.3098723
-0.44794054
1.6865459
-0.81532319
0.61740491
-0.97731449
-0.14512805
-1.0797419
-1.1104181
-0.90468966
0.50285168
-1.0451759
0.38459877
-0.77506444
0.35445911
-0.78718662
-0.75719701
-0.55679138
-0.95513853
-0.78372652
-0.33751183
-0.71871671
-1.1683865
-0.99638443
-0.99233152
-1.4536236
-0.68764567
-0.066961919
-1.0481944
-0.8173326
-1.0425199
-1.3129416
0.1776226
-0.67741245
-0.88867669
-1.6748003
-0.99651327
-0.70620113
-0.82033583
-0.98162288
-1.7733185
-1.1762388
-0.27972207
-1.9701965
-1.4705907
-0.85267092
-1.2031387
-1.4317513
-0.72909391
-0.36489596
-0.36979322
-0.78828772
-0.75469798
-0.92193991
-0.98498895
-1.0334299
-1.0399173
-0.98164838
-1.0056256
-0.9077829
-0.94540049
-0.70107913
-1.0697204
-0.13764443
-0.33023978
-0.93160767
0.46408331
-0.40718129
1.1546759
-0.97487179
-0.080288975
-0.95185814
-1.2867673
-1.3031607
-0.9476023
1.7182007
-0.96504424
0.81143288
0.40501381
0.70617259
-0.641789
2.006221
-1.0915291
-0.80154635
-0.68622391
-1.0223459
-0.69039701
-1.0235531
-1.0076153
-0.68898012
-1.2969734
-0.94700737
-0.8859552
-1.3386488
-1.015259
-1.0241516
-1.2237171
-1.1756971
-1.2172594
-1.1853574
-1.1995542
-1.4850708
-1.22032
-1.5902001
-0.92275705
-0.96551702
-0.3789892
-0.30916982
-0.68480701
-0.14725757
-0.87671685
-0.99526992
-1.634244
-1.1678831
-0.73762141
-0.95493978
-0.890975
-1.0538843
-0.79086052
-0.78709964
0.65461054
-0.99915231
2.3597252
-0.26215037
2.2218404
-0.67822133
1.2439748
-1.0628844
0.30945905
-1.1708842
-1.1683264
-0.95688111
-0.16801479
-1.0192401
1.0462565
-0.9749405
-0.59842596
-0.40736486
0.09546757
-0.75196082
0.23475545
-0.50675946
-1.1160754
-0.95618959
-0.90160136
-0.6416687
-0.91085169
-0.74313633
-0.99105857
-1.196641
-1.1342154
-1.0342256
-1.1052708
-1.1314186
-0.88315452
-0.82049831
-0.62932917
-1.0084262
-0.84195712
-0.16880958
-0.7952874
1.7873958
-0.29995943
-1.031637
-0.049833782
-0.16245975
-1.0272234
0.94057429
-0.98847486
-1.2591241
-0.64212724
-1.2510764
-1.2422303
0.87022268
-0.97052335
0.11672485
-0.71832538
0.035918528
-0.99274554
2.2256901
-0.51613926
0.79146143
0.0067284317
-0.41629212
-0.69493409
0.37166069
-1.3197208
-1.0996069
-0.95289906
-1.3061291
-1.3571646
-1.2237447
-1.6523455
-1.1719479
-1.0163529
-1.1018244
-1.0927165
-1.4719677
-1.3790147
-1.5772589
-1.3040935
-0.91458618
-1.9453351
-1.1545791
-1.1831684
-1.3219708
-0.97115208
-1.2806124
1.0639874
-0.38347404
-0.48396073
1.7833193
-0.96412203
0.5101259
-0.36954062
1.5520096
-0.44981107
0.85869647
-1.17136
1.5877588
-0.44331424
-1.067132
-1.1656196
1.2199399
-0.9558191
0.78289894
-0.39803325
2.0722635
-0.2986266
-1.3229774
-1.0303978
-0.99415631
-1.0403917
-1.078299
-1.0087989
-0.95201451
-1.0063795
-0.039722419
-1.2301473
-1.0821048
-1.0845097
-1.4925241
-1.2884299
-1.4674642
-1.6398013
-1.2341556
-1.1594165
-1.5990576
-1.4978311
-1.5798495
-1.1724936
-1.7059332
-1.5906738
-1.4726433
-1.3090843
-1.3262637
-1.4605789
-1.712785
-1.2576079
-1.8321709
-0.8532727
-1.1042513
-1.2681682
-0.8396003
-1.1553344
-1.0338624
-1.1340686
-0.88769668
-1.007189
-1.1318929
0.72133767
-0.21208339
1.1187754
-0.34454963
0.89534531
-0.90493572
0.89993524
-1.0691699
-1.0414756
-1.2063998
-0.87630584
-1.2348278
-1.7207173
-1.3063078
-1.1079644
-1.4572612
-1.1530817
-1.2576133
-1.1613315
-0.93366224
-0.44547593
-0.94401204
-0.49219404
-1.0944106
-1.4919767
-0.86280669
-0.74456959
-1.6782521
-1.211098
-1.9797223
-1.9269607
-1.2176065
-1.4950592
-1.1477372
-1.0376446
-1.7517337
-1.8436233
-1.5492021
-1.8050897
-1.687577
-1.2434942
-1.8791788
-1.2475934
-0.90436026
-0.41074191
-1.0975393
-1.2151323
-1.2321223
-1.311006
-0.65000391
-1.1502933
-1.1311667
-1.1255298
-1.1427598
-0.93599254
-1.1321576
-0.6776293
-1.2757763
-0.5376141
-0.83436196
-1.392115
-0.59895137
-1.1058731
-1.0550012
-1.0677979
-0.90695137
-0.8836496
-1.4816475
0.035789868
-1.2832213
-1.4486453
-1.0421845
-1.1477375
-0.90512164
-1.482359
-0.97734229
-1.1283237
-1.0944398
-1.0719331
-1.2736353
-1.313614
-0.6907533
-1.0856034
-0.79817303
-0.96919624
-0.69248785
-0.82038703
-1.1922228
-1.1715607
-0.93483177
-0.7254586
-1.054533
-1.3125394
-1.1840576
-1.1692838
-1.0854376
-1.4963008
-1.0149563
-0.8338231
-1.0828197
-1.3487538
-0.81394061
1.2273486
-1.30066
-1.1184952
-1.4456195
-1.5041741
-1.3654273
-1.3214241
-0.60261447
0.40280338
-1.3696144
-2.0071266
-1.2189555
-1.1891028
-2.0100526
-1.5800772
-1.4443974
-1.1439509
-1.2600586
-1.3731126
-1.2459299
-0.99762676
-1.1911812
-1.1160293
-0.84227743
-1.6238664
-0.68225979
-1.0549384
-0.64133392
-1.2474672
-0.93961679
-1.0498743
-1.1878083
-0.48618647
-1.3549651
-0.98305837
-1.161646
-1.2399706
-0.68709699
-0.87564493
-0.7678262
-1.0200093
-0.68924519
-1.0269034
-0.95296631
-0.68117233
-1.2512383
-1.2246132
-1.4347554
-1.3677787
-1.0826725
-0.87471286
-1.3320223
-1.0284721
-0.97142654
-0.9948765
-1.0174129
-1.2402691
-0.92757926
-0.78982867
-0.78099722
-0.78900475
-0.90956024
-1.3935506
-0.8275136
-0.95322397
-0.21587503
-0.87852276
-1.0778246
-0.76062633
-1.0068923
-1.0319503
-1.6039049
-1.2564177
-1.2476547
-0.25631076
-0.6239184
-1.6297761
-1.3271961
-0.92233307
-0.86423021
-1.0098095
-1.1179373
-0.96211627
-1.2248997
-0.93640756
-0.56702815
-0.92634454
0.58097963
0.29461379
-0.81337742
-0.73219771
-1.4837039
-1.0743933
-1.4601486
-1.2905979
-1.0866902
-1.5243527
-1.2952736
-1.1076141
-1.1999295
-1.2893429
-0.74135614
-1.047382
-0.70552409
-1.0086855
-0.84187061
-1.176814
-0.67238709
-1.3649037
-1.1668909
-0.49231541
-1.2807876
-1.4373238
-1.1964861
-1.7051114
-1.215556
-1.4293897
0.34018381
-1.3045721
-0.68495903
0.040834057
-1.2528758
-1.1867238
-1.3820526
-0.79085295
-1.4053833
-0.5903001
-0.23020992
-0.28920784
-0.98343043
-0.84562897
-1.2851068
-0.99000987
-1.3207181
-0.86731339
-0.66042613
-0.7728902
-1.1345515
0.29717683
-0.83451939
-0.71317928
-0.77034279
-0.67096304
-0.79236872
-0.93596804
1.3001221
-1.2271869
-1.0961116
-0.70715335
-0.80230374
-0.90782352
-1.2629564
-1.0733202
-1.0317162
-1.1710704
-0.24560888
-0.88093856
-1.0969688
-1.0208595
-1.2002051
-1.1222353
-1.1256544
-0.74344755
-1.4422276
-0.9823468
0.21780262
1.2636581
-0.25158744
-1.8684174
-0.49254515
-1.2522574
-0.68891553
-1.2868828
-0.66215416
-1.8128316
-0.82077897
0.39802185
-0.81480303
-0.37571913
-0.8969841
-0.9988908
-1.2321385
-0.98433019
-0.87462071
-1.2359693
-0.94478294
-1.1626995
-0.96799728
-0.68296333
-1.2498615
-0.86336052
-1.2353417
-1.3448654
-1.4135588
-1.2156664
-1.3165299
-1.2975659
-0.24928508
-0.80730684
0.41920718
-0.64408656
-0.075593524
-0.93301446
1.2459159
-0.60523681
1.3230491
-0.86968341
-1.0289554
-0.33176991
-0.94479078
-1.040439
-0.46856373
-1.0120456
-1.0703687
-0.99643031
-0.96325047
-1.0692895
-0.78587634
-1.069821
-0.66617608
-1.0355617
-0.96057184
1.3342549
-0.5434825
0.095486291
-0.93102452
1.6261225
-0.70559728
1.267413
-0.89950469
-0.71245887
-0.99975174
-0.93402421
-0.840756
-0.75218864
-0.74422704
0.0057988276
-0.27439671
2.3715845
-0.65292497
0.80282242
-0.53304108
0.26043205
-0.94799496
-1.0118475
-1.0103203
-0.83627289
0.45197376
-1.1690019
-0.88951677
-1.0087005
1.0014262
-1.1451062
-1.4829148
-1.0973374
-0.90912368
-1.5957529
-0.81752795
-0.12287206
-0.9463675
-1.0682866
-1.1941061
-0.87396479
-0.64020267
-1.2055258
-0.30130629
-1.0210027
-1.0162584
-1.2168063
-1.0861117
-0.98988723
-0.93663113
-0.76671305
-1.1500856
-0.67851853
-1.1763671
-0.26703069
-1.121769
-0.68041242
0.71201787
-0.51549217
1.1094718
-0.85187458
0.77169761
-1.1828108
0.095356011
-0.89800115
-1.1612552
-1.2053798
-1.1923684
-1.0216707
-0.71268065
-1.0031981
0.36082608
-0.96895341
-0.7991116
-0.37439424
-0.36566404
-0.45743908
1.1886017
-0.76690502
-1.0099343
-0.55317346
-0.91249804
-0.57852959
-1.0771894
-0.54607035
-0.29090817
-0.95926914
-1.2657443
-1.2799975
-1.1773873
-1.1654367
-1.2386568
-1.307779
-1.0054921
-0.88155336
-0.92281056
-0.92842944
-0.26141731
-1.097658
-0.4959883
-0.81803491
-0.92644932
-0.73682299
-0.49476812
-0.18290283
-0.97429978
-0.76397839
-0.81248297
1.5195612
-0.5429235
0.4705331
-1.0346275
1.2659216
-1.0984191
-0.54488801
-0.83944518
-1.1795101
-0.18212711
-1.1612241
-0.59130802
-0.96318626
1.4296769
-1.1177417
1.7080767
-0.93967125
1.09264
-0.57678488
0.46468921
-0.67047617
-0.8758539
0.71756382
-0.97073576
-0.37292492
-1.0356413
-0.84690654
-1.195503
-0.30934394
-1.377503
-1.1319153
-1.2175526
-1.5107181
-1.2936131
-1.2546437
-1.5412386
-1.5275566
-0.97477825
-1.9977698
-1.1989666
-1.1807418
-1.3481583
-1.1705166
-1.0034406
-1.3301443
-1.519476
-1.103605
-0.82272823
-1.1458231
-1.1145466
-0.94017485
-0.68559932
-0.94147957
-0.47541286
-0.96185551
-0.86453751
0.033571188
-1.0059187
1.4505308
-0.80108677
2.1952918
-0.79600651
-0.94217866
-0.71794682
0.24561051
-1.0118613
0.79101176
-1.0951371
-0.93766591
-0.59921656
-0.72985038
0.79050144
-1.2137594
-0.18903348
-0.69443111
1.0655155
-0.96159072
0.23651468
-1.0237782
-1.0272165
-0.89057674
-1.0020969
-0.34309624
-1.0153153
-0.92126865
-0.9791329
-1.3184375
-1.1650321
-1.5581071
-1.480395
-1.3427203
-1.0793868
-1.1962053
-0.97431719
-1.0654262
-1.3313787
-1.1239053
-0.85827419
-1.0063471
-0.86326515
0.80521677
-1.0200535
-0.71557889
-0.4682135
1.4953317
-0.22147863
0.63306652
-0.82220066
0.66149544
-0.86145325
0.38686659
-1.1264863
-1.1267002
-0.25955891
0.05600391
-0.67121438
0.6311518
-1.0502669
1.4610903
-0.66976718
-0.77943067
0.53516083
-0.74578202
-0.54189566
-1.3262542
-0.48561391
-1.1207481
-1.6837917
-0.54543238
-1.8183589
-1.4365192
-1.07733
-1.4570706
-1.4555445
-1.296269
-1.3768324
-1.2486226
-1.4476911
-1.1874552
-0.98837864
-1.3610221
-0.10959072
-1.1103286
-1.0533996
0.024010034
-1.0292622
-0.3555702
-0.83896635
0.63284404
0.89981713
-1.0142192
1.1694278
-0.80076451
-0.58203022
-0.80563315
0.16744915
-1.0485931
-1.1397666
-1.0993493
-1.4569285
-0.023293416
-0.46491416
0.10202892
-0.84028672
1.8960765
-0.72723248
1.2804909
-0.54572423
-0.97617666
-1.4040592
-0.88494168
-0.43692502
-1.0979992
-0.96965889
-0.94970732
-1.4297867
-0.79825058
-1.3193202
-0.79867591
-1.6117727
-1.119601
-1.3466713
-1.2909851
-1.444293
-0.85235978
-1.0041581
-0.80175264
-1.1698399
-0.73017
-1.199357
-1.0868005
-0.70570167
-0.59640779
-0.21152294
-0.79054853
1.2202319
-0.99342489
-1.0219047
-0.55698588
2.5055067
-1.0953764
-0.00014907279
-0.99520355
0.052958638
-1.3357622
-1.1191205
-1.7538327
-1.4498036
-1.296103
-1.6545359
-1.592201
-1.1978112
-1.2699888
1.014992
-0.90497578
1.1380975
-1.3142403
0.75737278
-0.51488122
0.35372644
-1.085128
-0.6526192
-0.84337231
-1.0923162
-1.1188312
-0.80547237
-1.6337914
-0.67275855
-0.96690766
-1.0011228
-1.406613
-1.41991
-0.85835457
-1.173762
-1.1738074
-1.1889454
-0.87523306
-0.71077729
-1.0725986
-0.86950528
-1.0183723
-0.89480792
-1.0674879
-0.63437842
-0.27482548
1.0546875
-0.83503475
1.2281136
-0.97478604
1.276137
-0.84222977
0.50631303
-0.71181898
0.0099434929
-1.16646
-1.5432651
-0.48897054
-1.1873894
1.639361
0.054510069
1.9607878
-0.78463364
0.55534673
-0.83341986
-0.39800547
-0.58052447
-0.52446339
-1.1576579
-0.74967428
0.3906106
-0.43385713
-1.061299
-1.3686616
-1.1702938
-1.0459875
-1.1744839
-1.7519264
-1.2552456
-1.2946845
-1.2315967
-1.9212447
-1.1983647
-1.19505
-1.4310049
-1.5004973
-0.32138597
-1.0406185
-1.1122155
-1.066587
-0.65379875
0.78721188
-0.63446556
-1.3101409
1.4141209
-1.0039053
0.74498973
-0.034974929
0.94917621
-0.51874832
1.1631189
-1.1520305
0.78883066
-1.5146995
-1.1671612
-1.0906158
-1.0555011
-1.103762
-1.1501079
1.6877016
-1.0057194
2.0748049
-0.16678868
2.4576389
-0.2962612
-0.93342446
-0.94611188
-0.99347009
-1.0894122
-1.1510072
-1.0086606
-1.0082144
-0.87398262
0.3237015
0.71386707
-0.52902395
-1.140453
-0.78207954
-1.8168653
-1.0629792
-0.99896722
-0.71856
-1.5081089
-1.0161323
0.38287958
-0.73491702
-0.57761232
0.30817725
-0.46660351
-1.0948629
-0.8823344
-1.0108822
0.83752484
1.2456357
-0.65506251
1.5667701
0.23067069
2.0379885
-0.27151451
1.5056055
-1.2113968
-0.48090548
-1.4117275
-0.97986298
-0.80224207
-1.3228982
-1.2254302
-1.2023044
-0.87330369
-0.93402311
-1.1458978
-0.8572186
-0.57112347
-1.0562325
-1.6823508
-0.63032502
-1.1097087
-1.2870208
-0.79040554
-0.23420114
-1.397702
-1.3590359
-0.87222797
-0.51960121
-1.5365896
-0.82250466
-1.4272982
-1.1963542
-1.8989871
-1.6602642
-1.3925385
-1.3164543
-1.2550357
-1.8265954
-1.3407818
-1.5558351
-1.4342723
-1.5044182
-1.8608893
-1.2119063
-1.2538206
-1.3194179
-1.7725306
-0.99894598
-1.3485625
-0.79967652
-0.7630515
-0.75542474
-0.50776041
-0.65783461
-0.90093724
-0.98448852
-0.79063603
-0.63204917
-0.70173889
-0.81531697
-1.0763986
-1.1236509
-0.92178045
-0.94643907
-1.153472
-1.0481508
-1.3742627
-1.2352832
-1.2448365
-1.2318358
-1.2386915
-1.404993
-1.2174074
-2.0022727
-1.4680997
-1.3434476
-1.3967905
-1.4084528
-1.278553
-1.4110278
-1.6829616
-1.549153
-1.6138364
-1.1162586
-1.302744
-1.3322482
-1.5199917
-1.1582383
-1.4409898
-1.3575208
-1.0550902
-0.6858798
-1.1695984
-1.0622583
1.4321034
-0.94353337
-1.2190985
-1.0717071
-0.86639954
-0.78307743
-1.0641788
0.51123892
-1.0421846
-1.4247018
-1.1248181
-1.1182362
-1.3698126
-2.3702651
-1.1365258
-1.202016
-1.0486576
-0.99888205
-0.86964499
-1.0817049
-1.1297602
-0.42240327
-1.0940416
-1.0501471
-1.2023609
0.92492403
-1.3305285
-1.3399031
-1.074001
-1.1149866
-0.78022923
-1.334006
-1.4077807
-1.1866785
-0.82834252
-1.0831991
-0.69622655
-0.98757793
-1.0217146
-1.2365447
-0.93412981
-1.0117777
0.15475076
0.72838884
-0.96991183
-0.68915286
-0.59022091
-1.2633614
-1.1682237
-1.0630886
-0.79439435
-0.4551599
-1.5518649
-0.93265118
-1.043762
-0.70156593
-1.393097
-0.071472695
1.9075014
-1.2781536
-1.2405993
-0.7163363
-1.0282698
-1.3756071
-1.2019639
-0.88018567
-0.79402403
-1.0828729
-1.0088478
-1.1198307
0.38037798
-0.95285406
-1.0806929
-1.2594698
-0.65975597
-0.80453473
-0.31437579
-1.1318327
-0.78460057
-1.0098264
-0.59269345
-1.1145574
0.30652987
-1.0393332
-1.6285645
-1.3239088
-1.406205
-1.7970506
-1.1958127
-2.0824155
-1.0595224
-1.1157778
-0.99545309
-1.4280756
-0.18608363
-0.64927513
-0.86929175
-1.2048628
-0.05397926
-0.74245868
-1.2532358
-0.99719118
-0.86696509
-0.84052877
-1.2096383
-1.228615
-0.95764418
-0.81233991
-0.71429946
-1.0209911
-1.2731751
-0.72477322
-1.0982553
-1.246116
-1.0100772
-0.039630311
0.39626291
-0.96676347
-1.0070661
0.13230902
-0.92072736
-0.60115645
-0.92167175
-0.29522479
-0.40621136
-0.96569892
-1.0092186
-0.87858671
-1.1332912
-0.75855463
-1.0307459
-1.075695
-1.1906408
-0.99869042
-0.55876161
-1.0947902
-1.0274716
-1.3053483
-1.0218781
-0.14767115
-1.0239889
-0.84988731
-1.0419727
-1.0064117
-1.0382974
-1.1442696
-0.96188371
-1.1100405
-1.0497058
-0.42566656
-0.75133512
-0.91512361
1.4061638
-1.0419116
2.4719873
-0.78645329
0.87482515
-0.29596918
-0.34469691
-0.94524835
-1.0045273
-0.76486596
-1.1072547
-1.5935233
-1.1428782
-0.034900066
-1.3182859
-1.3501493
-1.0246814
-0.7878246
-0.63236092
-1.1158938
-0.78379381
0.41997757
0.053669445
1.8548143
0.41435991
1.2046431
0.15249695
1.0061934
-0.98935613
-0.88685551
-0.67425525
-0.94999032
-0.078609063
-1.4318998
-0.59036584
-1.0083296
-0.80069815
-0.099160679
-0.34429049
1.7294856
0.12115347
2.3836104
1.1703479
-0.7884692
-0.93293054
-1.0790911
-1.0265345
-0.91907649
-1.3807414
-1.0591754
-1.2993785
-1.0229162
-1.0765862
-0.61465972
0.44475187
-1.0537138
-0.21295186
0.52529943
0.31498431
2.4078127
0.003390907
1.5383348
-0.43147241
-0.55806267
-0.99700769
1.347096
-0.82731742
-0.39650619
0.49742234
-0.42650295
0.70085984
-0.95875782
1.6392761
-0.23940305
0.91049914
0.35068262
-0.76057832
0.25863616
-0.89789405
-0.032716925
-1.1526386
0.13929895
-1.2526655
-0.31592801
-1.1983459
-1.2778932
-1.3198817
-1.0788714
-0.7754985
-1.0851591
0.77466303
-0.97625299
-0.63910016
-1.1973494
-0.81318675
-1.1305778
-0.49146376
-1.0598098
-0.61313404
-0.60681066
-0.54377183
1.5909617
-0.35471008
0.36554077
-0.88608897
0.36342812
-1.0341851
0.35318731
0.0058649629
-0.90735772
-1.111497
-0.90277804
-1.1460131
-0.57469557
-0.91309394
-1.1649647
-0.33190585
2.1616797
-0.8680993
2.1277745
-0.72549718
1.3402854
-1.3833382
-0.27539768
-0.61194804
-0.94729702
-0.22289453
-1.0315175
0.1722668
0.59934352
-0.20102432
-0.98402714
-1.0922544
-1.3638027
-1.0574562
-1.1225236
-1.1467397
-1.1721617
0.73918394
-0.75475241
-0.9451538
-0.92260843
-0.8295108
-1.0799107
-0.9620337
1.6963663
-0.63492974
1.6056529
-0.42392414
0.74622162
-0.032658143
-0.20943789
-0.39623918
-0.26924521
-0.66761375
0.314987
-1.0353497
-0.98068247
-0.61111858
-0.69078929
1.4611918
-1.0326065
1.910362
-0.94834457
0.42576333
-0.43848051
1.825033
-0.98387282
-0.98171886
-0.78565315
-0.97611814
-1.1767339
-0.41911342
-1.2959607
-1.1448511
-0.87972066
-1.1275424
-0.95479514
-1.3309524
-1.5521353
-1.1822448
-1.2118231
-1.1928191
-1.2131492
-1.4785172
-0.91244813
-0.96884935
-1.2092382
-1.1072592
-0.83846441
-1.1036682
-0.83874538
1.1906781
-0.49223198
1.9631024
-0.94639558
0.87699327
-0.2535304
1.2682952
-0.6960822
-0.76101069
-1.0380253
-0.94141111
-1.1246789
-0.031702922
0.30693198
-1.231177
-0.65121937
-1.1807794
-0.30409159
-0.49637171
-0.42816236
-1.0897973
-1.383031
-0.74902113
1.3730141
-0.3208592
0.51418266
-0.096737257
0.78986737
-0.33202573
-1.0581232
-0.8554541
-0.99443077
-1.1522889
-0.59166266
-1.0507901
-1.1118628
-0.91623996
-0.48998226
-1.2940184
-0.87388463
-1.1792656
-0.68149421
-1.0384449
-0.61790184
-0.14849091
-0.88109522
-1.0847556
-0.96093907
-0.79550069
-1.0869192
-0.8735534
-1.4624596
-0.72894866
-0.5332947
-0.1620326
-1.3108137
0.020810224
-0.82747118
-0.92872431
-0.96757172
-0.71899279
1.4552646
0.84691119
-0.45147962
-0.34916858
-0.15922242
-0.66613105
0.17094775
-0.71248669
-0.12069273
-1.1616375
-0.21093279
-1.4241923
-2.1552346
-1.3112105
-1.5059754
-1.5789968
-1.2900957
-1.0213945
-1.1242118
-1.1997642
-0.93315749
-0.47422834
-0.21302492
0.53501318
-0.34401306
1.3346365
-0.84437386
1.118882
-0.98490151
0.57248451
-0.79486067
-0.64346124
-1.4044751
-0.39416932
-1.3301068
-0.99829044
-0.48545872
-1.4684168
-0.99361932
-1.8846713
-1.3580769
-0.44440356
-0.69186058
-0.91002655
-1.0262031
-0.43649848
-0.45565118
0.16988183
-0.91060616
1.2107519
-0.024775816
0.71478805
-0.42353381
0.73921019
-0.29525493
-0.0042303839
-0.68609198
-1.0863656
1.6750074
-0.60927899
0.23695234
-0.82592208
1.7579958
-1.0128639
0.83870437
-0.5696169
-0.48224492
-1.1103972
-0.1266455
-1.061373
-0.60544096
-0.77522212
-1.0866336
-1.1303028
-0.98344786
-1.2009351
-0.92060196
-0.77406651
-1.1598115
-0.96632017
0.37158913
-0.85539748
1.7043094
0.050264203
0.81534171
-0.38152517
1.8343392
-0.42040482
1.3209216
-0.36326261
-1.0688296
