-2.0810627
-0.99082888
-0.92624904
0.21188377
-0.24893125
0.40674782
-0.71443896
-0.48960952
-1.685315
-0.61947366
-0.69279971
-1.0614613
-0.46485814
-0.9458725
-0.96015415
-1.0938199
-0.97665297
-1.4478409
-0.64473105
-0.98731739
-1.3665496
-1.0155261
-0.93059664
-0.45521672
-0.78461636
-0.19466962
-0.5480912
0.25498964
-1.0734505
-0.87473371
-1.4443599
-1.3465357
-1.422886
-1.5592344
-1.456029
-1.4092436
-1.5772523
-1.200045
-1.2347758
-1.2744261
-1.1484506
-0.86563542
-1.0616774
-1.3822848
0.15438103
-0.41440062
-0.49978711
-0.98726181
-0.84979315
-1.391246
-1.774913
-1.404252
-1.0144517
-0.92773127
-0.78153521
-0.94798598
-1.4396212
-0.98731739
-1.3199717
-0.96967661
-0.98753882
-1.0572357
-0.92046926
-0.96359684
-1.0843795
-1.0000037
-1.0407979
-1.071909
-1.4952827
-0.83558071
-0.83613964
-1.3208454
-0.67741272
-1.0218522
-0.76723454
-0.91607603
-0.28237035
-1.0450489
-1.0514725
-1.0005962
-2.0133536
-0.92849946
-0.99220611
-0.98741546
-0.71285965
-0.62625629
-0.42728474
-1.2876744
-0.3086436
-0.84683601
-0.98489296
-1.009842
-1.116473
0.21308874
-1.6316011
-0.98178203
-1.030153
-0.7518066
-0.65726484
-1.2553765
0.10479159
-0.98530555
-0.85090907
0.064132384
-0.99993104
1.064463
-0.98724942
-0.9589943
-0.92330669
-0.68208122
-1.0657839
-2.1629308
-0.60148283
-1.6475671
-1.0717619
-1.7260843
0.74160043
-0.95102939
-1.4232112
-0.38133417
-1.0371782
-1.0613684
-0.67039196
-1.2143009
0.39252049
-0.7937935
-0.71348759
-0.36757998
-0.64821796
-0.79817649
-1.1134819
-1.2144392
-1.334514
-1.1576341
-1.0318591
-1.0738969
-0.99414814
-0.67101458
-1.0265577
-1.1330871
-1.2421528
-0.98522618
-1.0438393
-0.73497955
-1.1010246
-1.0246198
-0.56465523
-1.5657313
-0.76186475
-0.054213592
-0.99319345
-0.87291651
-1.1868326
-0.70066426
0.47064847
-0.49002121
-0.98972416
-0.6334531
-0.48410688
1.8675335
-0.37264371
1.1588207
-0.88687783
-0.16626095
-0.49703812
-1.0490518
-0.65617195
-0.90835234
-0.97241465
-1.3220694
-1.1367272
-1.1388657
0.11129774
-1.3240321
-0.95914521
-1.6774143
-1.3213363
-1.1819888
-1.3857626
-0.90075412
-1.3253136
-1.0428845
-0.68103364
-1.2070598
-1.1162937
-0.2649884
-0.70824522
0.33543904
-0.94279022
0.220106
-0.60445533
-0.77411234
-1.1635265
-0.73808678
-0.62288294
-1.121885
-0.74912585
-1.0228315
-0.48290285
-1.3971209
-1.0597162
-1.1592293
-0.79007492
-1.2630273
-1.1687701
-1.4289188
-1.0304967
-1.5218272
-1.4280881
-1.4136005
-1.3557856
-1.436254
-1.3627013
-1.5232877
-1.458276
-1.4920536
-1.2314354
-1.5326052
-0.94529727
-1.8307208
-1.5355523
-1.5623299
-1.6955004
-1.1104072
-1.3548812
-0.9273632
-1.4921374
-1.1225202
-0.9018504
-1.0001926
-0.13138847
-0.90441438
-1.7684269
1.0441854
-0.75276871
0.58872797
0.29957426
0.81909003
-0.41931098
-0.042587631
-1.2507784
-0.521589
-1.1804249
-1.0523184
1.4906272
-0.77194157
1.3098015
-0.62060741
2.4990105
-0.83535237
1.3010516
-0.87447886
-0.46556676
-1.2497265
-1.2209686
0.5137384
-1.2314225
-1.3733759
-1.3982362
-1.543125
-0.76126241
-0.93652662
-1.6053825
-1.3456339
-1.2689135
-0.77628495
-1.1655974
-1.2574838
-1.240698
-0.92108876
-0.92498672
-1.209862
-0.97485105
0.99692114
-0.87676926
-0.65931682
-0.80251341
-0.7508559
-0.78054586
-0.83099226
-1.3174322
-1.2316982
-0.43401781
-1.4729855
1.767874
-0.87783375
-0.41753833
-0.32347907
3.1489716
-0.43212944
0.56770905
-0.027230769
0.8737676
0.01182372
-0.69733613
-1.2377517
-1.1032699
-0.83931807
-1.2652932
-1.2202579
-1.0473542
-1.3493587
-1.0273556
-1.2350797
-1.3528501
-1.1291516
-1.3787869
-0.95585494
-0.090918612
-0.81381838
-0.8431368
1.484535
-1.0143928
0.48119782
-0.11699318
-0.13980171
-0.96159742
-0.50483976
-1.3839399
-0.97952366
-0.96728858
-0.97006827
-0.98364309
-0.99605973
-1.0071519
0.93986282
-0.74940934
0.85098066
-0.94541074
0.65620164
-0.52497549
0.62236256
-1.1132736
-0.92369727
-1.1135969
-1.0724093
-1.0415651
-0.74028716
-1.4148882
-1.0747338
-1.1496776
-1.1332951
-0.96692247
-0.97789869
-0.1722591
0.24360617
1.3630028
0.080871559
-0.46180958
-0.92377385
-1.312
-1.1596051
-0.77347695
-0.81506389
-1.1488194
-1.1075625
-0.87207032
-1.0141451
-1.3355971
-1.0172147
-1.5070519
-1.3148111
-1.1664424
-1.4375425
-0.58389847
-0.80788708
-1.2733922
0.39208363
0.035342185
-1.114087
-0.34299554
-0.73214202
-1.5328421
0.18056535
-0.80726876
-1.4198755
-1.1581297
-1.4382537
-1.1067178
-1.2640581
-1.3180089
-0.8235879
-0.88175873
-1.2382502
-1.0311751
-1.1456319
-0.72212165
-0.65074277
-0.030611466
-0.88078278
2.4116336
-0.84533845
0.46358508
0.75668934
-0.7059654
-1.0643203
-0.85826085
-1.0063204
-1.0462437
-0.99361198
-1.1515188
-0.82846654
-1.1894153
-1.0843963
-0.85365773
-1.3694159
-1.4597372
-1.4462741
-1.270258
-1.2484175
-1.4964924
-1.475608
-1.5291111
-1.2315599
-0.97285086
-1.202017
1.5470421
-1.1250815
-1.2664297
-1.0235097
-0.97138171
-1.1715085
-0.7850353
-0.93190591
-0.80032818
-0.31313318
-0.092240979
-1.1294641
1.0653066
-0.7773679
1.1169293
-1.33553
1.2423857
-1.1735778
-1.0883835
-0.98338795
0.62057724
-0.59265491
0.52221191
-0.96525916
-0.22491995
-1.0399688
0.30765554
-0.47678887
-0.66416453
-1.1058352
-1.6113965
-0.99071548
-0.79620883
-1.0838597
-0.4487798
-1.0372636
0.23877678
-1.1968057
-1.1951245
-1.5474078
-1.6494502
-1.6887799
-1.3592469
-1.0849389
-1.4930402
-1.273281
-1.0942714
-1.0098301
-0.43224559
-1.1115666
-0.14726769
-0.61054523
-0.46848517
-0.79635835
-1.0656075
-1.0024869
-1.0446012
-0.31366873
-0.85415849
0.75355546
-0.96503568
0.45787837
-0.36727892
-1.3084742
-1.5365748
-1.3556
-1.3310854
-1.3721609
-0.96007245
-1.1204344
-1.1916404
0.95850449
-0.8232621
-0.99903939
-0.93382337
-0.62445301
-0.97938695
-0.14215822
-0.98953741
-0.71517267
-0.90575062
-0.3470101
-0.87645568
0.11476782
-1.1279193
-0.71246761
-1.1070117
-1.1857718
-1.0672193
-0.70196052
-1.3011606
-1.421317
-1.4677181
-1.1723386
-1.1742852
-1.4382829
-1.6425109
-1.3375645
-1.1231453
-1.3135014
-1.1818377
0.23505671
-1.1908185
-0.77863634
-1.0287958
-1.0603499
-0.92594095
0.56514377
-0.9026138
0.58120876
-1.0722985
3.1721691
-0.7432183
0.43962052
-0.97938695
2.0242808
-1.023773
0.50262798
-1.2568922
-0.032749201
-1.1282749
-1.1636365
-1.1377944
-0.23098259
0.008648369
1.1458706
-1.0461494
1.976428
-0.93137724
-0.27033634
-0.53691558
0.67326475
-0.69491578
-1.4850252
-1.3476257
-1.09634
-1.2919168
-1.0421569
-0.68428109
-1.1473873
0.597791
-1.1075834
-1.090368
-1.5417327
-1.3251122
-1.2110957
-1.6418175
-1.4557831
-1.5808032
-1.362536
-1.3441058
-1.548646
-1.1417973
-1.0263176
-1.1076642
-0.54049398
-1.0446092
-1.1212801
-1.0135124
-0.9982005
0.61365111
-1.1866111
0.097014403
-0.044180954
1.3867908
-0.59149652
0.71464795
-0.76566726
0.80204966
-0.91067376
-1.1638911
-1.7038935
-0.99036792
-0.48591958
-1.3476236
-1.9902515
-1.3865404
-0.069021696
-0.061707316
-0.88406825
-0.38097851
0.36904974
-0.050402952
0.5820272
-0.34929976
-1.6995669
-1.203245
-0.93617757
-1.1429278
-0.63306105
-0.85791068
-0.70096057
-0.54207343
-1.0591849
-0.78280272
-0.48016293
-1.4104015
-0.88026488
-0.83481901
-0.55386302
-1.5231661
-1.1270737
-0.73618299
-1.048
-0.9731801
-0.83886435
-0.85055339
-0.8444962
-0.99756656
-1.0421351
-0.70969088
-0.48745856
-1.1697402
-0.99245554
-0.92365173
-0.95653125
-0.99570993
-1.1577546
-0.93824511
-1.3308288
-0.69578201
-0.23725889
-0.26131618
-0.99305297
-1.0179943
-0.9884117
0.38430165
-1.6318309
-0.51527605
-1.4586789
-1.10048
-1.1680631
-0.79041453
-1.1309064
-0.81428852
1.1149629
-0.85581596
1.7032707
-0.91934427
3.7885237
-1.5541603
1.7217186
-0.99813178
-0.88155329
-1.3706493
-1.1218748
-1.0384852
-1.0794899
-0.60964436
-1.0781341
-1.1153898
-1.3469836
-1.1323093
-1.2711945
-1.2528066
-1.6034378
-1.5073355
-1.5151499
-1.3427263
-1.4470115
-1.5146434
-1.603409
-1.5289394
-1.4284077
-1.5224714
-1.5132901
-1.4280909
-1.3255009
-1.3851075
-1.3978072
-1.3693493
-1.517614
-1.5132901
-1.5819492
-1.495657
-1.5246129
-1.1317991
-1.1141541
-1.1567918
-1.1862302
-0.95190008
0.76154143
-0.85563749
-1.1394329
-1.5445666
-1.1201217
0.4627875
-1.2517043
-0.99685581
-0.3620344
1.8241524
-0.58485596
1.1540302
-1.7046008
0.0036982884
-1.0001439
-0.76618803
-0.99958178
-1.1661246
-1.1000305
1.0433109
-0.1745984
2.0050663
-0.98384194
2.2834623
-0.38963534
0.60425362
-0.75263145
-1.1141908
-1.0193193
-0.40555547
-0.94642858
-0.61122196
-1.0970792
-0.86513417
-1.0181737
-0.12877399
-1.2778666
-1.24607
-1.07354
0.40301069
-1.7545899
-0.38777746
-0.77601976
-1.2815218
-0.88011198
-0.53807767
-1.761803
-1.0704143
-1.0201923
-1.0611136
-0.78790131
-0.6183044
-1.1605937
-0.77230064
-1.080874
0.59194166
-0.72031221
-0.7472863
-0.55324732
1.8472949
-0.98678878
0.2379954
-1.0744263
0.65685466
-1.0490627
-1.1593383
-0.81291342
1.9196742
-1.052891
0.36216263
-0.88280059
2.3557429
-0.91839957
0.14526902
-0.63738259
1.9233467
-1.2874474
0.39134076
0.34586372
-1.0573936
-0.1070094
-0.87319901
-0.54614919
-0.56604761
-0.71118063
-0.91041678
-0.46046632
-1.2962167
-1.7123037
-1.4049054
-1.3478645
-1.6945383
-1.6363799
-1.6102716
-1.4659226
-1.5834531
-1.5482281
-1.53459
-1.5598762
-1.5294628
-1.5498457
-1.6683679
-1.343662
-1.6008245
-1.5304936
-1.5578951
-1.5368362
-1.5155962
-1.3117652
-1.1792197
-1.1212234
-1.4354154
-0.42313992
-1.2400167
-1.2777749
-1.0593191
-0.52285311
-1.0480772
-1.1209377
-0.81806543
-0.67951178
1.5394897
-0.97703834
0.12551113
-0.93368432
0.64445026
-0.98379353
1.1195154
-0.40196617
0.69276195
-0.97277545
0.34334662
-0.94939485
-1.0722759
-1.0876714
-1.1131441
-1.0214366
1.0244646
-0.78565499
0.24347749
-0.64182467
0.55664495
-0.89585117
-0.90458266
-0.79405287
-1.8674205
-1.0803424
-0.77314267
-0.98093932
0.26610937
-1.0286355
-1.0154427
-1.027451
0.15148844
-0.99907325
-1.2755553
-1.4604633
-1.4394238
-1.6831026
-1.3488764
-1.5073166
-1.6139895
-1.4491867
-1.7941177
-1.5409213
-1.6130958
-1.5961075
-1.6939354
-1.4299775
-1.6295039
-1.395982
-1.5903954
-1.5523605
-1.4530549
-1.602076
-1.7112083
-1.6866689
-1.4970661
-1.4659571
-1.5418837
-1.4006042
-1.5879825
-1.5704757
-1.4639809
-1.2503602
-1.094996
-1.2977023
-0.56288135
-0.90447798
-0.14997682
-1.1137741
-0.42511644
-0.92959069
-1.3022178
-0.99781651
-1.0654364
-0.99234958
1.8226042
-0.91886984
1.0150769
-1.0374983
2.0100938
0.37943566
-0.17600693
-1.1165879
0.57009635
-1.0622339
-1.1469149
-1.0367454
-0.11829591
-0.93901889
-0.8808357
-0.30834958
0.68513104
-0.99033203
1.0568706
-0.19265065
0.31848385
-1.086446
-1.1008867
-0.24040922
-1.0081818
-0.88700131
-1.2910269
-1.052389
-1.043104
-0.88432584
-1.1076572
-0.6034087
-1.0819044
-0.78571473
-1.123376
-1.3238131
-1.5817584
-1.4944972
-1.7857868
-1.3620379
-1.569527
-1.4569961
-0.80073558
-1.1951531
-1.121284
0.11967502
-1.2992202
-1.0050866
-0.62579966
-0.28775368
-0.79372824
1.5357185
-0.98112249
-0.28486567
-0.98413387
0.22532009
-0.9582762
0.75431886
-1.0307218
1.2456096
-0.94233691
-1.1244951
-1.1264175
-0.22261971
-1.0831104
0.29760911
-0.98980028
0.23270729
-0.98384194
-0.26998739
-0.66969041
0.99950829
-0.99058942
-1.1142697
-0.9022464
-1.1004454
-1.2058618
-1.0399117
-1.2234873
-1.0779821
-1.0429036
-1.0454642
-1.1816823
-1.2479849
-0.96417186
-1.349719
-0.9971257
-0.99913917
-0.32937829
-1.024278
-0.98650173
-0.18587581
-1.0219295
0.32812676
-1.0257502
2.3206217
-0.98384609
1.5216015
-0.19744271
0.53102985
-1.0638694
-0.33956116
-1.0206641
-1.2306433
-1.3403369
-0.95274508
-1.0839097
-0.2117981
-1.0487849
0.19962282
-1.017396
2.7989748
-0.53744997
-0.22837761
-0.87496929
-0.41206803
-1.4655164
-0.90926631
0.26483338
-1.1315632
-1.0833257
-1.720472
-1.182163
-0.013034909
-1.0477989
-0.89783482
-1.4439068
-1.034129
-1.4690226
-1.3814772
-1.46639
-1.6197567
-1.1535964
-1.1258728
-1.6452828
-1.3500811
1.4404489
-0.85958595
0.4005868
-1.1210082
-0.90654917
-1.1446408
-0.8925122
-1.0691846
-0.15529226
-0.75667884
-0.65525324
0.72149987
-0.50607179
0.35537382
-0.32753556
1.756641
-0.48444845
0.93174884
-0.88483298
-1.1408661
-1.2260701
-1.0088893
-1.0481994
-1.2366813
-0.57575145
-0.58914403
-2.0223808
-1.8500989
-0.74709745
0.33318359
-1.3954317
-0.83362434
-0.13323462
-1.5404907
-1.3252324
-1.0122279
-1.0220803
-1.2970948
-0.061036943
-1.0423134
-1.3279226
-1.4575668
-0.59765204
-1.2657995
-1.0524641
-1.5460002
-1.3133265
-0.96537165
1.4364314
-1.2493048
-0.72019692
-0.50192096
-1.3553841
-0.89708788
-1.3182274
-0.64880241
-0.84220603
-1.2077067
-1.563514
-1.0354484
-1.1239855
-1.263934
-1.0659098
-0.44506537
-0.93719156
-0.96537593
-1.00107
-0.97699705
-1.42299
-1.1167933
-0.4952226
-1.0507826
-1.2398343
-0.93795303
-1.2785726
-1.0325581
-0.8249552
-0.93155731
-0.025983994
-1.1333
0.061302396
-1.3210332
-1.4208579
-1.1056201
-1.245717
-1.2567455
-0.93607727
0.051867609
-0.13448376
-0.80824288
0.89755328
-1.0586224
0.2952786
-0.61156656
0.082433779
-0.96041411
-0.46306047
-1.0666008
-0.94393731
-1.4946905
-1.1130845
-0.72483456
-1.2894792
-1.3871231
-1.1612315
-1.3602039
-0.79820129
-1.1354711
-0.74168178
-1.1703452
-1.1673187
-1.2723091
-1.5240303
-1.2505889
-1.3795718
-1.0386165
-1.2445695
-1.2769828
-1.0832074
-1.6337148
-1.6463553
-0.98307008
-1.0845144
-1.7388994
-1.0054342
-0.99549204
-1.2239922
-1.258715
0.84268652
-0.99789313
-0.7521628
-0.56114887
-0.84803495
-0.56268163
-0.1164445
-0.91581054
-0.16019345
-1.0558502
-0.57747494
-1.2258207
0.35109359
-0.81088017
-1.2236551
-0.9890943
0.41029043
-1.4176715
0.79980661
-1.1270145
-1.563008
-0.21218333
-0.4940701
-0.54422121
-0.66778259
-0.84696736
0.038269257
-0.68707789
-0.78651309
-1.3587035
-1.1392965
-1.0297546
-1.1369442
-1.0260709
-1.0725015
-1.180024
-1.2262723
-1.176711
-1.2703777
-1.297849
-0.43301238
-1.0877563
-1.1235167
-0.94052065
-0.81175546
-0.98283966
-0.92371926
0.22530558
-0.4526635
-1.3456146
-0.64504184
-0.97933009
-1.1274589
0.12747262
-1.0943056
-0.15376104
-1.1994462
-1.7643105
-1.1885638
-0.93042908
-1.5030173
-1.2538488
-0.79376368
-0.73189608
-1.0862476
0.09048311
-0.82583947
-1.0948938
-0.62602645
0.27108309
-0.93410688
1.0954493
-1.0536583
-0.48029114
-0.89616216
0.084415129
-0.73949673
-0.88591329
-0.89584529
-0.91055319
-1.1302188
-1.3379412
-1.1915035
-1.3800372
-1.3412207
-1.3437313
-0.74156068
-0.94199092
-0.98778237
-1.2375031
-1.1591389
-1.2461729
-1.0792275
-0.88199672
-1.0258542
-1.0036456
-1.1573846
-1.1228942
-1.0844213
0.74613464
-0.70970703
-0.18562801
-1.0165188
1.4077882
-0.75443548
0.13554667
-1.0420553
-0.28992863
-0.83566708
-0.7753621
-1.0885989
-0.29312514
-1.1377465
-0.96614559
-0.75967273
-0.93035917
-1.0103749
0.6192947
-0.79478198
0.75877966
-0.82331804
-1.0368223
-0.59035879
-0.82243465
-1.1243469
1.38334
0.081215777
-1.1675863
-0.73428566
-0.91207063
-1.008154
-1.3873713
-1.0707484
-1.1599133
-0.67827731
-1.3037422
-0.92276901
-1.4285984
-0.83883765
-1.2930149
-1.1079183
-1.5472334
-1.2544443
-0.83973364
-0.92938916
-0.24833375
-1.4719735
-1.2641707
-1.0515889
-1.2795206
-0.94320313
-1.0418126
-1.1875946
-0.84978591
-0.66470169
0.21085778
-0.97492801
-0.30942535
-0.94682586
-1.0072606
-0.61774228
0.029309754
-0.92268989
-1.001561
-1.3107836
-0.86031837
-0.83443953
-0.47756486
-0.93116829
-1.0726205
-1.1081622
0.049662395
-0.10070556
-0.36143734
-0.47685243
-0.95462438
0.20294464
-1.3028743
-0.27710346
-0.73179057
-1.3517166
-1.661404
-1.0420134
-0.99182843
-0.90153287
-1.0974395
-1.5852286
-0.94679678
-1.6871777
-0.69638364
1.0146904
-0.85844201
1.5591439
-0.68528946
4.1375678
-0.93459027
-0.48541804
-0.3580134
-1.1558161
-1.4115643
-1.1521015
-1.647178
-1.0250993
-1.1745464
-0.97479313
-1.1530115
-1.2795852
-1.2558837
-1.2628635
-1.342461
-1.1880816
-1.3884795
-1.1074075
-1.1281279
-1.2761438
-1.3448358
-1.2081704
-1.1598306
-0.97065462
-1.3347678
-1.5700926
-1.0954649
-0.96326903
-1.1872784
-1.1323642
-1.3077142
0.31324392
-1.1346696
0.075661837
-1.1762521
2.4642027
-1.018069
-0.083521942
-1.5559801
-1.2768963
-1.1022603
-1.0756705
-0.96219357
-1.0674118
-1.2560541
-0.65900715
0.23301617
-0.82636861
-0.41870754
-1.0831092
-0.91578017
-1.4314748
-0.87812662
-1.0161483
-0.95187143
-1.2143509
-1.0961131
-1.0892428
-1.6542196
-1.0445684
-0.34603236
-1.2182476
-1.4959379
-1.296651
-1.0449586
0.86850642
-1.0037606
1.5635242
-0.32516469
-0.18543778
-1.0427332
-0.071039561
-1.2511486
-1.1167216
-1.4535085
-1.0924605
-1.5401112
-0.86768225
-1.1190835
-0.92351137
0.27695228
-1.3162134
-0.19917928
-0.81609721
0.89406917
-1.009475
0.96784587
-0.33449576
1.7028223
-1.0302774
1.2352687
-0.57640982
-1.2765507
-1.4858347
-1.016717
-1.6256439
-1.0725048
-1.0456149
-1.1126002
-1.1662116
-1.2758465
-1.020615
-1.103569
-1.05595
-0.9379669
-1.1338344
-1.2100537
-1.0800845
0.22945712
-1.1273659
1.2617362
-1.099765
1.4142122
-0.90110908
0.15498006
-0.95617763
0.24301636
-1.2174227
0.84175524
-1.2268562
0.79179419
-1.0316439
-1.1756782
-1.1808423
0.10682105
-0.9558122
-0.034998093
-0.99774838
1.4910039
-0.86694339
-0.0061401436
-0.98186991
1.2330225
-1.4221258
-1.3116511
-0.6232509
-1.1468752
-1.3001683
-1.0639732
-1.363479
-1.0625097
-1.1320146
-1.2341671
-1.5429531
-1.2103872
-1.2848934
-1.3674903
-1.4157422
-1.2543298
-1.237503
-1.2855645
-1.0349876
-1.6165707
-1.1045774
-1.196907
-1.0318903
-1.2238613
-1.0943249
-1.0458511
-0.59600338
1.56823
-1.3107456
0.91565202
-0.42860491
1.7639368
-0.96697662
-0.6519664
-0.9338554
-1.1011627
-1.3542347
-0.95034815
-0.95835385
-1.2899424
-0.68027823
-1.986144
-0.60253431
-0.84319724
0.95930531
-0.62792254
-0.18714432
-1.5080829
-0.87388786
-0.2802594
-1.661973
-0.70904274
-1.3464591
-2.1254587
-1.5805393
-1.3576105
-1.4143148
-1.0838042
-1.3931059
-1.8307996
-1.1406149
0.18848166
-0.45402191
1.2133691
-0.40797905
1.5578091
-0.9342686
-1.1145666
-0.684689
-1.4603924
-0.95018208
-1.0694663
-1.2097675
-1.2639144
-0.90987924
0.36683355
-0.8470956
1.1620233
-0.28762533
0.77382875
-1.1102707
0.69020395
-0.9859213
-1.1050951
-1.1736416
-0.92232247
-1.4926923
-0.43089932
-0.73774351
-1.0028011
-1.644126
-1.3898385
-1.5697403
-0.03821833
-1.3655953
0.67734946
-1.0478706
0.85987654
-1.0100278
1.1131397
-0.98739526
1.6886577
-0.25388892
2.9052147
-0.40530364
-0.020240801
-0.050954785
-1.1712576
-0.96995529
-1.5601548
-1.0555704
-1.1103283
-1.2334022
-1.3930229
-1.4214183
-1.4842998
-0.59512389
-1.5917706
-1.2863649
-1.1119076
-1.232141
-0.72272456
-1.1859945
-0.65834618
-0.78760687
-1.5660193
-0.63368346
-1.0000886
-1.561746
-1.2390804
-1.2098313
-1.3559023
-1.4595432
-0.59902827
-1.0363641
-0.62164768
-0.97610757
2.0829776
-1.002637
1.4735438
-0.75305551
0.24187717
-0.7656462
0.98647839
-0.23703078
2.0358081
-0.3681048
-1.1905175
-1.1595481
-1.3121505
-1.1650793
-0.87360476
-1.1546056
-1.2496266
-1.1547339
-1.0657944
-1.5362938
-0.87869291
-0.82685371
-1.3323905
0.29145658
-0.52636873
-1.1205006
-0.5380181
-1.3197061
-0.59662577
2.1954961
-0.63965339
-1.4556016
-1.031857
1.6154268
-1.2819801
-1.294726
-1.2951167
-1.1771164
-1.0264985
-0.7746413
-1.0539695
1.7090475
-0.31394322
1.5686062
-0.93707034
2.0469628
-0.70781292
-0.83222551
-0.066352684
-1.0887074
-1.0419171
-0.15221719
-0.99932248
-0.91570099
-0.84826892
-1.3036368
-0.97378437
-1.0449142
-1.0326879
-0.79063101
-0.59129944
-0.99290764
-0.92403464
0.62864306
-0.31769446
0.10794633
-0.55618152
1.7174812
-0.41564767
1.3976749
-1.1942244
-1.1228649
-1.4294091
-1.3117581
-0.95737768
-0.2734517
-0.05579152
-1.6112101
-0.49609275
-0.98449839
-1.1929419
-1.5451071
-1.5301732
-1.1848208
-1.1154796
-1.2625933
-1.3768137
-0.42197902
0.027724912
0.95918515
-0.99210133
0.20597439
-0.96878744
3.2271624
-0.98350963
0.6225737
0.086128023
-1.3160569
0.53489441
-0.85614404
-1.2134439
-1.6903816
-1.1786899
-1.1654135
-1.321568
-1.4379707
-1.2417611
-1.2468824
-1.3947093
-1.243368
-1.2773668
-1.2944395
-1.0895815
-1.3224774
-1.2752472
-1.1676958
-1.0770289
-1.1398972
-1.0383672
-1.3668283
-0.39627734
-0.82646719
2.6159132
-1.2018444
1.7638246
-1.2131888
2.7459802
-0.98623343
-0.32236293
-1.0762487
0.62831223
-0.87074001
-1.1365748
-1.2048338
1.153372
-0.76619474
1.7605524
-0.94492579
2.5090619
-0.71131793
-0.080996074
-0.90937226
-0.83384075
-1.0348435
-1.1573522
-1.1180868
-1.0094335
-1.1590055
-0.10539831
-1.0480613
-0.99392058
-1.2611246
-1.5197423
-1.3631403
-1.1953964
-1.7312606
-1.1846733
-0.034738517
-1.0312664
-0.80828932
-1.0763462
-0.60848984
0.81698586
-0.8359087
-0.41689953
-0.8927414
0.72508468
-1.150235
0.77970877
-1.186038
0.43916993
-1.2120556
0.4394497
-1.0467015
-1.1171175
-1.2537626
-0.74337522
-1.0055466
0.099003245
-0.63789345
0.067023392
-1.0009364
0.91981577
-0.87042122
0.70813692
0.83818629
0.52271034
0.53640655
-1.3264173
-1.4304742
-1.0645892
-1.0595354
-1.1110963
-1.2646496
-1.2000111
-1.6724548
-1.5552052
-1.6457697
-1.4577442
-1.4790296
-1.4329089
-1.3986518
-1.465695
-0.89714694
-1.174379
-1.1956669
-1.0578131
-1.1956677
-1.2943277
0.18938683
-1.0059794
-0.26603183
-0.99478929
1.9656723
-0.91500288
1.789908
-1.1088269
0.78597344
-1.0191573
1.5915517
-1.4683792
-1.125196
-1.2988664
-1.0139038
-1.2639047
1.1975724
-1.0523938
0.35816085
-1.0274959
0.60074994
-0.97865734
0.86042666
-1.0269279
-0.18539932
-1.4430613
-1.4851452
-1.2699573
-0.61845799
-0.9750755
-1.0992442
-1.4974205
-1.2463655
-1.0699532
-1.1385969
-1.3127698
-0.91887023
-0.98530283
-2.1810659
-1.1585099
-1.499678
-1.1886762
-1.1399923
0.74935001
-0.8758711
-1.1098448
-1.2783347
0.6926912
-1.3911213
-1.1448158
-1.1903537
-1.3373883
-1.4639927
-1.0334566
-1.3392355
-1.1592517
-1.1592517
-1.5746076
-1.2926966
-1.1592517
-1.503663
-1.3419251
-1.4144737
-1.1628068
-0.9830518
-0.89341622
-1.3741942
-1.3866894
-1.3653199
-1.5999294
-1.7660153
-1.5549606
-1.5070079
-1.0087515
-0.95707703
-2.2050887
-1.2492408
-1.3966527
-1.259513
-1.5706318
-1.1266932
-1.3274648
-1.2444629
-0.35754666
-1.1845337
-0.60071923
-1.0928701
-0.85624689
-1.4278049
-0.94687025
-2.2864289
-0.65305123
-1.202271
-1.1987771
-1.0360856
-1.2915759
-1.3486306
-1.3250977
-0.72914123
-1.0775114
-1.1287461
0.060053099
-0.67860963
-1.3738404
-1.2279307
-1.682379
-0.62521934
-1.0292706
-1.3614029
-1.1716659
-0.99824897
-1.0054061
-0.89741779
-1.540463
-0.99149723
-0.74397541
-1.2378144
-0.79529986
-1.7357502
-0.94368716
-0.10698275
-1.0367553
-0.99448975
-0.7799159
-1.3773719
-0.98712436
-1.1722071
-1.1924585
-1.1225003
-0.67839465
-1.0044981
-1.2985528
-0.42058963
-1.1321736
-1.005983
-0.89336235
-1.1197629
-0.98427845
-1.0180049
-1.0320423
-1.0835052
-1.4142374
-0.91915483
-1.1273369
-0.72235193
-1.2970999
-1.5045671
-0.94950597
-1.0365054
-1.0538564
-1.3138336
-1.1770581
-1.4805299
-0.9494644
-0.91293112
-1.1698699
-0.98635042
-1.1510379
-1.2031793
-0.49418538
-0.72767901
-0.98631869
-0.89278753
-1.1183303
-1.0560286
-1.0128966
-1.409719
-0.53229864
-1.5178458
-1.1331136
-1.0141338
-1.3152665
-1.0449842
-1.140326
-1.1684017
-0.99717582
-1.2767701
-0.87800126
-1.3107946
-1.4505313
-1.7429269
-1.8991585
-1.4475763
-1.5835131
-1.5157082
-1.4281367
-1.2870586
-1.015062
-0.98116351
-0.9563278
-1.2771372
-0.99958313
-1.2321451
-1.0477783
-1.2827063
-1.005343
-0.37694451
-1.4048598
-0.99931803
-1.1120846
-1.4645031
-1.3329723
-1.2915922
-0.91087299
-0.96105058
-1.104758
-1.2255089
