
Last position-specific scoring matrix computed, weighted observed percentages rounded down, information per position, and relative weight of gapless real matches to pseudocounts
            A   R   N   D   C   Q   E   G   H   I   L   K   M   F   P   S   T   W   Y   V   A   R   N   D   C   Q   E   G   H   I   L   K   M   F   P   S   T   W   Y   V
    1 M    -1  -1  -2  -3  -1   0  -2  -3  -2   1   2  -1   5   0  -2  -1  -1  -1  -1   1    0   0   0   0   0   0   0   0   0   0   0   0   0   0   0   0   0   0   0   0  0.00     0.00
    2 N    -2   0   6   1  -3   0   0   0   1  -3  -3   0  -2  -3  -2   1   0  -4  -2  -3    0   0   0   0   0   0   0   0   0   0   0   0   0   0   0   0   0   0   0   0  0.00     0.00
    3 V     0  -3  -3  -3  -1  -2  -2  -3  -3   3   1  -2   1  -1  -2  -2   0  -3  -1   4    0   0   0   0   0   0   0   0   0   0   0   0   0   0   0   0   0   0   0   0  0.00     0.00
    4 S     1  -1   1   0  -1   0   0   0  -1  -2  -2   0  -1  -2  -1   4   1  -3  -2  -2    0   0   0   0   0   0   0   0   0   0   0   0   0   0   0   0   0   0   0   0  0.00     0.00
    5 K    -1   2   0  -1  -3   1   1  -2  -1  -3  -2   5  -1  -3  -1   0  -1  -3  -2  -2    0   0   0   0   0   0   0   0   0   0   0   0   0   0   0   0   0   0   0   0  0.00     0.00
    6 Y    -2  -2  -2  -3  -2  -1  -2  -3   2  -1  -1  -2  -1   3  -3  -2  -2   2   7  -1    0   0   0   0   0   0   0   0   0   0   0   0   0   0   0   0   0   0   0   0  0.00     0.00
    7 V     0  -3  -3  -3  -1  -2  -2  -3  -3   3   1  -2   1  -1  -2  -2   0  -3  -1   4    0   0   0   0   0   0   0   0   0   0   0   0   0   0   0   0   0   0   0   0  0.00     0.00
    8 A     4  -1  -2  -2   0  -1  -1   0  -2  -1  -1  -1  -1  -2  -1   1   0  -3  -2   0    0   0   0   0   0   0   0   0   0   0   0   0   0   0   0   0   0   0   0   0  0.00     0.00
    9 I    -1  -3  -3  -3  -1  -3  -3  -4  -3   4   2  -3   1   0  -3  -2  -1  -3  -1   3    0   0   0   0   0   0   0   0   0   0   0   0   0   0   0   0   0   0   0   0  0.00     0.00
   10 F    -2  -3  -3  -3  -2  -3  -3  -3  -1   0   0  -3   0   6  -4  -2  -2   1   3  -1    0   0   0   0   0   0   0   0   0   0   0   0   0   0   0   0   0   0   0   0  0.00     0.00
   11 S     1  -1   1   0  -1   0   0   0  -1  -2  -2   0  -1  -2  -1   4   1  -3  -2  -2    0   0   0   0   0   0   0   0   0   0   0   0   0   0   0   0   0   0   0   0  0.00     0.00
   12 F    -2  -3  -3  -3  -2  -3  -3  -3  -1   0   0  -3   0   6  -4  -2  -2   1   3  -1    0   0   0   0   0   0   0   0   0   0   0   0   0   0   0   0   0   0   0   0  0.00     0.00
   13 V     0  -3  -3  -3  -1  -2  -2  -3  -3   3   1  -2   1  -1  -2  -2   0  -3  -1   4    0   0   0   0   0   0   0   0   0   0   0   0   0   0   0   0   0   0   0   0  0.00     0.00
   14 F    -2  -3  -3  -3  -2  -3  -3  -3  -1   0   0  -3   0   6  -4  -2  -2   1   3  -1    0   0   0   0   0   0   0   0   0   0   0   0   0   0   0   0   0   0   0   0  0.00     0.00
   15 I    -1  -3  -3  -3  -1  -3  -3  -4  -3   4   2  -3   1   0  -3  -2  -1  -3  -1   3    0   0   0   0   0   0   0   0   0   0   0   0   0   0   0   0   0   0   0   0  0.00     0.00
   16 Q    -1   1   0   0  -3   5   2  -2   0  -3  -2   1   0  -3  -1   0  -1  -2  -1  -2    0   0   0   0   0   0   0   0   0   0   0   0   0   0   0   0   0   0   0   0  0.00     0.00
   17 L    -1  -2  -3  -4  -1  -2  -3  -4  -3   2   4  -2   2   0  -3  -2  -1  -2  -1   1    0   0   0   0   0   0   0   0   0   0   0   0   0   0   0   0   0   0   0   0  0.00     0.00
   18 I    -1  -3  -3  -3  -1  -3  -3  -4  -3   4   2  -3   1   0  -3  -2  -1  -3  -1   3    0   0   0   0   0   0   0   0   0   0   0   0   0   0   0   0   0   0   0   0  0.00     0.00
   19 S     1  -1   1   0  -1   0   0   0  -1  -2  -2   0  -1  -2  -1   4   1  -3  -2  -2    0   0   0   0   0   0   0   0   0   0   0   0   0   0   0   0   0   0   0   0  0.00     0.00
   20 V     0  -3  -3  -3  -1  -2  -2  -3  -3   3   1  -2   1  -1  -2  -2   0  -3  -1   4    0   0   0   0   0   0   0   0   0   0   0   0   0   0   0   0   0   0   0   0  0.00     0.00
   21 G     0  -2   0  -1  -2  -2  -2   6  -2  -4  -4  -2  -3  -3  -2   0  -2  -2  -3  -3    0   0   0   0   0   0   0   0   0   0   0   0   0   0   0   0   0   0   0   0  0.00     0.00
   22 K    -1   2   0  -1  -3   1   1  -2  -1  -3  -2   5  -1  -3  -1   0  -1  -3  -2  -2    0   0   0   0   0   0   0   0   0   0   0   0   0   0   0   0   0   0   0   0  0.00     0.00
   23 V     0  -3  -3  -3  -1  -2  -2  -3  -3   3   1  -2   1  -1  -2  -2   0  -3  -1   4    0   0   0   0   0   0   0   0   0   0   0   0   0   0   0   0   0   0   0   0  0.00     0.00
   24 F    -2  -3  -3  -3  -2  -3  -3  -3  -1   0   0  -3   0   6  -4  -2  -2   1   3  -1    0   0   0   0   0   0   0   0   0   0   0   0   0   0   0   0   0   0   0   0  0.00     0.00
   25 A     4  -2  -2  -2   0  -1  -1   0  -2  -1  -2  -1  -1  -2  -1   1   0  -3  -2   0  100   0   0   0   0   0   0   0   0   0   0   0   0   0   0   0   0   0   0   0  0.40 0.00
   26 N    -1   0   4   2  -3   1   4  -1   0  -4  -3   0  -2  -3  -2   0   0  -4  -2  -3    0   0  50   0   0   0  50   0   0   0   0   0   0   0   0   0   0   0   0   0  0.54 0.00
   27 A     3  -2  -1  -2  -1  -1  -2   4  -2  -2  -3  -1  -2  -3  -2   1  -1  -3  -3  -1   50   0   0   0   0   0   0  50   0   0   0   0   0   0   0   0   0   0   0   0  0.52 0.00
   28 D    -2  -1   5   5  -3   0   1  -1   0  -3  -4   0  -3  -4  -2   0  -1  -4  -3  -3    0   0  50  50   0   0   0   0   0   0   0   0   0   0   0   0   0   0   0   0  0.67 0.00
   29 E    -1  -1  -2   0  -2   1   3  -3  -1   0   2   0   1  -1  -2  -1  -1  -2  -2   0    0   0   0   0   0   0  50   0   0   0  50   0   0   0   0   0   0   0   0   0  0.26 0.00
   30 W    -3  -3  -4  -5  -3  -2  -3  -3  -3  -3  -2  -3  -2   1  -4  -3  -3  11   2  -3    0   0   0   0   0   0   0   0   0   0   0   0   0   0   0   0   0 100   0   0  2.33 0.01
   31 M    -1   0  -1  -2  -2   4   1  -2   0   0   1   0   4  -1  -2  -1  -1  -2  -1   0    0   0   0   0   0  50   0   0   0   0   0   0  50   0   0   0   0   0   0   0  0.28 0.00
   32 T    -1   4   0  -1  -2   0  -1  -2  -1  -2  -2   1  -1  -3  -2   1   3  -3  -2  -1    0  50   0   0   0   0   0   0   0   0   0   0   0   0   0   0  50   0   0   0  0.39 0.00
   33 T    -1  -2  -1  -2  -1  -1  -2  -3  -2   1   3  -2   1  -1  -2   0   3  -2  -1   0    0   0   0   0   0   0   0   0   0   0  50   0   0   0   0   0  50   0   0   0  0.25 0.00
   34 F    -2  -3  -3  -4  -2  -3  -3  -4  -2   3   1  -3   1   5  -3  -3  -1   0   2   1    0   0   0   0   0   0   0   0   0  50   0   0   0  50   0   0   0   0   0   0  0.38 0.00
   35 R    -2   6   0  -2  -4   1   0  -3   0  -3  -2   2  -2  -3  -2  -1  -1  -3  -2  -3    0 100   0   0   0   0   0   0   0   0   0   0   0   0   0   0   0   0   0   0  0.75 0.00
   36 E     0   0   0   1  -2   1   4  -1   0  -2  -1   0  -1  -2   0   0   0  -1  -1  -1    4   3   2   3   1   2  53   4   1   3   5   3   1   2   3   4   3   1   2   3  0.25 0.00
   37 N    -2   0   6   1  -3   0   0   0   1  -4  -4   0  -2  -3  -2   1   0  -4  -2  -3    0   0 100   0   0   0   0   0   0   0   0   0   0   0   0   0   0   0   0   0  0.73 0.00
   38 I    -1  -3  -3  -3  -1  -3  -3  -4  -3   4   1  -3   1  -1  -3  -2   0  -3  -1   4    0   0   0   0   0   0   0   0   0  50   0   0   0   0   0   0   0   0   0  50  0.35 0.00
   39 A     3  -1   0  -1  -1   0  -1   0  -1  -2  -2  -1  -1  -3  -1   3   1  -3  -2  -1   50   0   0   0   0   0   0   0   0   0   0   0   0   0   0  50   0   0   0   0  0.35 0.00
   40 Q    -1   0  -1  -2  -2   4   0  -3  -1   0   2   0   1  -1  -2  -1  -1  -2  -1   0    0   0   0   0   0  50   0   0   0   0  50   0   0   0   0   0   0   0   0   0  0.25 0.00
   41 T     3  -1  -1  -2  -1  -1  -1  -1  -2  -1  -1  -1  -1  -2  -1   1   3  -3  -2   0   50   0   0   0   0   0   0   0   0   0   0   0   0   0   0   0  50   0   0   0  0.32 0.00
   42 W    -3  -3  -4  -5  -3  -2  -3  -3  -3  -3  -2  -3  -2   1  -4  -3  -3  11   2  -3    0   0   0   0   0   0   0   0   0   0   0   0   0   0   0   0   0 100   0   0  2.33 0.01
   43 Q    -1   0   4   1  -3   4   1  -1   1  -3  -3   1  -1  -3  -2   0   0  -3  -2  -3    0   0  50   0   0  50   0   0   0   0   0   0   0   0   0   0   0   0   0   0  0.51 0.00
   44 Q     0   0   0   0  -2   4   1  -1   0  -3  -3   1  -1  -3  -1   3   1  -3  -2  -2    0   0   0   0   0  50   0   0   0   0   0   0   0   0   0  50   0   0   0   0  0.40 0.00
   45 P    -1  -2  -2  -2  -3  -1  -1  -2  -2  -3  -3  -1  -3  -4   8  -1  -1  -4  -3  -3    0   0   0   0   0   0   0   0   0   0   0   0   0   0 100   0   0   0   0   0  2.04 0.00
   46 E     0   0   0   1  -2   1   4  -1   0  -2  -1   0  -1  -2   0   0   0  -1  -1  -1    4   3   2   3   1   2  53   4   1   3   5   3   1   2   3   4   3   1   2   3  0.25 0.00
   47 H    -2   0   1  -1  -3   0   0  -2   8  -4  -3  -1  -2  -1  -2  -1  -2  -3   2  -3    0   0   0   0   0   0   0   0 100   0   0   0   0   0   0   0   0   0   0   0  0.87 0.00
   48 Y    -1   0  -1  -2  -3   4   1  -3   1  -2  -2   0  -1   1  -2  -1  -1   1   5  -2    0   0   0   0   0  50   0   0   0   0   0   0   0   0   0   0   0   0  50   0  0.46 0.00
   49 D    -1  -1   1   5  -4   1   4  -2  -1  -3  -4   0  -3  -4  -1   0  -1  -4  -3  -3    0   0   0  50   0   0  50   0   0   0   0   0   0   0   0   0   0   0   0   0  0.69 0.00
   50 L    -2  -2  -4  -4  -1  -2  -3  -4  -3   2   4  -3   2   0  -3  -3  -1  -2  -1   1    0   0   0   0   0   0   0   0   0   0 100   0   0   0   0   0   0   0   0   0  0.46 0.00
   51 Y    -2  -2  -2  -3  -3  -2  -2  -3   2  -1  -1  -2  -1   3  -3  -2  -2   2   7  -1    0   0   0   0   0   0   0   0   0   0   0   0   0   0   0   0   0   0 100   0  0.87 0.00
   52 I    -1  -3  -4  -3  -1  -3  -3  -4  -4   4   2  -3   1   0  -3  -3  -1  -3  -1   3    0   0   0   0   0   0   0   0   0 100   0   0   0   0   0   0   0   0   0   0  0.39 0.00
   53 P    -1  -2  -2  -2  -3  -1  -1  -2  -2  -3  -3  -1  -3  -4   8  -1  -1  -4  -3  -3    0   0   0   0   0   0   0   0   0   0   0   0   0   0 100   0   0   0   0   0  2.04 0.00
   54 A     3  -2  -2  -3  -1  -2  -2  -1  -2   1   0  -2   0  -2  -2   0   0  -3  -2   3   50   0   0   0   0   0   0   0   0   0   0   0   0   0   0   0   0   0   0  50  0.21 0.00
   55 I    -2  -2   4   0  -2  -1  -2  -2  -1   2   0  -1   0  -1  -3  -1   0  -3  -2   1    0   0  50   0   0   0   0   0   0  50   0   0   0   0   0   0   0   0   0   0  0.22 0.00
   56 T     0  -1   0  -1  -1  -1  -1  -2  -2  -1  -1  -1  -1  -2  -1   1   5  -3  -2   0    0   0   0   0   0   0   0   0   0   0   0   0   0   0   0   0 100   0   0   0  0.47 0.00
   57 W    -3  -3  -4  -5  -3  -2  -3  -3  -3  -3  -2  -3  -2   1  -4  -3  -3  11   2  -3    0   0   0   0   0   0   0   0   0   0   0   0   0   0   0   0   0 100   0   0  2.33 0.01
   58 H    -2   0   1  -1  -3   0   0  -2   8  -4  -3  -1  -2  -1  -2  -1  -2  -3   2  -3    0   0   0   0   0   0   0   0 100   0   0   0   0   0   0   0   0   0   0   0  0.87 0.00
   59 A     3  -1   4   0  -1   0  -1   0   0  -2  -2   0  -2  -3  -1   1   0  -3  -2  -1   50   0  50   0   0   0   0   0   0   0   0   0   0   0   0   0   0   0   0   0  0.35 0.00
   60 R    -2   6   0  -2  -4   1   0  -3   0  -3  -2   2  -2  -3  -2  -1  -1  -3  -2  -3    0 100   0   0   0   0   0   0   0   0   0   0   0   0   0   0   0   0   0   0  0.75 0.00
   61 F    -3  -3  -4  -4  -3  -3  -3  -3  -2  -1   0  -3  -1   5  -4  -3  -2   9   3  -2    0   0   0   0   0   0   0   0   0   0   0   0   0  50   0   0   0  50   0   0  1.23 0.00
   62 A     3  -1  -1  -2  -1  -1  -1  -1  -2  -1  -1  -1  -1  -2  -1   1   3  -3  -2   0   50   0   0   0   0   0   0   0   0   0   0   0   0   0   0   0  50   0   0   0  0.32 0.00
   63 Y    -2  -2  -2  -3  -3  -2  -2  -3   2  -1  -1  -2  -1   3  -3  -2  -2   2   7  -1    0   0   0   0   0   0   0   0   0   0   0   0   0   0   0   0   0   0 100   0  0.87 0.00
   64 D    -2  -2   1   6  -4   0   2  -1  -1  -3  -4  -1  -3  -4  -2   0  -1  -5  -3  -3    0   0   0 100   0   0   0   0   0   0   0   0   0   0   0   0   0   0   0   0  0.93 0.00
   65 K    -1   1   1   4  -4   1   1  -2  -1  -3  -3   3  -2  -4  -1   0  -1  -4  -3  -3    0   0   0  50   0   0   0   0   0   0   0  50   0   0   0   0   0   0   0   0  0.51 0.00
   66 E    -1   0   0   2  -4   2   5  -2   0  -4  -3   1  -2  -3  -1   0  -1  -3  -2  -3    0   0   0   0   0   0 100   0   0   0   0   0   0   0   0   0   0   0   0   0  0.74 0.00
   67 K    -1   2   0  -1  -3   1   1  -2  -1  -3  -3   5  -1  -3  -1   0  -1  -3  -2  -2    0   0   0   0   0   0   0   0   0   0   0 100   0   0   0   0   0   0   0   0  0.52 0.00
   68 T    -1  -2  -1  -2  -1  -2  -2  -3  -3   3   1  -2   0  -1  -2   0   3  -3  -2   2    0   0   0   0   0   0   0   0   0  50   0   0   0   0   0   0  50   0   0   0  0.24 0.00
   69 D     3  -2   0   4  -2  -1   1  -1  -1  -2  -3  -1  -2  -3  -1   1  -1  -4  -3  -1   50   0   0  50   0   0   0   0   0   0   0   0   0   0   0   0   0   0   0   0  0.41 0.00
   70 R     0   4   0  -1  -2   1   0  -1  -1  -3  -3   1  -2  -3  -2   3   0  -3  -2  -2    0  50   0   0   0   0   0   0   0   0   0   0   0   0   0  50   0   0   0   0  0.40 0.00
   71 Y    -2  -2  -2  -3  -3  -2  -2  -3   2  -1  -1  -2  -1   3  -3  -2  -2   2   7  -1    0   0   0   0   0   0   0   0   0   0   0   0   0   0   0   0   0   0 100   0  0.87 0.00
   72 N    -2   0   6   1  -3   0   0   0   1  -4  -4   0  -2  -3  -2   1   0  -4  -2  -3    0   0 100   0   0   0   0   0   0   0   0   0   0   0   0   0   0   0   0   0  0.73 0.00
   73 E    -1   0   0   2  -4   2   5  -2   0  -4  -3   1  -2  -3  -1   0  -1  -3  -2  -3    0   0   0   0   0   0 100   0   0   0   0   0   0   0   0   0   0   0   0   0  0.74 0.00
   74 R    -2   6   0  -2  -4   1   0  -3   0  -3  -2   2  -2  -3  -2  -1  -1  -3  -2  -3    0 100   0   0   0   0   0   0   0   0   0   0   0   0   0   0   0   0   0   0  0.75 0.00
   75 P    -1  -2  -2  -2  -3  -1  -1  -2  -2  -3  -3  -1  -3  -4   8  -1  -1  -4  -3  -3    0   0   0   0   0   0   0   0   0   0   0   0   0   0 100   0   0   0   0   0  2.04 0.00
   76 W    -3  -3  -4  -5  -3  -2  -3  -3  -3  -3  -2  -3  -2   1  -4  -3  -3  11   2  -3    0   0   0   0   0   0   0   0   0   0   0   0   0   0   0   0   0 100   0   0  2.33 0.01
   77 G     0  -3   0  -1  -3  -2  -2   6  -2  -4  -4  -2  -3  -3  -2   0  -2  -3  -3  -3    0   0   0   0   0   0   0 100   0   0   0   0   0   0   0   0   0   0   0   0  1.04 0.00
   78 G     0  -3  -2  -2  -2  -2  -2   4  -3   1  -1  -2  -1  -2  -2  -1  -1  -3  -2   2    0   0   0   0   0   0   0  50   0   0   0   0   0   0   0   0   0   0   0  50  0.34 0.00
   79 G     0  -3   0  -1  -3  -2  -2   6  -2  -4  -4  -2  -3  -3  -2   0  -2  -3  -3  -3    0   0   0   0   0   0   0 100   0   0   0   0   0   0   0   0   0   0   0   0  1.04 0.00
   80 F    -2  -2  -3  -4  -3  -2  -3  -3   1  -1   0  -3   0   5  -4  -2  -2   2   6  -1    0   0   0   0   0   0   0   0   0   0   0   0   0  50   0   0   0   0  50   0  0.69 0.00
   81 G     0  -3   0  -1  -3  -2  -2   6  -2  -4  -4  -2  -3  -3  -2   0  -2  -3  -3  -3    0   0   0   0   0   0   0 100   0   0   0   0   0   0   0   0   0   0   0   0  1.04 0.00
   82 L    -1   1  -1  -2  -2   0  -1  -3  -2   0   2   3   1  -1  -2  -1  -1  -2  -2   0    0   0   0   0   0   0   0   0   0   0  50  50   0   0   0   0   0   0   0   0  0.19 0.00
   83 S     0  -1   0  -1  -2  -1  -1  -1   1  -2  -2  -1  -1   1  -2   3   0   1   5  -2    0   0   0   0   0   0   0   0   0   0   0   0   0   0   0  50   0   0  50   0  0.38 0.00
   84 R    -2   6   0  -2  -4   1   0  -3   0  -3  -2   2  -2  -3  -2  -1  -1  -3  -2  -3    0 100   0   0   0   0   0   0   0   0   0   0   0   0   0   0   0   0   0   0  0.75 0.00
   85 W    -2  -2  -3  -4  -3  -2  -3  -3   0  -2  -1  -3  -1   2  -4  -2  -2   9   6  -2    0   0   0   0   0   0   0   0   0   0   0   0   0   0   0   0   0  50  50   0  1.31 0.00
   86 D    -2  -2   1   6  -4   0   2  -1  -1  -3  -4  -1  -3  -4  -2   0  -1  -5  -3  -3    0   0   0 100   0   0   0   0   0   0   0   0   0   0   0   0   0   0   0   0  0.93 0.00
   87 E    -1   0   0   2  -4   2   5  -2   0  -4  -3   1  -2  -3  -1   0  -1  -3  -2  -3    0   0   0   0   0   0 100   0   0   0   0   0   0   0   0   0   0   0   0   0  0.74 0.00
   88 K    -1   1   1   4  -4   1   1  -2  -1  -3  -3   3  -2  -4  -1   0  -1  -4  -3  -3    0   0   0  50   0   0   0   0   0   0   0  50   0   0   0   0   0   0   0   0  0.51 0.00
   89 G    -1  -1   4   0  -3  -1  -1   4   0  -4  -4  -1  -3  -3  -2   0  -1  -3  -3  -3    0   0  50   0   0   0   0  50   0   0   0   0   0   0   0   0   0   0   0   0  0.62 0.00
   90 N    -2   0   6   1  -3   0   0   0   1  -4  -4   0  -2  -3  -2   1   0  -4  -2  -3    0   0 100   0   0   0   0   0   0   0   0   0   0   0   0   0   0   0   0   0  0.73 0.00
   91 W    -3  -3  -4  -5  -3  -2  -3  -3  -3  -3  -2  -3  -2   1  -4  -3  -3  11   2  -3    0   0   0   0   0   0   0   0   0   0   0   0   0   0   0   0   0 100   0   0  2.33 0.01
   92 H    -2   0   1  -1  -3   0   0  -2   8  -4  -3  -1  -2  -1  -2  -1  -2  -3   2  -3    0   0   0   0   0   0   0   0 100   0   0   0   0   0   0   0   0   0   0   0  0.87 0.00
   93 G     1  -2   0  -1  -2  -1  -1   4  -2  -3  -3  -1  -2  -3  -2   3   0  -3  -2  -3    0   0   0   0   0   0   0  50   0   0   0   0   0   0   0  50   0   0   0   0  0.53 0.00
   94 L    -1  -3  -3  -4  -1  -2  -3  -4  -3   2   3  -3   2   0  -3  -2  -1  -2  -1   3    0   0   0   0   0   0   0   0   0   0  50   0   0   0   0   0   0   0   0  50  0.32 0.00
   95 Y    -2  -2  -2  -3  -3  -2  -2  -3   2  -1  -1  -2  -1   3  -3  -2  -2   2   7  -1    0   0   0   0   0   0   0   0   0   0   0   0   0   0   0   0   0   0 100   0  0.87 0.00
   96 A     4  -2  -2  -2   0  -1  -1   0  -2  -1  -2  -1  -1  -2  -1   1   0  -3  -2   0  100   0   0   0   0   0   0   0   0   0   0   0   0   0   0   0   0   0   0   0  0.40 0.00
   97 M    -1  -2  -2  -3  -2   0  -2  -3  -2   1   2  -2   6   0  -3  -2  -1  -2  -1   1    0   0   0   0   0   0   0   0   0   0   0   0 100   0   0   0   0   0   0   0  0.35 0.00
   98 A     4  -2  -2  -2   0  -1  -1   0  -2  -1  -2  -1  -1  -2  -1   1   0  -3  -2   0  100   0   0   0   0   0   0   0   0   0   0   0   0   0   0   0   0   0   0   0  0.40 0.00
   99 F    -2  -3  -3  -4  -3  -3  -4  -3  -1   0   0  -3   0   7  -4  -3  -2   1   3  -1    0   0   0   0   0   0   0   0   0   0   0   0   0 100   0   0   0   0   0   0  0.74 0.00
  100 K    -1   1  -1  -2  -2   1   0  -2  -1   0   1   3   4  -1  -2  -1  -1  -2  -2   0    0   0   0   0   0   0   0   0   0   0   0  50  50   0   0   0   0   0   0   0  0.21 0.00
  101 D    -2  -2   1   6  -4   0   2  -1  -1  -3  -4  -1  -3  -4  -2   0  -1  -5  -3  -3    0   0   0 100   0   0   0   0   0   0   0   0   0   0   0   0   0   0   0   0  0.93 0.00
  102 S     1  -1   1   0  -1   0   0   0  -1  -3  -3   0  -2  -3  -1   4   1  -3  -2  -2    0   0   0   0   0   0   0   0   0   0   0   0   0   0   0 100   0   0   0   0  0.46 0.00
  103 W    -2  -1  -1  -2  -3  -1  -1  -2   6  -3  -2  -2  -2   0  -3  -2  -2   9   2  -3    0   0   0   0   0   0   0   0  50   0   0   0   0   0   0   0   0  50   0   0  1.19 0.00
  104 N    -2   0   6   1  -3   0   0   0   1  -4  -4   0  -2  -3  -2   1   0  -4  -2  -3    0   0 100   0   0   0   0   0   0   0   0   0   0   0   0   0   0   0   0   0  0.73 0.00
  105 K    -1   5   0  -1  -4   1   0  -2  -1  -3  -3   4  -1  -3  -2  -1  -1  -3  -2  -3    0  50   0   0   0   0   0   0   0   0   0  50   0   0   0   0   0   0   0   0  0.56 0.00
  106 W    -1  -3  -4  -4  -2  -2  -3  -3  -3   1   0  -3   0   0  -3  -2  -1   9   1   2    0   0   0   0   0   0   0   0   0   0   0   0   0   0   0   0   0  50   0  50  0.95 0.00
  107 E    -1   0   0   2  -4   2   5  -2   0  -4  -3   1  -2  -3  -1   0  -1  -3  -2  -3    0   0   0   0   0   0 100   0   0   0   0   0   0   0   0   0   0   0   0   0  0.74 0.00
  108 P    -1  -2  -2  -2  -3  -1  -1  -2  -2  -3  -3  -1  -3  -4   8  -1  -1  -4  -3  -3    0   0   0   0   0   0   0   0   0   0   0   0   0   0 100   0   0   0   0   0  2.04 0.00
  109 I    -1  -3  -4  -3  -1  -3  -3  -4  -4   4   2  -3   1   0  -3  -3  -1  -3  -1   3    0   0   0   0   0   0   0   0   0 100   0   0   0   0   0   0   0   0   0   0  0.39 0.00
  110 A     3  -2  -3  -3  -1  -2  -2  -1  -2   0   2  -2   1  -1  -2   0  -1  -2  -2   0   50   0   0   0   0   0   0   0   0   0  50   0   0   0   0   0   0   0   0   0  0.20 0.00
  111 G     0  -3   0  -1  -3  -2  -2   6  -2  -4  -4  -2  -3  -3  -2   0  -2  -3  -3  -3    0   0   0   0   0   0   0 100   0   0   0   0   0   0   0   0   0   0   0   0  1.04 0.00
  112 Y    -2  -2  -2  -3  -3  -2  -2  -3   2  -1  -1  -2  -1   3  -3  -2  -2   2   7  -1    0   0   0   0   0   0   0   0   0   0   0   0   0   0   0   0   0   0 100   0  0.87 0.00
  113 G     0  -3   0  -1  -3  -2  -2   6  -2  -4  -4  -2  -3  -3  -2   0  -2  -3  -3  -3    0   0   0   0   0   0   0 100   0   0   0   0   0   0   0   0   0   0   0   0  1.04 0.00
  114 W    -2  -2  -3  -4  -3  -2  -3  -3   0  -2  -1  -3  -1   2  -4  -2  -2   9   6  -2    0   0   0   0   0   0   0   0   0   0   0   0   0   0   0   0   0  50  50   0  1.31 0.00
  115 E    -1   1   0   1  -4   4   4  -2   0  -3  -3   1  -1  -3  -1   0  -1  -3  -2  -3    0   0   0   0   0  50  50   0   0   0   0   0   0   0   0   0   0   0   0   0  0.60 0.00
  116 S     0   1   0  -1  -2   1   0  -1  -1  -3  -3   3  -2  -3  -1   3   1  -3  -2  -2    0   0   0   0   0   0   0   0   0   0   0  50   0   0   0  50   0   0   0   0  0.34 0.00
  117 T    -1  -1  -1  -2  -1  -1  -2  -2  -2   0   1  -1   4  -1  -2   0   3  -2  -1   0    0   0   0   0   0   0   0   0   0   0   0   0  50   0   0   0  50   0   0   0  0.24 0.00
  118 W    -3  -3  -4  -5  -3  -2  -3  -3  -3  -3  -2  -3  -2   1  -4  -3  -3  11   2  -3    0   0   0   0   0   0   0   0   0   0   0   0   0   0   0   0   0 100   0   0  2.33 0.01
  119 R    -1   4  -2  -2  -2   0  -1  -3  -2   2   0   1   0  -1  -3  -2  -1  -3  -2   1    0  50   0   0   0   0   0   0   0  50   0   0   0   0   0   0   0   0   0   0  0.25 0.00
  120 P    -1  -2  -2  -2  -3  -1  -1  -2  -2  -3  -3  -1  -3  -4   8  -1  -1  -4  -3  -3    0   0   0   0   0   0   0   0   0   0   0   0   0   0 100   0   0   0   0   0  2.04 0.00
  121 L    -1  -2  -2  -2  -2  -2  -3   4  -3   0   2  -2   1  -1  -3  -1  -2  -2  -2  -1    0   0   0   0   0   0   0  50   0   0  50   0   0   0   0   0   0   0   0   0  0.36 0.00
  122 A     3  -1  -1   0  -2   1   4  -1  -1  -2  -2   0  -2  -3  -1   1   0  -3  -2  -1   50   0   0   0   0   0  50   0   0   0   0   0   0   0   0   0   0   0   0   0  0.36 0.00
  123 D    -2   4   1   4  -4   0   1  -2  -1  -3  -3   1  -2  -3  -2  -1  -1  -4  -3  -3    0  50   0  50   0   0   0   0   0   0   0   0   0   0   0   0   0   0   0   0  0.56 0.00
  124 E    -1   0   0   2  -4   2   5  -2   0  -4  -3   1  -2  -3  -1   0  -1  -3  -2  -3    0   0   0   0   0   0 100   0   0   0   0   0   0   0   0   0   0   0   0   0  0.74 0.00
  125 N    -1  -1   4   0  -3  -1  -1   4   0  -4  -4  -1  -3  -3  -2   0  -1  -3  -3  -3    0   0  50   0   0   0   0  50   0   0   0   0   0   0   0   0   0   0   0   0  0.62 0.00
  126 F    -3  -3  -4  -4  -3  -3  -3  -3  -2  -1   0  -3  -1   5  -4  -3  -2   9   3  -2    0   0   0   0   0   0   0   0   0   0   0   0   0  50   0   0   0  50   0   0  1.23 0.00
  127 H    -2   4   0  -1  -3   1   0  -2   6  -3  -3   1  -2  -2  -2  -1  -2  -3   0  -3    0  50   0   0   0   0   0   0  50   0   0   0   0   0   0   0   0   0   0   0  0.58 0.00
  128 L    -2  -3  -3  -4  -2  -3  -3  -4  -2   1   3  -3   1   5  -4  -3  -2   0   2   0    0   0   0   0   0   0   0   0   0   0  50   0   0  50   0   0   0   0   0   0  0.43 0.00
  129 G     0  -3   0  -1  -3  -2  -2   6  -2  -4  -4  -2  -3  -3  -2   0  -2  -3  -3  -3    0   0   0   0   0   0   0 100   0   0   0   0   0   0   0   0   0   0   0   0  1.04 0.00
  130 L     3  -2  -3  -3  -1  -2  -2  -1  -2   0   2  -2   1  -1  -2   0  -1  -2  -2   0   50   0   0   0   0   0   0   0   0   0  50   0   0   0   0   0   0   0   0   0  0.20 0.00
  131 G     0  -3   0  -1  -3  -2  -2   6  -2  -4  -4  -2  -3  -3  -2   0  -2  -3  -3  -3    0   0   0   0   0   0   0 100   0   0   0   0   0   0   0   0   0   0   0   0  1.04 0.00
  132 F    -2  -3  -3  -4  -3  -3  -4  -3  -1   0   0  -3   0   7  -4  -3  -2   1   3  -1    0   0   0   0   0   0   0   0   0   0   0   0   0 100   0   0   0   0   0   0  0.74 0.00
  133 T     0  -1   0  -1  -1  -1  -1  -2  -2  -1  -1  -1  -1  -2  -1   1   5  -3  -2   0    0   0   0   0   0   0   0   0   0   0   0   0   0   0   0   0 100   0   0   0  0.47 0.00
  134 A     4  -2  -2  -2   0  -1  -1   0  -2  -1  -2  -1  -1  -2  -1   1   0  -3  -2   0  100   0   0   0   0   0   0   0   0   0   0   0   0   0   0   0   0   0   0   0  0.40 0.00
  135 G     1  -2   0  -1  -2  -1  -1   4  -2  -3  -3  -1  -2  -3  -2   3   0  -3  -2  -3    0   0   0   0   0   0   0  50   0   0   0   0   0   0   0  50   0   0   0   0  0.53 0.00
  136 V    -1  -3  -3  -3  -1  -3  -3  -4  -3   4   1  -3   1  -1  -3  -2   0  -3  -1   4    0   0   0   0   0   0   0   0   0  50   0   0   0   0   0   0   0   0   0  50  0.35 0.00
  137 T     0  -1   0  -1  -1  -1  -1  -2  -2  -1  -1  -1  -1  -2  -1   1   5  -3  -2   0    0   0   0   0   0   0   0   0   0   0   0   0   0   0   0   0 100   0   0   0  0.47 0.00
  138 A     4  -2  -2  -2   0  -1  -1   0  -2  -1  -2  -1  -1  -2  -1   1   0  -3  -2   0  100   0   0   0   0   0   0   0   0   0   0   0   0   0   0   0   0   0   0   0  0.40 0.00
  139 R    -2   6   0  -2  -4   1   0  -3   0  -3  -2   2  -2  -3  -2  -1  -1  -3  -2  -3    0 100   0   0   0   0   0   0   0   0   0   0   0   0   0   0   0   0   0   0  0.75 0.00
  140 D    -2  -2   0   4  -3  -1   0  -2   1  -2  -2  -1  -2   1  -2  -1  -1   0   5  -2    0   0   0  50   0   0   0   0   0   0   0   0   0   0   0   0   0   0  50   0  0.52 0.00
  141 N    -1   0   4   2  -3   1   4  -1   0  -4  -3   0  -2  -3  -2   0   0  -4  -2  -3    0   0  50   0   0   0  50   0   0   0   0   0   0   0   0   0   0   0   0   0  0.54 0.00
  142 W    -2  -2  -3  -4  -3  -2  -3  -3   0  -2  -1  -3  -1   2  -4  -2  -2   9   6  -2    0   0   0   0   0   0   0   0   0   0   0   0   0   0   0   0   0  50  50   0  1.31 0.00
  143 N    -2   0   5   0  -3   0   0  -1   6  -4  -3   0  -2  -2  -2   0  -1  -3   0  -3    0   0  50   0   0   0   0   0  50   0   0   0   0   0   0   0   0   0   0   0  0.59 0.00
  144 Y    -2  -2  -2  -3  -3  -2  -2  -3   2  -1  -1  -2  -1   3  -3  -2  -2   2   7  -1    0   0   0   0   0   0   0   0   0   0   0   0   0   0   0   0   0   0 100   0  0.87 0.00
  145 I    -1  -3  -4  -3  -1  -3  -3  -4  -4   4   2  -3   1   0  -3  -3  -1  -3  -1   3    0   0   0   0   0   0   0   0   0 100   0   0   0   0   0   0   0   0   0   0  0.39 0.00
  146 P    -1  -2  -2  -2  -3  -1  -1  -2  -2  -3  -3  -1  -3  -4   8  -1  -1  -4  -3  -3    0   0   0   0   0   0   0   0   0   0   0   0   0   0 100   0   0   0   0   0  2.04 0.00
  147 L    -2  -2  -4  -4  -1  -2  -3  -4  -3   2   4  -3   2   0  -3  -3  -1  -2  -1   1    0   0   0   0   0   0   0   0   0   0 100   0   0   0   0   0   0   0   0   0  0.46 0.00
  148 P    -1  -2  -2  -2  -3  -1  -1  -2  -2  -3  -3  -1  -3  -4   8  -1  -1  -4  -3  -3    0   0   0   0   0   0   0   0   0   0   0   0   0   0 100   0   0   0   0   0  2.04 0.00
  149 V    -1  -3  -3  -4  -1  -2  -3  -4  -3   2   3  -3   2   0  -3  -2  -1  -2  -1   3    0   0   0   0   0   0   0   0   0   0  50   0   0   0   0   0   0   0   0  50  0.32 0.00
  150 L    -1  -2  -3  -3  -2  -2  -2  -3  -3   0   2  -2   1  -1   6  -2  -1  -3  -2   0    0   0   0   0   0   0   0   0   0   0  50   0   0   0  50   0   0   0   0   0  0.80 0.00
  151 L    -2  -2  -4  -4  -1  -2  -3  -4  -3   2   4  -3   2   0  -3  -3  -1  -2  -1   1    0   0   0   0   0   0   0   0   0   0 100   0   0   0   0   0   0   0   0   0  0.46 0.00
  152 P    -1  -2  -2  -2  -3  -1  -1  -2  -2  -3  -3  -1  -3  -4   8  -1  -1  -4  -3  -3    0   0   0   0   0   0   0   0   0   0   0   0   0   0 100   0   0   0   0   0  2.04 0.00
  153 L    -2  -2  -4  -4  -1  -2  -3  -4  -3   2   4  -3   2   0  -3  -3  -1  -2  -1   1    0   0   0   0   0   0   0   0   0   0 100   0   0   0   0   0   0   0   0   0  0.46 0.00
  154 A     3  -2  -2  -3  -1  -2  -2  -1  -3   3   0  -2   0  -1  -2   0   0  -3  -2   2   50   0   0   0   0   0   0   0   0  50   0   0   0   0   0   0   0   0   0   0  0.19 0.00
  155 S     1  -1   1   0  -1   0   0   0  -1  -3  -3   0  -2  -3  -1   4   1  -3  -2  -2    0   0   0   0   0   0   0   0   0   0   0   0   0   0   0 100   0   0   0   0  0.46 0.00
  156 V    -1  -3  -3  -3  -1  -3  -3  -4  -3   4   1  -3   1  -1  -3  -2   0  -3  -1   4    0   0   0   0   0   0   0   0   0  50   0   0   0   0   0   0   0   0   0  50  0.35 0.00
  157 G     0  -1   0   0  -3   1   3   4  -1  -4  -4   0  -3  -3  -2   0  -1  -3  -3  -3    0   0   0   0   0   0  50  50   0   0   0   0   0   0   0   0   0   0   0   0  0.56 0.00
  158 Y    -2  -2  -2  -3  -3  -2  -2  -3   2  -1  -1  -2  -1   3  -3  -2  -2   2   7  -1    0   0   0   0   0   0   0   0   0   0   0   0   0   0   0   0   0   0 100   0  0.87 0.00
  159 G    -1  -1   4   0  -3  -1  -1   4   0  -4  -4  -1  -3  -3  -2   0  -1  -3  -3  -3    0   0  50   0   0   0   0  50   0   0   0   0   0   0   0   0   0   0   0   0  0.62 0.00
  160 P    -1   4  -1  -2  -3   0  -1  -2  -1  -3  -3   1  -2  -3   6  -1  -1  -3  -2  -3    0  50   0   0   0   0   0   0   0   0   0   0   0   0  50   0   0   0   0   0  0.98 0.00
  161 V    -1  -3  -3  -4  -1  -2  -3  -4  -3   2   3  -3   2   0  -3  -2  -1  -2  -1   3    0   0   0   0   0   0   0   0   0   0  50   0   0   0   0   0   0   0   0  50  0.32 0.00
  162 T     1  -1   0  -1  -1   0  -1  -1  -1  -2  -2   0  -1  -2  -1   3   4  -3  -2  -1    0   0   0   0   0   0   0   0   0   0   0   0   0   0   0  50  50   0   0   0  0.39 0.00
  163 F    -2  -3  -3  -4  -2  -3  -3  -4  -2   1   3  -3   1   5  -4  -3  -2   0   2   0    0   0   0   0   0   0   0   0   0   0  50   0   0  50   0   0   0   0   0   0  0.43 0.00
  164 Q    -1   1   0   0  -3   6   2  -2   0  -3  -2   1   0  -3  -1   0  -1  -2  -2  -2    0   0   0   0   0 100   0   0   0   0   0   0   0   0   0   0   0   0   0   0  0.66 0.00
  165 M    -1  -1  -1  -2  -1  -1  -2  -2  -2   0   1  -1   4  -1  -2   0   3  -2  -1   0    0   0   0   0   0   0   0   0   0   0   0   0  50   0   0   0  50   0   0   0  0.24 0.00
  166 T     0  -1   0  -1  -1  -1  -1  -2  -2  -1  -1  -1  -1  -2  -1   1   5  -3  -2   0    0   0   0   0   0   0   0   0   0   0   0   0   0   0   0   0 100   0   0   0  0.47 0.00
  167 Y    -2  -2  -2  -3  -3  -2  -2  -3   2  -1  -1  -2  -1   3  -3  -2  -2   2   7  -1    0   0   0   0   0   0   0   0   0   0   0   0   0   0   0   0   0   0 100   0  0.87 0.00
  168 I    -1  -3  -4  -3  -1  -3  -3  -4  -4   4   2  -3   1   0  -3  -3  -1  -3  -1   3    0   0   0   0   0   0   0   0   0 100   0   0   0   0   0   0   0   0   0   0  0.39 0.00
  169 P    -1  -2  -2  -2  -3  -1  -1  -2  -2  -3  -3  -1  -3  -4   8  -1  -1  -4  -3  -3    0   0   0   0   0   0   0   0   0   0   0   0   0   0 100   0   0   0   0   0  2.04 0.00
  170 G     0  -3   0  -1  -3  -2  -2   6  -2  -4  -4  -2  -3  -3  -2   0  -2  -3  -3  -3    0   0   0   0   0   0   0 100   0   0   0   0   0   0   0   0   0   0   0   0  1.04 0.00
  171 T     0  -1   0  -1  -1  -1  -1  -2  -2  -1  -1  -1  -1  -2  -1   1   5  -3  -2   0    0   0   0   0   0   0   0   0   0   0   0   0   0   0   0   0 100   0   0   0  0.47 0.00
  172 Y    -2  -2  -2  -3  -3  -2  -2  -3   2  -1  -1  -2  -1   3  -3  -2  -2   2   7  -1    0   0   0   0   0   0   0   0   0   0   0   0   0   0   0   0   0   0 100   0  0.87 0.00
  173 N    -2   0   6   1  -3   0   0   0   1  -4  -4   0  -2  -3  -2   1   0  -4  -2  -3    0   0 100   0   0   0   0   0   0   0   0   0   0   0   0   0   0   0   0   0  0.73 0.00
  174 N    -2   0   6   1  -3   0   0   0   1  -4  -4   0  -2  -3  -2   1   0  -4  -2  -3    0   0 100   0   0   0   0   0   0   0   0   0   0   0   0   0   0   0   0   0  0.73 0.00
  175 G     0  -3   0  -1  -3  -2  -2   6  -2  -4  -4  -2  -3  -3  -2   0  -2  -3  -3  -3    0   0   0   0   0   0   0 100   0   0   0   0   0   0   0   0   0   0   0   0  1.04 0.00
  176 N    -2   0   6   1  -3   0   0   0   1  -4  -4   0  -2  -3  -2   1   0  -4  -2  -3    0   0 100   0   0   0   0   0   0   0   0   0   0   0   0   0   0   0   0   0  0.73 0.00
  177 V     0  -3  -3  -3  -1  -2  -3  -3  -3   3   1  -2   1  -1  -3  -2   0  -3  -1   4    0   0   0   0   0   0   0   0   0   0   0   0   0   0   0   0   0   0   0 100  0.35 0.00
  178 Y    -2  -2  -3  -4  -2  -2  -3  -4   0   0   3  -2   1   2  -3  -2  -2   1   5   0    0   0   0   0   0   0   0   0   0   0  50   0   0   0   0   0   0   0  50   0  0.42 0.00
  179 F    -2  -3  -3  -4  -3  -3  -4  -3  -1   0   0  -3   0   7  -4  -3  -2   1   3  -1    0   0   0   0   0   0   0   0   0   0   0   0   0 100   0   0   0   0   0   0  0.74 0.00
  180 A     3  -1  -1  -2  -1  -1  -1  -1  -2  -1  -1  -1  -1  -2  -1   1   3  -3  -2   0   50   0   0   0   0   0   0   0   0   0   0   0   0   0   0   0  50   0   0   0  0.32 0.00
  181 W    -3  -3  -4  -5  -3  -2  -3  -3  -3  -3  -2  -3  -2   1  -4  -3  -3  11   2  -3    0   0   0   0   0   0   0   0   0   0   0   0   0   0   0   0   0 100   0   0  2.33 0.01
  182 M    -1  -2  -3  -3  -1  -1  -3  -3  -2   3   2  -2   4   0  -3  -2  -1  -2  -1   2    0   0   0   0   0   0   0   0   0  50   0   0  50   0   0   0   0   0   0   0  0.30 0.00
  183 R    -2   6   0  -2  -4   1   0  -3   0  -3  -2   2  -2  -3  -2  -1  -1  -3  -2  -3    0 100   0   0   0   0   0   0   0   0   0   0   0   0   0   0   0   0   0   0  0.75 0.00
  184 F    -2  -3  -3  -3  -2  -3  -3  -3  -1   0   0  -3   0   6  -4  -2  -2   1   3  -1    0   0   0   0   0   0   0   0   0   0   0   0   0   0   0   0   0   0   0   0  0.00     0.00
  185 Q    -1   1   0   0  -3   5   2  -2   0  -3  -2   1   0  -3  -1   0  -1  -2  -1  -2    0   0   0   0   0   0   0   0   0   0   0   0   0   0   0   0   0   0   0   0  0.00     0.00
  186 F    -2  -3  -3  -3  -2  -3  -3  -3  -1   0   0  -3   0   6  -4  -2  -2   1   3  -1    0   0   0   0   0   0   0   0   0   0   0   0   0   0   0   0   0   0   0   0  0.00     0.00

                      K         Lambda
Standard Ungapped    0.1390     0.3229
Standard Gapped      0.0410     0.2670
PSI Ungapped         0.1390     0.3229
PSI Gapped           0.0410     0.2670
