
Last position-specific scoring matrix computed, weighted observed percentages rounded down, information per position, and relative weight of gapless real matches to pseudocounts
            A   R   N   D   C   Q   E   G   H   I   L   K   M   F   P   S   T   W   Y   V   A   R   N   D   C   Q   E   G   H   I   L   K   M   F   P   S   T   W   Y   V
    1 M    -1  -1  -2  -3  -1   0  -2  -3  -1   1   2  -1   5   0  -2  -1  -1  -1  -1   1    0   0   0   0   0   0   0   0   0   0   0   0   0   0   0   0   0   0   0   0  0.00     0.00
    2 P    -1  -2  -2  -1  -3  -1  -1  -2  -2  -3  -3  -1  -2  -3   7  -1  -1  -3  -3  -2    0   0   0   0   0   0   0   0   0   0   0   0   0   0   0   0   0   0   0   0  0.00     0.00
    3 L    -2  -2  -4  -4  -1  -2  -3  -4  -3   2   4  -3   2   0  -3  -3  -1  -2  -1   1    0   0   0   0   0   0   0   0   0   0 100   0   0   0   0   0   0   0   0   0  0.46 0.00
    4 L     0  -2  -1  -2  -1  -2  -2  -2  -2   2   2  -2   1   0  -2   1   0  -2  -1   1    0   0   0   0   0   0   0   0   0  32  35   0   0   0   0  33   0   0   0   0  0.16 0.01
    5 C     0  -2  -2  -3   7  -2  -2  -2  -2  -1   1  -2   0  -2  -2   1   0  -2  -2  -1    0   0   0   0  50   0   0   0   0   0  26   0   0   0   0  24   0   0   0   0  0.51 0.03
    6 A     4  -1  -1  -2  -1  -1  -1   0  -2  -1  -2  -1  -1  -2  -1   1   2  -3  -2   0   74   0   0   0   0   0   0   0   0   0   0   0   0   0   0   0  26   0   0   0  0.36 0.02
    7 L    -1  -2  -3  -4  -1  -2  -3  -4  -3   2   4  -3   2   0  -3  -2  -1  -2  -1   2    0   0   0   0   0   0   0   0   0   0  76   0   0   0   0   0   0   0   0  24  0.40 0.02
    8 I     2  -2  -1  -2  -1  -1  -2  -1  -2   3   0  -1   0  -1  -2   1   0  -3  -2   1   24   0   0   0   0   0   0   0   0  49   0   0   0   0   0  26   0   0   0   0  0.16 0.02
    9 V     1  -3  -3  -3  -1  -2  -2  -2  -2   2   1  -2   0   3  -2  -1  -1  -1   0   2   24   0   0   0   0   0   0   0   0  26   0   0   0  24   0   0   0   0   0  25  0.19 0.01
   10 G     0  -2   0  -1  -2  -2  -2   5  -2  -3  -3  -1  -2  -3  -2   0   2  -3  -3  -2    0   0   0   0   0   0   0  74   0   0   0   0   0   0   0   0  26   0   0   0  0.72 0.02
   11 G     0  -2  -1  -1  -2  -1  -2   4  -2  -1   1  -1   0  -1  -1  -1  -1  -2  -2  -1    2   1   1   1   0   1   2  53   1   1  27   1   1   1   1   2   1   0   1   2  0.33 0.01
   12 L     1  -1  -2  -2  -1  -1  -1  -1  -2   1   2  -1   1  -1  -1   0   0  -2  -1   2   26   1   1   1   0   1   2   2   1   1  28   1   1   1   1   2   1   0   1  28  0.10 0.01
   13 F     0  -1  -1  -1  -1  -1  -1  -1  -1   0   1  -1   0   3  -1   1   0  -1   1   0    2   1   1   1   0   1   2   2   1   1  28   1   1  26   1  26   1   0   1   2  0.11 0.01
   14 G     0  -2  -1  -2  -1  -1  -1   2   0   0  -1  -1  -1   1  -2  -1  -1   0   3   1    2   1   1   1   0   1   2  27   1   1   2   1   1   1   1   2   1   0  27  26  0.16 0.01
   15 T     0  -1   0  -1  -1  -1  -1  -1  -1   1   0  -1   0  -1  -1   2   2  -2  -1   1    2   1   1   1   0   1   2   2   1  28   2   1   1   1   1  26  27   0   1   2  0.12 0.01
   16 S     0  -1   0  -1  -1  -1  -1   3  -1  -2  -2  -1  -1  -2  -1   2   2  -2  -2  -1    2   1   1   1   0   1   2  28   1   1   2   1   1   1   1  27  26   0   1   2  0.25 0.01
   17 Q    -1   0   3   0  -3   4   1  -2   0  -2  -2   0  -1   3  -2   0  -1  -1   0  -2    0   0  26   0   0  49   0   0   0   0   0   0   0  24   0   0   0   0   0   0  0.34 0.03
   18 A     3  -2  -1  -2  -1  -1  -1  -1  -2   0  -1  -1   0  -2  -1   1   2  -3  -2   2   52   0   0   0   0   0   0   0   0   0   0   0   0   0   0   0  24   0   0  24  0.24 0.02
   19 Q    -1   0   0  -1  -2   4   1  -2   5  -3  -3   0  -1  -3  -2   2   0  -2   0  -2    0   0   0   0   0  50   0   0  26   0   0   0   0   0   0  24   0   0   0   0  0.45 0.03
   20 A     4  -2  -2  -2  -1  -1  -1   0  -2  -2  -2  -1  -1  -2  -1   1   0  -3  -2   0  100   0   0   0   0   0   0   0   0   0   0   0   0   0   0   0   0   0   0   0  0.47 0.03
   21 G     4  -2  -1  -2  -1  -1  -1   3  -2  -2  -2  -1  -1  -3  -1   1   0  -3  -2  -1   75   0   0   0   0   0   0  25   0   0   0   0   0   0   0   0   0   0   0   0  0.43 0.02
   22 G     2  -2  -1  -2  -2  -2  -2   5  -2  -3  -3  -1  -2  -3  -2   0  -1  -3  -3  -2   26   0   0   0   0   0   0  74   0   0   0   0   0   0   0   0   0   0   0   0  0.76 0.02
   23 F    -2  -3  -3  -4  -3  -3  -3  -3  -1   0   0  -3   0   7  -4  -3  -2   1   3  -1    0   0   0   0   0   0   0   0   0   0   0   0   0 100   0   0   0   0   0   0  0.86 0.04
   24 M    -1   0  -1  -1  -3   5   1  -2   0  -1  -1   1   3  -2  -2  -1  -1  -2  -2  -1    0   0   0   0   0  75   0   0   0   0   0   0  25   0   0   0   0   0   0   0  0.48 0.04
   25 V    -1  -2  -3  -4  -1  -2  -3  -4  -3   2   3  -3   1   0  -3  -2  -1  -2  -1   3    0   0   0   0   0   0   0   0   0   0  51   0   0   0   0   0   0   0   0  49  0.35 0.02
   26 P     3   0  -1  -2  -2   0   0  -1  -2  -2  -2   2  -2  -3   4   0  -1  -3  -2  -1   48   0   0   0   0   0   0   0   0   0   0  26   0   0  25   0   0   0   0   0  0.46 0.02
   27 T    -1   0   0   1  -3   1   5  -2  -1  -3  -3   0  -2  -3  -1   0   2  -3  -2  -2    0   0   0   0   0   0  75   0   0   0   0   0   0   0   0   0  25   0   0   0  0.55 0.03
   28 T    -1  -1   3  -1  -2   0  -1  -2   4  -2  -2  -1  -1   0  -2   0   2  -1   4  -2    0   0  26   0   0   0   0   0  24   0   0   0   0   0   0   0  25   0  24   0  0.34 0.02
   29 N     1  -1   3   0  -1   0   0   0  -1  -3  -3   0  -2  -3  -1   4   1  -3  -2  -2    0   0  25   0   0   0   0   0   0   0   0   0   0   0   0  75   0   0   0   0  0.45 0.03
   30 T     4  -1  -1  -2  -1  -1  -1   0  -2  -1  -2  -1  -1  -2  -1   1   2  -3  -2   0   75   0   0   0   0   0   0   0   0   0   0   0   0   0   0   0  25   0   0   0  0.36 0.02
   31 A     2   0   0  -1  -1   0   0  -1  -1  -2  -2   2  -1  -3  -1   2   2  -3  -2  -1   25   0   0   0   0   0   0   0   0   0   0  26   0   0   0  24  24   0   0   0  0.26 0.01
   32 G     2  -2  -1  -2  -2  -2  -2   5  -2  -3  -3  -1  -2  -3  -2   0  -1  -3  -3  -2   26   0   0   0   0   0   0  74   0   0   0   0   0   0   0   0   0   0   0   0  0.76 0.02
   33 W    -2  -2  -4  -4  -2  -2  -3  -4  -3   1   3  -3   1   0  -3  -3  -2   7   0   0    0   0   0   0   0   0   0   0   0   0  75   0   0   0   0   0   0  25   0   0  0.66 0.03
   34 G     0  -3  -1  -1  -3  -2  -2   6  -2  -4  -4  -2  -3  -3  -2   0  -2  -3  -3  -3    0   0   0   0   0   0   0 100   0   0   0   0   0   0   0   0   0   0   0   0  1.11 0.03
   35 R    -2   6  -1  -2  -4   1   0  -3   0  -3  -2   2  -2  -3  -2  -1  -1  -3  -2  -3    0 100   0   0   0   0   0   0   0   0   0   0   0   0   0   0   0   0   0   0  0.85 0.04
   36 A     4  -1  -1  -1  -1  -1  -1   0  -2  -2  -2  -1  -1  -2  -1   2   0  -3  -2  -1   74   0   0   0   0   0   0   0   0   0   0   0   0   0   0  26   0   0   0   0  0.39 0.02
   37 M    -2  -2  -3  -4  -2  -2  -3  -3   0   0   1  -2   3   5  -3  -2  -2   1   4  -1    0   0   0   0   0   0   0   0   0   0   0   0  25  50   0   0   0   0  24   0  0.52 0.03
   38 A     4  -1  -1  -1  -1  -1  -1   0  -2  -2  -2  -1  -1  -2  -1   2   0  -3  -2  -1   76   0   0   0   0   0   0   0   0   0   0   0   0   0   0  24   0   0   0   0  0.39 0.02
   39 G     0  -3  -1  -1  -3  -2  -2   6  -2  -4  -4  -2  -3  -3  -2   0  -2  -3  -3  -3    0   0   0   0   0   0   0 100   0   0   0   0   0   0   0   0   0   0   0   0  1.11 0.03
   40 G     2  -1  -1   0  -2   1   3   2  -1  -3  -3   0  -2  -3  -1   0  -1  -3  -2  -2   26   0   0   0   0   0  48  25   0   0   0   0   0   0   0   0   0   0   0   0  0.39 0.02
   41 S     4  -1  -1  -1  -1  -1  -1   0  -2  -2  -2  -1  -1  -2  -1   2   0  -3  -2  -1   75   0   0   0   0   0   0   0   0   0   0   0   0   0   0  25   0   0   0   0  0.39 0.02
   42 L     3  -2  -1  -2  -1  -1  -1  -1  -2  -1   1  -1   0  -1  -1   2   0  -2  -2   0   48   0   0   0   0   0   0   0   0   0  25   0   0   0   0  26   0   0   0   0  0.21 0.02
   43 F     1  -2  -2  -3  -1  -2  -2  -2  -2   1   1  -2   3   3  -2  -1  -1  -1   0   2   26   0   0   0   0   0   0   0   0   0   0   0  24  25   0   0   0   0   0  24  0.17 0.02
   44 P     3  -1  -1  -1  -2   2   0  -1  -1  -2  -2   0  -1  -3   4   0  -1  -3  -2  -1   48   0   0   0   0  26   0   0   0   0   0   0   0   0  25   0   0   0   0   0  0.49 0.02
   45 N    -2  -1   3   5  -3   0   1  -1  -1  -3  -4  -1  -3  -4  -2   0  -1  -4  -3  -3    0   0  25  75   0   0   0   0   0   0   0   0   0   0   0   0   0   0   0   0  0.81 0.03
   46 D    -2  -1   5   5  -3   0   1  -1   0  -3  -4  -1  -3  -3  -2   0  -1  -4  -3  -3    0   0  48  52   0   0   0   0   0   0   0   0   0   0   0   0   0   0   0   0  0.72 0.03
   47 P     4  -2  -2  -2  -1  -1  -1   0  -2  -2  -2  -1  -1  -3   4   1   0  -3  -2  -1   75   0   0   0   0   0   0   0   0   0   0   0   0   0  25   0   0   0   0   0  0.56 0.02
   48 S     2  -1   0  -1  -1   0   0   0  -1  -2  -2   0  -1  -3  -1   4   1  -3  -2  -1   26   0   0   0   0   0   0   0   0   0   0   0   0   0   0  74   0   0   0   0  0.42 0.03
   49 A     3  -2  -2  -3  -1  -2  -2  -1  -2   2   0  -2   0  -1  -2   0   0  -3  -2   2   50   0   0   0   0   0   0   0   0  26   0   0   0   0   0   0   0   0   0  24  0.21 0.02
   50 A     1  -1  -2  -2  -1   2  -1  -2  -2   2   1  -1   1  -1  -2  -1  -1  -2  -1   1   25   0   0   0   0  24   0   0   0  26  24   0   0   0   0   0   0   0   0   0  0.13 0.01
   51 F     1  -2  -3  -3  -1  -2  -2  -2  -2   0   0  -2   0   3  -3  -1  -1   7   1   1   24   0   0   0   0   0   0   0   0   0   0   0   0  25   0   0   0  24   0  26  0.46 0.02
   52 N    -2   4   4   0  -3   0   0  -1   0  -3  -3   1  -2  -3  -2   0  -1  -3  -2  -3    0  48  52   0   0   0   0   0   0   0   0   0   0   0   0   0   0   0   0   0  0.57 0.03
   53 N    -2  -1   6   1  -3   0   0  -1   0  -4  -4   0  -2  -3  -2   0   0  -4  -2  -3    0   0 100   0   0   0   0   0   0   0   0   0   0   0   0   0   0   0   0   0  0.83 0.04
   54 P    -1  -2  -2  -2  -3  -2  -1  -2  -2  -3  -3  -1  -3  -4   8  -1  -1  -4  -3  -3    0   0   0   0   0   0   0   0   0   0   0   0   0   0 100   0   0   0   0   0  2.12 0.04
   55 A     4  -2  -2  -2  -1  -1  -1   0  -2  -2  -2  -1  -1  -2  -1   1   0  -3  -2   0  100   0   0   0   0   0   0   0   0   0   0   0   0   0   0   0   0   0   0   0  0.47 0.03
   56 A     3  -2  -1  -2  -1  -1  -2   3  -2  -1  -1  -1   2  -2  -2   0  -1  -2  -2  -1   49   0   0   0   0   0   0  26   0   0   0   0  24   0   0   0   0   0   0   0  0.28 0.02
   57 M    -1  -2  -3  -3  -2  -1  -2  -3  -2   1   3  -2   6   0  -3  -2  -1  -2  -1   1    0   0   0   0   0   0   0   0   0   0  24   0  76   0   0   0   0   0   0   0  0.43 0.04
   58 A     1   2  -1  -2  -1   0  -1  -1  -1  -1   0   0   2  -2  -2   0   2  -2  -2   0   25  26   0   0   0   0   0   0   0   0   0   0  24   0   0   0  24   0   0   0  0.18 0.02
   59 F    -2  -1  -2  -2  -2   2  -1  -3   0   0   1  -1   0   3  -3  -2  -1   0   4  -1    0   0   0   0   0  26   0   0   0   0  24   0   0  25   0   0   0   0  24   0  0.29 0.02
   60 I    -2  -3  -3  -4  -2  -3  -3  -4  -3   2   3  -3   1   3  -3  -3  -1  -1   0   1    0   0   0   0   0   0   0   0   0  25  51   0   0  24   0   0   0   0   0   0  0.36 0.01
   61 D    -1  -1   1   5  -4   1   4  -2  -1  -3  -3   0  -3  -4  -1   0  -1  -4  -3  -3    0   0   0  52   0   0  48   0   0   0   0   0   0   0   0   0   0   0   0   0  0.73 0.03
   62 K     0   0   0  -1  -2  -1  -1   4  -2  -3  -3   2  -2  -3  -2   0   2  -3  -2  -2    0   0   0   0   0   0   0  51   0   0   0  25   0   0   0   0  24   0   0   0  0.44 0.02
   63 R    -1   4   0  -1  -2   0   0  -1  -1  -2  -1   1  -1  -2  -1   0   2  -2  -1  -1    2  53   1   1   0   1   2   2   1   1   2   1   1   1   1   2  26   0   1   2  0.32 0.01
   64 I    -1   0  -1  -1  -2   4   1  -2   0   1   0   0   0  -1  -1  -1  -1  -2  -1   0    2   1   1   1   0  52   2   2   1  27   2   1   1   1   1   2   1   0   1   2  0.21 0.02
   65 A     3  -2  -2  -3  -1  -2  -2  -1  -2   0   0  -2   0   3  -2   0  -1  -1   0   1   49   0   0   0   0   0   0   0   0   0   0   0   0  26   0   0   0   0   0  24  0.20 0.02
   66 Q     0   1   0   0  -2   5   1  -2   0  -3  -2   1  -1  -3  -1   2   0  -2  -2  -2    0   0   0   0   0  76   0   0   0   0   0   0   0   0   0  24   0   0   0   0  0.55 0.03
   67 L     1  -1  -2  -2  -1  -1  -1  -1  -1   0   2  -1   0   3  -1   0  -1  -1   1   0   26   1   1   1   1   1   2   2   1   1  28   2   1  25   1   2   2   0   1   2  0.10 0.01
   68 T     0  -1   0  -1  -1  -1  -1   3  -1  -2  -2  -1  -1  -2  -1   2   2  -2  -1  -1    2   1   1   1   1   1   2  26   1   1   2   2   1   1   1  26  27   0   1   2  0.24 0.01
   69 V     2  -1  -1  -1  -1  -1  -1   2  -2   0  -1  -1  -1  -1  -1   0   0  -2  -1   1   26   1   1   1   1   1   2  26   1   1   2   2   1   1   1   2   2   0   1  27  0.14 0.01
   70 N     1  -1   3   0  -1  -1  -1  -1  -1   1   0  -1   0  -1  -1   0   0  -2  -1   0   26   1  27   1   1   1   2   2   1  26   2   2   1   1   1   2   2   0   1   2  0.08 0.01
   71 Y    -1  -1  -2  -2  -2  -1  -1  -2   1   0   1  -1   0   2  -2  -1  -1   1   5   0    2   1   1   1   1   1   2   2   1   1  26   2   1   1   1   2   2   0  51   2  0.31 0.01
   72 A     3  -2  -1  -2  -1  -1  -1  -1  -2   0  -1  -1  -1  -2  -1   2   0  -3  -2   1   52   0   0   0   0   0   0   0   0   0   0   0   0   0   0  24   0   0   0  24  0.24 0.02
   73 D    -2  -2   3   4  -3  -1   0  -2  -1   1  -1  -1  -1  -2  -2   0  -1  -4  -2  -1    0   0  24  52   0   0   0   0   0  24   0   0   0   0   0   0   0   0   0   0  0.42 0.02
   74 I    -1  -3  -3  -3  -2  -2  -2  -3  -3   2   2  -2   1  -1   4  -2  -1  -3  -2   2    0   0   0   0   0   0   0   0   0  25  26   0   0   0  24   0   0   0   0  24  0.40 0.01
   75 D    -1  -1   3   4  -3   0   1  -1  -1  -3  -3  -1  -3  -3  -2   2   0  -4  -3  -3    0   0  24  49   0   0   0   0   0   0   0   0   0   0   0  26   0   0   0   0  0.55 0.02
   76 I    -1  -3  -3  -3  -1  -2  -2  -3  -3   3   0  -2   0  -1   4  -2  -1  -3  -2   3    0   0   0   0   0   0   0   0   0  25   0   0   0   0  24   0   0   0   0  51  0.43 0.02
   77 K    -1   3   0   3  -4   1   3  -2  -1  -3  -3   3  -2  -3  -2   0  -1  -3  -2  -3    0  26   0  24   0   0  24   0   0   0   0  25   0   0   0   0   0   0   0   0  0.46 0.01
   78 Y    -1  -3  -3  -3  -2  -2  -3  -3  -1   1   0  -3   0   4  -3  -2  -1   0   4   2    0   0   0   0   0   0   0   0   0   0   0   0   0  26   0   0   0   0  25  48  0.35 0.02
   79 N    -1  -1   4   1  -2   0   2  -1   0  -3  -3   0  -2  -3  -2   2   0  -3  -2  -3    0   0  49   0   0   0  24   0   0   0   0   0   0   0   0  26   0   0   0   0  0.47 0.02
   80 G     2  -2  -1  -2  -2  -2  -2   4  -2   0  -2  -2  -1  -2  -2   0  -1  -3  -2   1   26   0   0   0   0   0   0  50   0   0   0   0   0   0   0   0   0   0   0  24  0.40 0.02
   81 D    -1  -1   1   4  -3   0   3  -2  -1  -3  -3   0  -2  -3  -1   0   2  -4  -3  -2    0   0   0  49   0   0  26   0   0   0   0   0   0   0   0   0  24   0   0   0  0.53 0.02
   82 A     2  -1  -1  -1   0  -1  -1   0  -1   1   0  -1   0  -1   0   0   0  -1  -1   1   29   3   2   3   1   2   3   4   1   3   5   3   1   2   3   4   3   1   2  28  0.06 0.00
   83 Y    -1   0   3   0  -1   0   0  -1   1  -1  -1   0  -1   1  -1   0   0   0   3  -1    4   3  27   3   1   2   3   4   1   3   5   3   1   2   3   4   3   1  27   3  0.15 0.00
   84 D    -1  -1   1   4  -2   0   1  -1   4  -2  -2  -1  -2  -2  -1   0  -1  -2   0  -2    2   1   1  51   1   1   2   2  25   1   2   2   1   1   1   2   2   0   1   2  0.42 0.01
   85 Y     1  -2  -2  -3  -2  -2  -2  -2   0   0   1  -2   0   2  -2  -1  -1   1   5   0   24   0   0   0   0   0   0   0   0   0  24   0   0   0   0   0   0   0  52   0  0.36 0.02
   86 Q     0   3   0  -1  -3   4   1  -2   0  -3  -2   1  -1  -3  -2   2   0  -3  -2  -2    0  26   0   0   0  50   0   0   0   0   0   0   0   0   0  24   0   0   0   0  0.45 0.02
   87 G     0  -1   3   0  -2  -1  -1   4  -1  -2  -2  -1  -2  -2  -1   0  -1  -2  -2  -2    2   1  25   1   0   1   2  53   1   1   2   1   1   1   1   2   1   0   1   2  0.46 0.01
   88 N     0   0   4   1  -2   0   0   0   0  -2  -2   0  -1  -2  -1   2   0  -2  -1  -2    2   1  50   1   0   1   2   2   1   1   2   1   1   1   1  28   1   0   1   2  0.34 0.01
   89 P     0  -1  -1  -1  -1  -1   0  -1  -1  -1  -1   0  -1  -2   6   0   0  -1  -1  -1    4   2   2   3   1   2   3   4   1   2   4   3   1   2  54   3   3   1   2   3  0.81 0.01
   90 M     0   0   0   0  -1   0   0   0   0   0   1   0   3   0   0   0   0   0   0   0    6   4   3   4   1   3   5   6   2   4   7   4  27   3   4   5   4   1   2   5  0.02 0.00
   91 T     0   0   0   0   0   0   0   0   0   0   0   0   0  -1   0   1   2   0   0   0    6   4   3   4   1   3   5   6   2   4   7   4   2   3   4   5  30   1   2   5  0.07 0.00
   92 G     0  -1   0  -1  -1  -1  -1   4  -1  -2  -2  -1  -1  -1  -1   0  -1  -1  -1  -1    4   2   2   3   1   2   3  55   1   2   4   3   1   2   3   3   3   1   2   3  0.36 0.01
   93 G     0  -1  -1  -1  -1  -1  -1   3  -1   1   0  -1   0  -1  -1   0   0  -1  -1   0    4   2   2   3   1   2   3  29   1  29   4   3   1   2   3   3   3   1   2   3  0.09 0.00
   94 Y    -1  -1  -1  -1  -1  -1  -1  -1   1  -1  -1  -1  -1   2  -1  -1  -1   1   5  -1    4   2   2   3   1   2   3   4   1   2   4   3   1   2   3   3   3   1  53   3  0.30 0.01
   95 Q    -1   3   0  -1  -2   4   1  -1   0  -2  -2   1  -1  -2  -1   0  -1  -2  -1  -2    2  28   1   1   0  50   2   2   1   1   2   1   1   1   1   2   1   0   1   2  0.38 0.02
   96 D     0  -1   3   3  -2   0   0  -1   0  -2  -2   0  -2  -2  -1   2   0  -2  -2  -2    2   1  27  27   0   1   2   2   1   1   2   1   1   1   1  26   1   0   1   2  0.31 0.01
   97 G     0  -1  -1  -1  -2  -1  -1   4  -1  -1  -1  -1   2  -1  -1   0  -1  -2  -2  -1    2   1   1   1   0   1   2  53   1   1   2   1  24   1   1   2   1   0   1   2  0.35 0.01
   98 P    -1   0   3  -1  -3   0  -1  -2  -1  -1   1   2   0  -2   4  -1  -1  -3  -2  -1    0   0  26   0   0   0   0   0   0   0  24  24   0   0  25   0   0   0   0   0  0.35 0.01
   99 G    -1  -2   0   3  -3  -1  -1   4  -2  -4  -4  -1  -3  -4   4  -1  -1  -3  -3  -3    0   0   0  24   0   0   0  50   0   0   0   0   0   0  26   0   0   0   0   0  0.73 0.02
  100 T    -1   0  -1  -2  -1  -1  -1  -2  -2   2   0   1   0  -1  -2   0   2  -3  -2   2    0   0   0   0   0   0   0   0   0  26   0  24   0   0   0   0  25   0   0  24  0.15 0.01
  101 P     2  -2  -1  -2  -2  -1  -1   3  -2  -2  -2  -1  -2  -3   4   0   2  -3  -2  -1   24   0   0   0   0   0   0  26   0   0   0   0   0   0  25   0  24   0   0   0  0.49 0.01
  102 E    -1  -1   0   0  -3   0   2   2   4  -3  -3  -1  -2  -3   4  -1  -1  -3  -1  -3    0   0   0   0   0   0  25  26  24   0   0   0   0   0  24   0   0   0   0   0  0.53 0.02
  103 L     1  -2  -2  -3  -1  -2  -2   2  -2   0   2  -2   1  -1  -2  -1  -1  -2  -2   0   24   0   0   0   0   0   0  26   0   0  49   0   0   0   0   0   0   0   0   0  0.22 0.01
  104 G     0  -1   3   0  -2   2   0   3   0  -3  -3   0  -2  -3  -2   2   0  -3  -2  -3    0   0  26   0   0  24   0  25   0   0   0   0   0   0   0  24   0   0   0   0  0.37 0.02
  105 T     0  -2  -1  -1  -1  -1  -1   2  -2   1  -1  -1  -1  -2  -2   2   2  -3  -2   0    0   0   0   0   0   0   0  26   0  24   0   0   0   0   0  24  25   0   0   0  0.21 0.01
  106 N    -1  -1   4   0  -2   0  -1   3   0  -2  -2   0  -2  -2  -1   0   0  -2  -2  -2    2   1  51   1   0   1   2  28   1   1   2   1   1   1   1   2   1   0   1   2  0.39 0.01
  107 D    -1  -1   1   5  -2   0   1  -1  -1  -2  -3  -1  -2  -2  -1   0  -1  -3  -2  -2    2   1   1  77   0   1   2   2   1   1   2   1   1   1   1   2   1   0   1   2  0.64 0.02
  108 G     2  -2  -1  -1  -1  -1  -1   3  -1  -1  -1  -1  -1   3  -1   0  -1  -1   0  -1   28   1   1   1   0   1   2  27   1   1   2   1   1  25   1   2   1   0   1   2  0.18 0.01
  109 G     2  -1  -1  -1  -1  -1  -1   4  -1  -2  -2  -1  -2  -2  -1   0  -1  -2  -2  -1   26   1   1   1   0   1   2  53   1   1   2   1   1   1   1   2   1   0   1   2  0.43 0.01
  110 Q    -1   0   0  -1  -2   3   0  -2   4  -1   0   0   3  -1  -1  -1  -1  -1   0  -1    2   1   1   1   0  26   2   2  25   1   2   1  27   1   1   2   1   0   1   2  0.20 0.01
  111 A     2  -1  -1  -1   0  -1  -1  -1  -1   1   0  -1   0  -1   0   0   0  -1  -1   2   29   2   2   3   1   2   3   4   1   2   4   3   1   2   3   3   3   1   2  29  0.06 0.00
  112 G     0   0   0   0  -1   0   0   3  -1  -1  -1   0  -1  -1   0   0   0   0  -1  -1    6   4   3   4   1   3   5  31   2   4   7   4   2   3   4   5   4   1   2   5  0.12 0.00
  113 F     0   0   0  -1  -1   0   0  -1   0   0   0   0   0   3   0   0   0   0   1   0    6   4   3   4   1   3   5   6   2   4   7   4   2  28   4   5   4   1   2   5  0.05 0.00
  114 G     0  -1   0   3  -1   0   0   3  -1  -1  -1   0  -1  -1   0   0  -1  -1  -1  -1    4   3   2  27   1   2   3  29   1   3   5   3   1   2   3   4   3   1   2   3  0.21 0.00
  115 A     4  -1  -1  -1   0  -1  -1   0  -1  -1  -1  -1  -1  -2  -1   1   0  -2  -1   0   78   1   1   1   0   1   2   2   1   1   2   1   1   1   1   2   1   0   1   2  0.29 0.02
  116 W    -1  -2  -2  -2  -1  -1  -2  -2  -2   1   2  -2   1   0  -2  -2  -1   7   0   1    2   1   1   1   0   1   2   2   1   1  28   1   1   1   1   2   1  26   1  26  0.39 0.01
  117 L    -1  -3  -3  -4  -1  -2  -3  -4  -3   3   3  -3   2   0  -3  -2  -1  -2  -1   2    0   0   0   0   0   0   0   0   0  24  52   0   0   0   0   0   0   0   0  24  0.36 0.01
  118 P    -1  -2  -2  -2  -3  -2  -1  -2  -2  -3  -3  -1  -3  -4   8  -1  -1  -4  -3  -3    0   0   0   0   0   0   0   0   0   0   0   0   0   0 100   0   0   0   0   0  2.12 0.04
  119 T     1  -1   3   3  -2  -1   0  -1  -1  -2  -2  -1  -2  -3  -1   1   2  -3  -2  -1   24   0  24  26   0   0   0   0   0   0   0   0   0   0   0   0  25   0   0   0  0.32 0.01
  120 G     2  -2  -1  -2  -2  -1  -1   3  -2  -2  -2  -1  -1   3  -2   2   0  -1   0  -1   24   0   0   0   0   0   0  25   0   0   0   0   0  24   0  26   0   0   0   0  0.25 0.01
  121 F    -2  -2  -3  -3  -3  -2  -3  -3   1  -1  -1  -2  -1   4  -3  -2  -2   2   7  -1    0   0   0   0   0   0   0   0   0   0   0   0   0  25   0   0   0   0  75   0  0.84 0.04
  122 L    -2  -2  -3  -4  -2  -2  -3  -4  -1   1   3  -3   1   4  -3  -2  -2   0   4   0    0   0   0   0   0   0   0   0   0   0  50   0   0  26   0   0   0   0  24   0  0.41 0.02
  123 V     0  -2  -1  -2  -1  -1  -1  -2   4   2   0  -1   0  -1  -2   1   0  -3   0   2    0   0   0   0   0   0   0   0  26  24   0   0   0   0   0  24   0   0   0  25  0.16 0.02
  124 V    -1   2  -1  -2  -2   0  -1  -3   4   0   0   0   3  -1  -2  -1  -1  -2   0   1    0  24   0   0   0   0   0   0  24   0   0   0  26   0   0   0   0   0   0  25  0.20 0.02
  125 P    -1  -1  -2  -1  -3   2   0  -2  -1  -3  -3   0  -2  -4   7  -1  -1  -3  -3  -3    0   0   0   0   0  24   0   0   0   0   0   0   0   0  76   0   0   0   0   0  1.48 0.03
  126 I    -2  -3  -3  -4  -2  -3  -3  -4  -3   3   2  -3   1   3  -3  -3  -1  -1   0   2    0   0   0   0   0   0   0   0   0  49  24   0   0  26   0   0   0   0   0   0  0.34 0.02
  127 N    -2  -1   6   1  -3   0   0  -1   0  -4  -4   0  -2  -3  -2   0   0  -4  -2  -3    0   0 100   0   0   0   0   0   0   0   0   0   0   0   0   0   0   0   0   0  0.83 0.04
  128 D    -2  -1   3   5  -3   0   3  -1   0  -3  -4   0  -3  -3  -2   0  -1  -4  -3  -3    0   0  26  49   0   0  24   0   0   0   0   0   0   0   0   0   0   0   0   0  0.65 0.02
  129 R    -1   3   3   0  -3   4   1  -2   0  -3  -3   1  -1  -3  -2   0  -1  -3  -2  -3    0  25  26   0   0  48   0   0   0   0   0   0   0   0   0   0   0   0   0   0  0.49 0.02
  130 F    -1  -2  -3  -4  -2  -2  -3  -3  -2   1   1  -3   3   3  -3  -2  -1   7   1   1    0   0   0   0   0   0   0   0   0   0   0   0  24  25   0   0   0  24   0  26  0.51 0.02
  131 A     4  -1  -1  -2  -1  -1  -1   0   4  -2  -2  -1  -1  -2  -1   1  -1  -3  -1  -1   74   0   0   0   0   0   0   0  26   0   0   0   0   0   0   0   0   0   0   0  0.37 0.03
  132 F    -2  -3  -4  -4  -2  -3  -3  -3  -2   0   3  -3   1   3  -3  -3  -2   7   1   0    0   0   0   0   0   0   0   0   0   0  51   0   0  25   0   0   0  24   0   0  0.61 0.02
  133 G     0  -3  -1  -1  -3  -2  -2   6  -2  -4  -4  -2  -3  -3  -2   0  -2  -3  -3  -3    0   0   0   0   0   0   0 100   0   0   0   0   0   0   0   0   0   0   0   0  1.11 0.03
  134 L     1  -2  -3  -3  -1  -2  -2  -2  -2   1   3  -2   1   3  -2  -1  -1  -1   0   0   26   0   0   0   0   0   0   0   0   0  49   0   0  24   0   0   0   0   0   0  0.23 0.01
  135 S     3  -1  -1  -1  -1  -1  -1   0  -2  -1  -2  -1  -1  -2  -1   2   2  -3  -2  -1   48   0   0   0   0   0   0   0   0   0   0   0   0   0   0  25  26   0   0   0  0.33 0.02
  136 Q    -1  -1  -2  -2  -2   2  -1  -3  -1   1   3  -1   3   0  -2  -2  -1  -2  -1   0    0   0   0   0   0  25   0   0   0   0  51   0  24   0   0   0   0   0   0   0  0.26 0.02
  137 V    -1  -2   3  -1  -2  -2  -2   2  -1   0  -1  -2  -1   3  -3  -1  -1  -2   0   1    0   0  26   0   0   0   0  24   0   0   0   0   0  24   0   0   0   0   0  25  0.17 0.01
  138 V     2  -2  -1  -2  -1  -1  -1  -1  -2   0  -1  -1   0  -2  -1   1   3  -3  -2   2   26   0   0   0   0   0   0   0   0   0   0   0   0   0   0   0  48   0   0  25  0.25 0.02
  139 P    -1  -2   3  -1  -2  -1  -1  -2  -1  -2  -3  -1  -2  -3   6   0   2  -4  -3  -2    0   0  24   0   0   0   0   0   0   0   0   0   0   0  52   0  24   0   0   0  0.93 0.02
  140 M    -2  -2  -3  -3  -2  -2  -2  -3   0   0   0  -2   3   4  -3  -2  -2   1   5  -1    0   0   0   0   0   0   0   0   0   0   0   0  25  26   0   0   0   0  48   0  0.54 0.03
  141 G     0  -3  -1  -1  -3  -2  -2   6  -2  -4  -4  -2  -3  -3  -2   0  -2  -3  -3  -3    0   0   0   0   0   0   0 100   0   0   0   0   0   0   0   0   0   0   0   0  1.11 0.03
  142 M    -1  -2  -3  -3  -2  -2  -3  -3  -2   1   1  -2   5   3  -3  -2  -1  -1   1   2    0   0   0   0   0   0   0   0   0   0   0   0  50  26   0   0   0   0   0  24  0.30 0.03
  143 R     2   3   0   0  -2   1   2  -1  -1  -3  -2   1  -2  -3  -1   2   0  -3  -2  -2   24  25   0   0   0   0  24   0   0   0   0   0   0   0   0  26   0   0   0   0  0.30 0.01
  144 S     0  -1   0  -1  -1  -1  -1  -1  -2  -1  -2  -1  -1  -2  -1   2   4  -3  -2  -1    0   0   0   0   0   0   0   0   0   0   0   0   0   0   0  25  75   0   0   0  0.46 0.03
  145 T    -1   0   1   4  -3   0   1  -2  -1  -2  -3   2  -2  -3  -1   0   2  -4  -2  -2    0   0   0  48   0   0   0   0   0   0   0  26   0   0   0   0  25   0   0   0  0.43 0.02
  146 W    -2  -2  -3  -4  -2  -2  -3  -3   0  -1   1  -2   0   2  -3  -2  -2   7   5  -1    0   0   0   0   0   0   0   0   0   0  24   0   0   0   0   0   0  25  50   0  0.79 0.03
  147 D    -1  -2   0   4  -3  -1   0   2  -2  -3  -4  -1  -3  -4   4   0  -1  -4  -3  -3    0   0   0  52   0   0   0  24   0   0   0   0   0   0  24   0   0   0   0   0  0.70 0.02
  148 P    -1   3   3  -1  -2   0  -1  -2  -1  -2  -2   0  -2  -3   4   0   2  -3  -2  -2    0  26  24   0   0   0   0   0   0   0   0   0   0   0  25   0  24   0   0   0  0.48 0.02
  149 N    -1   0   4   1  -3   1   4  -1   0  -3  -3   0  -2  -3  -2   0  -1  -3  -2  -3    0   0  52   0   0   0  48   0   0   0   0   0   0   0   0   0   0   0   0   0  0.59 0.03
  150 W    -2  -3  -4  -4  -2  -3  -3  -3  -2   1   0  -3   0   3  -4  -3  -2   9   2   0    0   0   0   0   0   0   0   0   0  24   0   0   0  24   0   0   0  52   0   0  1.14 0.03
  151 K     1   0  -1  -2  -2   0  -1  -1   0  -2  -2   2  -1   0  -1   0   2  -1   3  -1   24   0   0   0   0   0   0   0   0   0   0  25   0   0   0   0  26   0  24   0  0.20 0.02
  152 G     3  -2  -1  -2  -1  -1  -2   4  -2  -3  -3  -1  -2  -3  -2   0  -1  -3  -3  -1   48   0   0   0   0   0   0  52   0   0   0   0   0   0   0   0   0   0   0   0  0.56 0.02
  153 R     0   4   0  -1  -3   0  -1   2  -1  -3  -3   1  -2  -3  -2   1   0  -3  -2  -3    0  52   0   0   0   0   0  24   0   0   0   0   0   0   0  24   0   0   0   0  0.42 0.02
  154 D    -2  -1   0   4  -3   0   0  -2   4  -3  -3  -1  -2   0  -2  -1  -1  -1   4  -3    0   0   0  49   0   0   0   0  24   0   0   0   0   0   0   0   0   0  26   0  0.53 0.02
  155 F    -2  -2  -2  -3  -2  -2  -2  -3   4   0   1  -2   0   5  -3  -2  -2   0   2  -1    0   0   0   0   0   0   0   0  26   0  24   0   0  50   0   0   0   0   0   0  0.41 0.02
  156 A     3  -2  -1  -2  -1  -1  -2   4  -2  -2  -3  -1  -2  -3  -2   0  -1  -3  -3  -1   49   0   0   0   0   0   0  51   0   0   0   0   0   0   0   0   0   0   0   0  0.55 0.02
  157 V    -1  -2   2  -1  -2  -2  -2   2  -2   2   0  -2   0  -2  -2  -1  -1  -3  -2   2    0   0  24   0   0   0   0  24   0  26   0   0   0   0   0   0   0   0   0  25  0.17 0.01
  158 D    -2  -1   0   4  -3   2   1  -2   0  -3  -3   0  -2   0  -2  -1  -1  -1   3  -2    0   0   0  49   0  24   0   0   0   0   0   0   0   0   0   0   0   0  26   0  0.47 0.02
  159 T     2  -1   0  -1  -1  -1  -1  -1  -2  -1  -2  -1  -1  -2  -1   2   3  -3  -2  -1   24   0   0   0   0   0   0   0   0   0   0   0   0   0   0  26  49   0   0   0  0.35 0.02
  160 K     0   1   0  -1  -2   1   0  -1  -1  -3  -3   3  -2  -3  -1   3   0  -3  -2  -2    0   0   0   0   0   0   0   0   0   0   0  52   0   0   0  48   0   0   0   0  0.38 0.02
  161 I    -1  -3  -3  -4  -1  -2  -3  -4  -3   3   3  -3   2   0  -3  -2  -1  -2  -1   2    0   0   0   0   0   0   0   0   0  25  50   0   0   0   0   0   0   0   0  24  0.36 0.01
  162 E    -1  -1  -1  -1  -2   3   2  -3  -1   3   0   0   0  -1  -2  -1  -1  -3  -2   1    0   0   0   0   0  26  25   0   0  48   0   0   0   0   0   0   0   0   0   0  0.21 0.02
  163 T     2  -1   0  -1  -1  -1  -1  -1  -1  -2  -2  -1  -1  -2  -1   3   3  -3  -2  -1   26   0   0   0   0   0   0   0   0   0   0   0   0   0   0  48  25   0   0   0  0.35 0.02
  164 I    -1  -1  -2  -2  -2  -1  -2  -3  -3   3   1   1   1  -1  -2  -2  -1  -3  -2   2    0   0   0   0   0   0   0   0   0  52   0  24   0   0   0   0   0   0   0  24  0.20 0.02
  165 G    -1  -1   3   3  -3   0   2   2  -1  -4  -4   0  -3  -3  -2   0  -1  -3  -3  -3    0   0  24  26   0   0  24  25   0   0   0   0   0   0   0   0   0   0   0   0  0.47 0.01
  166 L     1  -2  -3  -3  -1  -2  -2  -2  -3   1   3  -2   1   0  -2  -1  -1  -2  -1   1   24   0   0   0   0   0   0   0   0   0  76   0   0   0   0   0   0   0   0   0  0.30 0.02
  167 T    -1  -1   4   0  -2  -1  -1   3  -1  -3  -3  -1  -2  -3  -2   1   2  -3  -2  -2    0   0  48   0   0   0   0  26   0   0   0   0   0   0   0   0  25   0   0   0  0.44 0.02
  168 G    -1  -3  -2  -2  -2  -2  -2   2  -3   2   1  -2   0  -1   4  -1  -1  -3  -2   0    0   0   0   0   0   0   0  25   0  26  24   0   0   0  24   0   0   0   0   0  0.34 0.01
  169 S     2  -1   4   0  -2   0   0   0   0  -3  -3   0  -2  -3  -1   2   0  -3  -2  -2   26   0  48   0   0   0   0   0   0   0   0   0   0   0   0  25   0   0   0   0  0.39 0.02
  170 L    -1  -3  -3  -3  -1  -3  -3  -4  -3   3   2  -3   1   0  -3  -2  -1  -3  -1   3    0   0   0   0   0   0   0   0   0  48  25   0   0   0   0   0   0   0   0  26  0.36 0.02
  171 S     3  -1   0  -1  -1  -1  -1   0  -1  -2  -2  -1  -1  -2  -1   3   1  -3  -2  -1   48   0   0   0   0   0   0   0   0   0   0   0   0   0   0  52   0   0   0   0  0.38 0.02
  172 F    -2  -2  -3  -3  -3  -2  -3  -3   1  -1  -1  -2  -1   4  -3  -2  -2   2   7  -1    0   0   0   0   0   0   0   0   0   0   0   0   0  25   0   0   0   0  75   0  0.84 0.04
  173 K    -1   3   0   3  -3   3   1  -2   0  -3  -3   3  -2  -3  -2   0  -1  -3  -2  -3    0  24   0  26   0  24   0   0   0   0   0  25   0   0   0   0   0   0   0   0  0.45 0.02
  174 V    -1  -3  -3  -3  -1  -3  -3  -4  -3   3   1  -3   1  -1  -3  -2   0  -3  -1   4    0   0   0   0   0   0   0   0   0  24   0   0   0   0   0   0   0   0   0  76  0.39 0.02
  175 N    -2  -1   5   1  -2  -1  -1  -1   0  -1   1  -1  -1  -2  -2   0   0  -3  -2  -2    0   0  76   0   0   0   0   0   0   0  24   0   0   0   0   0   0   0   0   0  0.45 0.03
  176 D    -1  -2  -1   3  -3  -1   0  -2  -2  -3  -3  -1  -3  -4   7  -1  -1  -4  -3  -3    0   0   0  25   0   0   0   0   0   0   0   0   0   0  75   0   0   0   0   0  1.49 0.03
  177 N    -1   0   3   0  -3   3   2  -2   1  -3  -2   0  -1   0  -2   0  -1  -1   3  -2    0   0  25   0   0  24  24   0   0   0   0   0   0   0   0   0   0   0  26   0  0.36 0.02
  178 F    -1  -3  -3  -4  -1  -3  -3  -4  -3   2   3  -3   1   3  -3  -2  -1  -1   1   2    0   0   0   0   0   0   0   0   0   0  48   0   0  25   0   0   0   0   0  26  0.33 0.01
  179 S     1  -1   0   0  -1   0   0   0  -1  -3  -3   0  -2  -3  -1   4   1  -3  -2  -2    0   0   0   0   0   0   0   0   0   0   0   0   0   0   0 100   0   0   0   0  0.52 0.04
  180 L    -2  -3  -3  -4  -2  -3  -3  -4  -3   2   3  -3   1   3  -3  -3  -1  -1   1   1    0   0   0   0   0   0   0   0   0  24  49   0   0  26   0   0   0   0   0   0  0.36 0.01
  181 G     0  -3  -1  -1  -3  -2  -2   6  -2  -4  -4  -2  -3  -3  -2   0  -2  -3  -3  -3    0   0   0   0   0   0   0 100   0   0   0   0   0   0   0   0   0   0   0   0  1.11 0.03
  182 A     2  -2  -1  -2  -2  -2  -2   4  -2  -2  -2  -2  -1   3  -2   0  -1  -1   0  -2   25   0   0   0   0   0   0  51   0   0   0   0   0  24   0   0   0   0   0   0  0.43 0.02
  183 G     2  -2  -1  -2  -2  -2  -2   5  -2  -3  -3  -1  -2  -3  -2   0  -1  -3  -3  -2   26   0   0   0   0   0   0  74   0   0   0   0   0   0   0   0   0   0   0   0  0.76 0.02
  184 V     0  -2  -2  -2  -1  -2  -2  -2  -2   2   1  -2   0  -1  -1  -1   0  -2  -1   4    2   1   1   1   0   1   2   2   1   1   2   1   1   1   1   2   1   0   1  78  0.21 0.02
  185 I    -1   2  -1  -2  -2  -1  -1  -2  -1   1   0   0   0   3  -2  -1  -1  -1   1   0    2  26   1   1   0   1   2   2   1  27   2   1   1  27   1   2   1   0   1   2  0.12 0.01
  186 I     1  -1  -2  -2  -1  -1  -1  -1   0   1   0  -1   0   1  -1   0  -1   0   3   1   28   1   1   1   0   1   2   2   1  27   2   1   1   1   1   2   1   0  25   2  0.11 0.01
  187 Q     0   0  -1   0  -2   3   3  -2   0   0  -1   0   0  -2  -1   0   0  -2  -1   1    2   1   1   1   0  26  28   2   1   1   2   1   1   1   1   2   1   0   1  26  0.18 0.01
  188 R    -1   4  -1  -1  -2   0   0  -2  -1  -1   0   1   3  -1  -1  -1  -1  -2  -1  -1    2  53   1   1   0   1   2   2   1   1   2   1  25   1   1   2   1   0   1   2  0.28 0.02
  189 T     0  -1  -1  -1  -1  -1  -1   2  -2   0   1  -1   0  -1  -1   0   2  -2  -1   0    2   1   1   1   0   1   2  26   1   1  28   1   1   1   1   2  27   0   1   2  0.13 0.01
  190 S     0   0   3   1  -2   1   2  -1   0  -2  -2   0  -1  -2  -1   2   0  -2  -1  -2    2   1  27   1   0   1  26   2   1   1   2   1   1   1   1  27   1   0   1   2  0.27 0.01
  191 G     0  -2  -1  -1  -1  -1  -2   4  -2   0  -1  -1  -1  -2  -1  -1  -1  -2  -2   1    2   1   1   1   0   1   2  52   1   1   2   1   1   1   1   2   1   0   1  28  0.31 0.01
  192 F    -1  -1   0   3  -2   0   0  -1   4  -1  -1  -1  -1   3  -1  -1  -1  -1   1  -2    2   1   1  28   0   1   2   2  25   1   2   1   1  26   1   2   1   0   1   2  0.23 0.01
  193 V    -1  -2  -2  -2  -1  -2  -2  -2  -2   1   2  -2   1   3  -2  -1  -1  -1   1   2    2   1   1   1   0   1   2   2   1   1  28   1   1  25   1   2   1   0   1  27  0.15 0.01
  194 S     1   0   0   0  -1   0   0   0  -1  -1  -1   0  -1  -1   0   3   1  -1  -1  -1    4   2   2   3   1   2   3   4   1   2   4   3   1   2   3  55   3   1   2   3  0.18 0.01
  195 Q    -1   0   3   0  -1   3   1   0   0  -1  -1   0  -1  -1   0   0   0  -1  -1  -1    4   2  28   3   1  27   3   4   1   2   4   3   1   2   3   3   3   1   2   3  0.19 0.01
  196 N     2   0   3   0  -1   0   0   0   0  -1  -1   0  -1  -1   0   1   0  -1  -1  -1   30   2  28   3   1   2   3   4   1   2   4   3   1   2   3   3   3   1   2   3  0.13 0.00
  197 L    -1  -2  -2  -2  -1  -2  -2  -2  -2   2   3  -2   1   0  -2  -2  -1  -1  -1   1    2   1   1   1   0   1   2   2   1  28  51   1   1   1   1   2   1   0   1   2  0.20 0.01
  198 D    -1  -1   1   5  -2   0   1  -1  -1  -2  -2  -1  -2  -2  -1   0  -1  -3  -2  -2    2   1   1  77   0   1   2   2   1   1   2   1   1   1   1   2   1   0   1   2  0.63 0.02
  199 L    -1  -1  -1  -1  -1  -1  -1  -1  -1   1   3  -1   1   0  -1  -1   0  -1  -1   0    4   3   2   3   1   2   3   4   1   3  54   3   1   2   3   4   3   1   2   3  0.09 0.00
  200 Y    -1  -2  -2  -2  -1  -1  -2  -2   0   1   0  -2   0   4  -2  -1  -1   1   4   1    2   1   1   1   0   1   2   2   1   1   2   1   1  27   1   2   1   0  26  25  0.23 0.01
  201 A     3  -1  -1  -1  -1  -1  -1   3  -1  -2  -2  -1  -1  -2  -1   1   0  -2  -2  -1   51   1   1   1   0   1   2  28   1   1   2   1   1   1   1   2   1   0   1   2  0.28 0.01
  202 S     2  -1   0  -1  -1   0   0   0  -1  -2  -2   0  -1  -2  -1   3   1  -2  -1  -1   26   1   1   1   0   1   2   2   1   1   2   1   1   1   1  53   1   0   1   2  0.25 0.01
  203 A     1  -1  -1  -2  -2  -1  -1   2  -2   1  -1   1  -1  -2  -2   0  -1  -3  -2   0   25   0   0   0   0   0   0  24   0  26   0  24   0   0   0   0   0   0   0   0  0.15 0.01
  204 A     4  -2  -2  -2  -1  -1  -1  -1  -2   0   1  -1   0  -1  -1   0   0  -2  -2   0   74   0   0   0   0   0   0   0   0   0  26   0   0   0   0   0   0   0   0   0  0.27 0.02
  205 N    -1   0   4   0  -2   0   0  -1   0  -2  -3   2  -2  -3  -2   1   2  -3  -2  -2    0   0  52   0   0   0   0   0   0   0   0  24   0   0   0   0  24   0   0   0  0.41 0.02
  206 S     4  -1  -1  -1  -1  -1  -1   0  -2  -2  -2  -1  -1  -2  -1   2   0  -3  -2  -1   75   0   0   0   0   0   0   0   0   0   0   0   0   0   0  25   0   0   0   0  0.39 0.02
  207 P    -1   2  -2  -2  -3  -1  -1  -2  -2  -3  -3   0  -2  -4   7  -1  -1  -4  -3  -3    0  26   0   0   0   0   0   0   0   0   0   0   0   0  74   0   0   0   0   0  1.43 0.03
  208 G     1   2  -1  -2  -2  -1  -1   2  -1  -2  -1   0  -1   3  -2   0  -1  -1   0  -2   24  26   0   0   0   0   0  25   0   0   0   0   0  24   0   0   0   0   0   0  0.22 0.01
  209 M    -1   0  -1  -1  -1   0  -1  -2  -1   0   1   2   4  -1  -1  -1  -1  -1  -1   0    2   1   1   1   1   1   2   2   1   1   2  26  50   1   1   2   2   0   1   2  0.14 0.02
  210 G     0  -1   3   0  -2  -1  -1   4  -1  -2  -2  -1  -2  -2  -1   0  -1  -2  -2  -2    2   1  26   1   1   1   2  51   1   1   2   2   1   1   1   2   2   0   1   2  0.43 0.01
  211 G     0  -2  -1  -1  -2  -1  -2   4  -2  -1   1  -1   0  -1  -1  -1  -1  -2  -2  -1    2   1   1   1   1   1   2  51   1   1  27   2   1   1   1   2   2   0   1   2  0.30 0.01
  212 I    -1  -2  -2  -2  -1  -2  -2  -2  -2   4   1  -2   1   0  -2  -2  -1  -2  -1   2    2   1   1   1   0   1   2   2   1  77   2   1   1   1   1   2   1   0   1   2  0.23 0.02
  213 P    -1   2  -1  -1  -2   0  -1  -2  -1  -2  -2   0  -2  -2   6  -1  -1  -2  -2  -2    2  26   1   1   0   1   2   2   1   1   2   1   1   1  53   2   1   0   1   2  0.87 0.02
  214 F    -1  -1  -1  -2  -2  -1  -1  -2   4  -1   0  -2   0   5  -2  -1  -1   0   2  -1    2   1   1   1   0   1   2   2  25   1   2   1   1  53   1   2   1   0   1   2  0.33 0.02
  215 P     0  -1  -1  -1  -2  -1  -1  -1  -1  -2  -2  -1  -2  -2   6   2   0  -2  -2  -2    2   1   1   1   0   1   2   2   1   1   2   1   1   1  51  28   1   0   1   2  0.82 0.02
  216 A     2  -2  -2  -2  -2  -2  -2   2  -2   0  -1  -1  -1  -2   4   0  -1  -3  -2   1   25   0   0   0   0   0   0  24   0   0   0   0   0   0  26   0   0   0   0  24  0.41 0.01
  217 S     0  -1   3   0  -2  -1  -1   3  -1  -2  -3  -1  -2  -3  -2   2   2  -3  -2  -2    0   0  24   0   0   0   0  26   0   0   0   0   0   0   0  25  24   0   0   0  0.36 0.01
  218 N    -1  -1   4   0  -2   0  -1  -1   0  -3  -3   0  -2  -3   4   2   0  -4  -2  -3    0   0  50   0   0   0   0   0   0   0   0   0   0   0  24  26   0   0   0   0  0.59 0.02
  219 S     2  -1   3   0  -1   0   0   0  -1  -2  -3   0  -2  -3  -1   3   1  -3  -2  -2   26   0  24   0   0   0   0   0   0   0   0   0   0   0   0  49   0   0   0   0  0.35 0.02
  220 S     0  -1   1   4  -2   0   1  -1  -1  -2  -3  -1  -2  -3  -1   2   2  -4  -2  -2    0   0   0  50   0   0   0   0   0   0   0   0   0   0   0  25  24   0   0   0  0.47 0.02
  221 A     2  -1   3  -1  -2  -1  -1   3  -1  -2  -2  -1  -2  -3  -2   1   2  -3  -2  -1   25   0  24   0   0   0   0  26   0   0   0   0   0   0   0   0  24   0   0   0  0.31 0.01
  222 L    -2  -2  -3  -4  -2  -2  -3  -4  -1   1   3  -2   1   1  -3  -2  -1   0   4   0    0   0   0   0   0   0   0   0   0   0  74   0   0   0   0   0   0   0  26   0  0.40 0.02
  223 M     0   0  -1  -2  -2   0  -1  -2  -2   1   0   2   3  -1  -2   1   0  -3  -2   0    0   0   0   0   0   0   0   0   0  24   0  24  25   0   0  26   0   0   0   0  0.11 0.02
  224 R    -1   2  -1  -2  -3   0  -1   2   5  -3  -2   0  -2   0  -2  -1  -2  -1   4  -3    0  25   0   0   0   0   0  24  26   0   0   0   0   0   0   0   0   0  24   0  0.37 0.02
  225 V    -1  -2  -3  -3  -1  -1  -3  -3  -2   3   2  -2   4   0  -3  -2  -1  -2  -1   2    0   0   0   0   0   0   0   0   0  26   0   0  48   0   0   0   0   0   0  25  0.32 0.03
  226 K    -1   0   0   1  -3   1   4  -2  -1  -2  -2   2  -2  -3  -1   0   2  -3  -2  -2    0   0   0   0   0   0  51   0   0   0   0  25   0   0   0   0  24   0   0   0  0.42 0.02
  227 V     0  -3  -1  -2  -2  -2  -2   5  -2  -1  -2  -2  -2  -3  -2  -1  -1  -3  -3   1    0   0   0   0   0   0   0  75   0   0   0   0   0   0   0   0   0   0   0  25  0.64 0.02
  228 D    -1  -1   0   3  -4   1   4  -2   4  -3  -3   0  -2  -3  -2   0  -1  -3  -1  -3    0   0   0  25   0   0  48   0  26   0   0   0   0   0   0   0   0   0   0   0  0.57 0.02
  229 N    -1  -1   3   4  -3   0   1  -1  -1  -3  -3  -1  -2  -3  -2   0   2  -4  -3  -2    0   0  25  51   0   0   0   0   0   0   0   0   0   0   0   0  24   0   0   0  0.54 0.02
  230 T    -1  -1   3  -1  -1  -1  -1  -2  -1   0   1  -1   0  -2  -2   1   3  -3  -2   0    0   0  24   0   0   0   0   0   0   0  24   0   0   0   0   0  52   0   0   0  0.25 0.02
  231 S     2  -1   0  -1  -1   0   0   0  -1  -2  -2   0  -2  -3  -1   4   1  -3  -2  -1   24   0   0   0   0   0   0   0   0   0   0   0   0   0   0  76   0   0   0   0  0.42 0.03
  232 P    -1  -2  -3  -3  -2  -1  -2  -3  -2   0   2  -2   3   0   4  -2  -1   7   0  -1    0   0   0   0   0   0   0   0   0   0  24   0  26   0  25   0   0  24   0   0  0.65 0.02
  233 G     0  -3  -1  -1  -3  -2  -2   6  -2  -4  -4  -2  -3  -3  -2   0  -2  -3  -3  -3    0   0   0   0   0   0   0 100   0   0   0   0   0   0   0   0   0   0   0   0  1.11 0.03
  234 F    -3  -3  -4  -4  -3  -3  -3  -3  -2  -1  -1  -3  -1   5  -4  -3  -3   9   3  -2    0   0   0   0   0   0   0   0   0   0   0   0   0  52   0   0   0  48   0   0  1.30 0.04
  235 F    -1  -1   3  -1  -2   2   0  -2   0  -2  -1   0  -1   3  -2   0   2  -1   0  -1    0   0  24   0   0  24   0   0   0   0   0   0   0  25   0   0  26   0   0   0  0.22 0.02
  236 A     1  -2  -3  -3  -1  -2  -2  -2  -3   2   2  -2   1  -1  -2  -1  -1  -2  -1   2   25   0   0   0   0   0   0   0   0  24  26   0   0   0   0   0   0   0   0  24  0.21 0.01
  237 G     0  -3  -1  -1  -3  -2  -2   6  -2  -4  -4  -2  -3  -3  -2   0  -2  -3  -3  -3    0   0   0   0   0   0   0 100   0   0   0   0   0   0   0   0   0   0   0   0  1.11 0.03
  238 A     3  -2  -1  -1  -1  -1  -1   3  -2  -2  -2  -1  -2  -3  -1   2   0  -3  -2  -1   49   0   0   0   0   0   0  26   0   0   0   0   0   0   0  24   0   0   0   0  0.38 0.02
  239 V     1  -2  -3  -3  -1  -2  -2  -2  -3   1   3  -2   1   0  -2  -1  -1  -2  -1   2   24   0   0   0   0   0   0   0   0   0  50   0   0   0   0   0   0   0   0  25  0.23 0.01
  240 W    -2  -3  -3  -4  -3  -2  -3  -3  -1  -2  -1  -3  -1   4  -4  -3  -2   9   4  -2    0   0   0   0   0   0   0   0   0   0   0   0   0  26   0   0   0  50  24   0  1.31 0.04
  241 K     0   1   0   0  -3   3   3  -1   0  -3  -3   2  -1  -3  -1   2   0  -3  -2  -2    0   0   0   0   0  24  24   0   0   0   0  25   0   0   0  26   0   0   0   0  0.39 0.02
  242 P    -1  -2  -3  -2  -2  -2  -2  -3  -3   2   1  -2   0  -1   6  -2  -1  -3  -2   0    0   0   0   0   0   0   0   0   0  24  24   0   0   0  52   0   0   0   0   0  0.82 0.02
  243 T    -1  -1   3   4  -3   0   1  -1  -1  -3  -3  -1  -2  -3  -2   0   2  -4  -3  -2    0   0  24  50   0   0   0   0   0   0   0   0   0   0   0   0  25   0   0   0  0.53 0.02
  244 D    -1   0   0   3  -4   3   4  -2   0  -3  -3   1  -2  -3  -1   0  -1  -3  -2  -3    0   0   0  25   0  24  50   0   0   0   0   0   0   0   0   0   0   0   0   0  0.61 0.02
  245 R    -1   3   0   3  -3   3   1  -2   0  -3  -3   3  -2  -3  -2   0  -1  -3  -2  -3    0  25   0  24   0  24   0   0   0   0   0  26   0   0   0   0   0   0   0   0  0.44 0.02
  246 D    -1  -1   3   3  -2   0   0  -1   4  -2  -3  -1  -2  -3  -2   0   2  -3  -1  -2    0   0  24  25   0   0   0   0  24   0   0   0   0   0   0   0  26   0   0   0  0.39 0.02
  247 T    -1   4   0  -1  -3   0   0  -2   4  -2  -2   1  -1  -2  -2   0   2  -3   0  -2    0  48   0   0   0   0   0   0  26   0   0   0   0   0   0   0  25   0   0   0  0.42 0.02
  248 L    -1  -3  -3  -3  -1  -3  -3  -4  -3   3   2  -3   1   0  -3  -2  -1  -3  -1   3    0   0   0   0   0   0   0   0   0  50  25   0   0   0   0   0   0   0   0  24  0.36 0.02
  249 G     0  -3  -1  -1  -3  -2  -2   6  -2  -4  -4  -2  -3  -3  -2   0  -2  -3  -3  -3    0   0   0   0   0   0   0 100   0   0   0   0   0   0   0   0   0   0   0   0  1.11 0.03
  250 F    -2  -3  -3  -4  -3  -3  -3  -3  -1   0   0  -3   0   7  -4  -3  -2   1   3  -1    0   0   0   0   0   0   0   0   0   0   0   0   0 100   0   0   0   0   0   0  0.86 0.04
  251 A     3  -2  -1  -1  -1  -1  -1   3  -2  -2  -2  -1  -2  -3  -1   2   0  -3  -2  -1   50   0   0   0   0   0   0  24   0   0   0   0   0   0   0  26   0   0   0   0  0.37 0.02
  252 Y    -2  -2  -2  -3  -3  -2  -2  -3   2  -2  -1  -2  -1   3  -3  -2  -2   2   7  -1    0   0   0   0   0   0   0   0   0   0   0   0   0   0   0   0   0   0 100   0  1.01 0.05
  253 H    -1   4   0  -1  -3   1   0  -2   4  -3  -3   3  -2  -3  -2  -1  -1  -3  -1  -3    0  50   0   0   0   0   0   0  25   0   0  24   0   0   0   0   0   0   0   0  0.54 0.02
  254 A     2  -1   0  -1  -1   0   0   0  -1  -2  -2   0  -1  -3  -1   4   1  -3  -2  -1   25   0   0   0   0   0   0   0   0   0   0   0   0   0   0  75   0   0   0   0  0.42 0.03
  255 K    -1   3   0   0  -4   2   4  -2   0  -3  -3   3  -2  -3  -1   0  -1  -3  -2  -3    0  24   0   0   0   0  51   0   0   0   0  25   0   0   0   0   0   0   0   0  0.52 0.02
  256 I    -1  -3  -3  -3  -1  -3  -3  -4  -3   3   1  -3   1  -1  -3  -2   0  -3  -1   4    0   0   0   0   0   0   0   0   0  25   0   0   0   0   0   0   0   0   0  75  0.39 0.02
  257 R    -1   3  -1  -1  -3   1   2  -2  -1  -1  -1   2  -1  -2  -2  -1  -1  -3  -2   1    0  25   0   0   0   0  26   0   0   0   0  24   0   0   0   0   0   0   0  24  0.26 0.01
  258 N    -1  -1   4   0  -2   0  -1  -1   0  -1   0   0   3  -1  -1   0   0  -2  -1  -1    2   1  50   1   1   1   2   2   1   1   2   2  25   1   1   2   2   0   1   2  0.24 0.02
  259 K    -1   0   0   3  -2   0   0  -1  -1  -1  -1   2  -1   3  -1  -1  -1  -1   0  -1    2   1   1  26   1   1   2   2   1   1   2  27   1  25   1   2   2   0   1   2  0.16 0.01
  260 L    -1  -1  -1   2  -2  -1   0  -2  -1   0   1  -1   0   3  -1  -1  -1  -1   0  -1    2   1   1  25   1   1   2   2   1   1  28   2   1  25   1   2   2   0   1   2  0.13 0.01
  261 K    -1   0   0   3  -2   1   3  -1  -1  -2  -2   2  -1  -2  -1   0  -1  -2  -2  -2    2   1   1  25   1   1  26   2   1   1   2  27   1   1   1   2   2   0   1   2  0.30 0.01
  262 G     0  -2   0  -1  -2  -1  -1   5  -2  -2  -2  -1  -2  -2  -1   0  -1  -2  -2  -2    2   1   1   1   1   1   2  76   1   1   2   2   1   1   1   2   2   0   1   2  0.65 0.01
  263 H    -1   0   0   0  -2   1   2  -1   6  -2  -2   0  -1  -1  -1   0  -1  -2   1  -2    2   1   1   1   1   1  26   2  50   1   2   2   1   1   1   2   2   0   1   2  0.42 0.02
  264 Y    -1  -1  -1  -2  -2  -1  -1  -2   5  -1  -1  -1  -1   3  -2  -1  -1   1   4  -1    2   1   1   1   0   1   2   2  27   1   2   1   1  25   1   2   1   0  26   2  0.34 0.01
  265 N     0   0   4   1  -2   0   0   0   0  -2  -2   0  -1  -2  -1   2   0  -2  -1  -2    2   1  53   1   0   1   2   2   1   1   2   1   1   1   1  26   1   0   1   2  0.35 0.01
  266 L     2  -1  -1  -1  -1  -1  -1  -1  -1   0   1  -1   0  -1  -1   2   0  -2  -1   0   28   1   1   1   0   1   2   2   1   1  28   1   1   1   1  26   1   0   1   2  0.11 0.01
  267 Y    -1  -1   3  -1  -2  -1  -1  -1   1  -1  -1  -1  -1   1  -2  -1  -1   1   5  -1    2   1  27   1   0   1   2   2   1   1   2   1   1   1   1   2   1   0  50   2  0.35 0.02
  268 D    -1   0   3   3  -1   0   0   0   0  -1  -2   0  -1  -2   0   0   0  -1  -1  -1    4   2  28  28   1   2   3   4   1   2   4   3   1   2   3   3   3   1   2   3  0.23 0.00
  269 H     0  -1   0  -1  -1   0   0   3   4  -2  -1  -1  -1  -1  -1   0  -1  -1   0  -1    4   2   2   3   1   2   3  30  26   2   4   3   1   2   3   3   3   1   2   3  0.21 0.00
  270 D    -1  -1   3   4  -2   0   1  -1   0  -2  -2   0  -2  -2  -1   0  -1  -3  -2  -2    2   1  27  51   0   1   2   2   1   1   2   1   1   1   1   2   1   0   1   2  0.47 0.01
  271 G     2  -1   0  -1  -1  -1  -1   3  -1  -2  -2  -1  -1  -2  -1   2   0  -2  -2  -1   28   1   1   1   0   1   2  27   1   1   2   1   1   1   1  26   1   0   1   2  0.25 0.01
  272 G     0  -1   0  -1  -2  -1  -1   4   4  -2  -2  -1  -2  -2  -1   0  -1  -2   0  -2    2   1   1   1   0   1   2  51  27   1   2   1   1   1   1   2   1   0   1   2  0.44 0.01
  273 L    -1  -2  -2  -2  -1  -2  -2  -2  -2   2   2  -2   1   3  -2  -2  -1  -1   1   1    2   1   1   1   0   1   2   2   1  25  28   1   1  27   1   2   1   0   1   2  0.17 0.01
  274 T     2  -1   0  -1  -1  -1  -1  -1  -1  -1  -1  -1  -1  -2  -1   1   3  -2  -1   0   26   1   1   1   0   1   2   2   1   1   2   1   1   1   1   2  53   0   1   2  0.24 0.01
  275 E     0  -1  -1   0  -1   0   2  -2  -1   0  -1   0   0  -1  -1   0   2  -2  -1   1    2   1   1   1   0   1  27   2   1   1   2   1   1   1   1   2  25   0   1  28  0.13 0.01
  276 G     0  -1   0  -1  -2  -1  -1   3  -1  -2  -2  -1  -2  -2   4   1   0  -2  -2  -2    2   1   1   1   0   1   2  27   1   1   2   1   1   1  28  26   1   0   1   2  0.46 0.01
  277 A     3  -1  -1   0  -1   0   2   0  -1  -1  -1   0  -1  -2  -1   1   0  -2  -1  -1   51   1   1   1   0   1  28   2   1   1   2   1   1   1   1   2   1   0   1   2  0.22 0.01
  278 I     1  -2   2  -1  -1  -1  -2  -1  -1   2   0  -1   0  -1  -2   0   0  -3  -2   2   24   0  26   0   0   0   0   0   0  25   0   0   0   0   0   0   0   0   0  24  0.14 0.01
  279 E     2   0  -1   1  -2   1   4  -1  -1  -2  -2   0  -1  -2  -1   0   0  -2  -1  -1   28   1   1   1   0   1  51   2   1   1   2   1   1   1   1   2   1   0   1   2  0.30 0.01
  280 G     2  -1  -1  -1  -1  -1  -1   4  -1  -2  -2  -1  -1  -2  -1   0  -1  -2  -2  -1   28   1   1   1   0   1   2  52   1   1   2   1   1   1   1   2   1   0   1   2  0.42 0.01
  281 G     2  -1  -1  -1  -1  -1  -1   3  -2   0  -1  -1  -1  -2  -1   0   0  -2  -1   1   28   1   1   1   0   1   2  27   1   1   2   1   1   1   1   2   1   0   1  26  0.16 0.01
  282 T     0  -2  -1  -2  -1  -1  -1  -2  -2   1   0  -1   0  -2  -2   2   2  -3  -2   3    0   0   0   0   0   0   0   0   0   0   0   0   0   0   0  24  25   0   0  50  0.21 0.02
  283 P    -1  -2  -3  -2  -2  -2  -2  -3  -1  -1   1  -2   0   0   6  -2  -1  -1   3  -1    0   0   0   0   0   0   0   0   0   0  26   0   0   0  49   0   0   0  24   0  0.80 0.02
  284 G     2  -2  -1  -2  -2  -2  -2   5  -2  -3  -3  -1  -2  -3  -2   0  -1  -3  -3  -2   26   0   0   0   0   0   0  74   0   0   0   0   0   0   0   0   0   0   0   0  0.76 0.02
  285 L     0  -1  -1  -1  -1  -1  -1  -1  -2   1   2  -1   1  -1  -1   1   0  -2  -1   2    2   1   1   1   0   1   2   2   1   1  28   1   1   1   1  26   1   0   1  28  0.08 0.01
  286 A     3  -1  -1  -2  -1  -1  -1   0   0  -1  -1  -1  -1   0  -1   0   0   0   3   0   54   1   1   1   0   1   2   2   1   1   2   1   1   1   1   2   1   0  25   2  0.21 0.01
  287 Y     1   0  -1  -1  -1   0   0  -1   0  -1  -1   2  -1   0  -1   0  -1   0   3  -1   28   1   1   1   0   1   2   2   1   1   2  26   1   1   1   2   1   0  26   2  0.15 0.01
  288 P    -1  -2  -1  -1  -2  -1  -1  -2  -2  -2  -2  -1  -2  -3   7  -1  -1  -2  -2  -2    2   1   1   1   0   1   2   2   1   1   2   1   1   1  77   2   1   0   1   2  1.41 0.02
  289 G     0  -2   0  -1  -2  -1  -1   5  -2  -3  -3  -1  -2  -2  -1   0  -1  -2  -2  -2    2   1   1   1   0   1   2  78   1   1   2   1   1   1   1   2   1   0   1   2  0.69 0.02
  290 L    -1  -1  -1  -2  -1  -1  -1  -2  -1   1   2  -1   3   0  -1   0   2  -1  -1   0    2   1   1   1   0   1   2   2   1   1  28   1  25   1   1   2  28   0   1   2  0.13 0.01
  291 D    -1  -1   0   3  -1  -1   0  -1  -1  -1  -1  -1  -1   3  -1   0  -1   0   1  -1    4   2   2  28   1   2   3   4   1   2   4   3   1  28   3   3   3   1   2   3  0.13 0.00
  292 L    -1  -1  -1  -1  -1  -1  -1  -1  -1   2   2  -1   1   0  -1  -1   0  -1  -1   1    4   2   2   3   1   2   3   4   1  29  30   3   1   2   3   3   3   1   2   3  0.07 0.00
  293 R    -1   3   3   0  -1   0   0  -1   0  -1  -1   1  -1  -1  -1   0   0  -1  -1  -1    4  28  28   3   1   2   3   4   1   2   4   3   1   2   3   3   3   1   2   3  0.18 0.00
  294 M     0  -1   0  -1  -1   0  -1  -1  -1   0   0   0   3  -1   0   0   2  -1  -1   0    4   2   2   3   1   2   3   4   1   2   4   3  26   2   3   3  29   1   2   3  0.08 0.01
  295 G     0   0   0   0  -1   0   0   3  -1  -1  -1   2  -1  -1   0   0   0  -1  -1  -1    4   2   2   3   1   2   3  29   1   2   4  29   1   2   3   3   3   1   2   3  0.16 0.00
  296 A     2  -1  -1  -1  -1  -1  -1  -1  -1   2   0  -1   0  -1   0   0   0  -1  -1   1   29   2   2   3   1   2   3   4   1  29   4   3   1   2   3   3   3   1   2   3  0.04 0.00
  297 S     0   1   0   0  -1   0   0   0   0  -1  -1   2  -1  -1   0   2   0  -1  -1  -1    4   2   2   3   1   2   3   4   1   2   4  29   1   2   3  29   3   1   2   3  0.13 0.00
  298 A     2  -1   0   0  -1   0   0   0  -1  -1  -1   0  -1  -1   0   2   0  -1  -1  -1   29   2   2   3   1   2   3   4   1   2   4   3   1   2   3  30   3   1   2   3  0.13 0.00
  299 S     0   0   0   0  -1   2   0  -1  -1  -1  -1   0  -1  -2  -1   2   2  -2  -1  -1    2   1   1   1   0  25   2   2   1   1   2   1   1   1   1  27  28   0   1   2  0.23 0.01
  300 A     1  -2  -3  -3  -1  -2  -2  -2  -2   2   2  -2   3   0  -2  -1  -1  -2  -1   1   25   0   0   0   0   0   0   0   0  26  24   0  24   0   0   0   0   0   0   0  0.20 0.01
  301 R    -1   4   0  -1  -3   1   0  -2  -1  -3  -2   3  -2  -3  -2   1   0  -3  -2  -2    0  52   0   0   0   0   0   0   0   0   0  24   0   0   0  24   0   0   0   0  0.47 0.02
  302 L    -1  -3  -3  -4  -1  -2  -3  -4  -3   3   3  -3   2   0  -3  -2  -1  -2  -1   2    0   0   0   0   0   0   0   0   0  24  52   0   0   0   0   0   0   0   0  24  0.36 0.01
  303 D    -1  -1   0   3  -2   0   2  -1  -1  -2  -2   0  -1  -2  -1   0   2  -2  -2  -1    2   1   1  27   1   1  26   2   1   1   2   2   1   1   1   2  26   0   1   2  0.27 0.01
  304 I    -1  -2  -2  -2  -1  -2  -2  -2  -2   2   3  -2   1   0  -2  -2  -1  -1  -1   1    2   1   1   1   1   1   2   2   1  27  51   2   1   1   1   2   2   0   1   2  0.19 0.01
  305 P    -1  -2  -2  -2  -3  -2  -1  -2  -2  -3  -3  -1  -3  -4   8  -1  -1  -4  -3  -3    0   0   0   0   0   0   0   0   0   0   0   0   0   0 100   0   0   0   0   0  2.12 0.04
  306 A     4  -2  -2  -2  -1  -1  -1   0  -2  -2  -2  -1  -1  -2  -1   1   0  -3  -2   0  100   0   0   0   0   0   0   0   0   0   0   0   0   0   0   0   0   0   0   0  0.47 0.03
  307 Y     0  -2  -1  -2  -1  -1  -1  -2  -1   1  -1  -1   0   0  -2   2   2  -1   3   0    0   0   0   0   0   0   0   0   0  24   0   0   0   0   0  26  24   0  25   0  0.19 0.02
  308 A     4  -2  -2  -2  -1  -1  -1   0  -2  -2  -2  -1  -1  -1  -1   0  -1   7   0  -1   76   0   0   0   0   0   0   0   0   0   0   0   0   0   0   0   0  24   0   0  0.58 0.03
  309 S     0  -1   0   1  -2   1   3  -2  -1  -2  -2   0  -2  -3  -1   2   2  -3  -2  -2    0   0   0   0   0   0  48   0   0   0   0   0   0   0   0  25  26   0   0   0  0.40 0.02
  310 L    -1  -2  -2  -3  -1  -2  -2  -3  -3   1   3  -2   1   0  -2  -1   2  -2  -1   1    0   0   0   0   0   0   0   0   0   0  74   0   0   0   0   0  26   0   0   0  0.32 0.02
  311 D     2  -1   0   3  -1   0   0   0  -1  -2  -3  -1  -2  -3  -1   3   1  -3  -2  -2   24   0   0  25   0   0   0   0   0   0   0   0   0   0   0  50   0   0   0   0  0.36 0.02
  312 W    -1  -2  -1  -2  -2  -2  -2   2  -2  -2  -2  -2  -1   3  -3   1  -1   7   1  -2    0   0   0   0   0   0   0  24   0   0   0   0   0  26   0  24   0  25   0   0  0.53 0.02
  313 V    -1  -2  -2  -3  -2  -2  -2  -3  -2   1   0  -2   0   5  -3  -1   2   0   1   1    0   0   0   0   0   0   0   0   0   0   0   0   0  48   0   0  26   0   0  25  0.30 0.02
  314 H    -2   0   0  -1  -3   0   0  -2   8  -4  -3  -1  -2  -1  -2  -1  -2  -3   2  -3    0   0   0   0   0   0   0   0 100   0   0   0   0   0   0   0   0   0   0   0  1.05 0.05
  315 Q     2   0   0  -1  -2   5   1  -1   0  -3  -2   1  -1  -3  -1   0  -1  -2  -2  -2   26   0   0   0   0  74   0   0   0   0   0   0   0   0   0   0   0   0   0   0  0.50 0.03
  316 F    -2  -3  -3  -4  -2  -3  -3  -4  -3   2   3  -3   1   3  -3  -3  -1  -1   0   1    0   0   0   0   0   0   0   0   0  26  48   0   0  25   0   0   0   0   0   0  0.36 0.01
  317 N    -2  -1   5   3  -3   0   0  -1   0  -3  -4   0  -3  -3  -2   0   0  -4  -3  -3    0   0  74  26   0   0   0   0   0   0   0   0   0   0   0   0   0   0   0   0  0.71 0.03
  318 D    -2  -1   1   6  -4   0   3  -2  -1  -3  -4   0  -3  -4  -2   0  -1  -4  -3  -3    0   0   0  76   0   0  24   0   0   0   0   0   0   0   0   0   0   0   0   0  0.83 0.03
  319 R    -1   4   0  -1  -3   4   1  -2   0  -3  -2   2  -1  -3  -2  -1  -1  -3  -2  -3    0  52   0   0   0  48   0   0   0   0   0   0   0   0   0   0   0   0   0   0  0.62 0.03
  320 L    -3  -3  -4  -4  -2  -2  -3  -3  -3  -1   1  -3   0   1  -4  -3  -2  10   1  -2    0   0   0   0   0   0   0   0   0   0  25   0   0   0   0   0   0  75   0   0  1.70 0.05
  321 S     3  -1   0  -1  -1  -1  -1   0  -1  -2  -2  -1  -1  -2  -1   3   1  -3  -2  -1   48   0   0   0   0   0   0   0   0   0   0   0   0   0   0  52   0   0   0   0  0.38 0.02
  322 L    -1  -3  -3  -3  -1  -3  -3  -4  -3   3   2  -3   1   0  -3  -2  -1  -3  -1   3    0   0   0   0   0   0   0   0   0  51  25   0   0   0   0   0   0   0   0  24  0.36 0.02
  323 G    -1  -1   0  -2  -3   0  -1   2   6  -2  -1  -1   3  -1  -2  -1  -2  -2   0  -2    0   0   0   0   0   0   0  25  48   0   0   0  26   0   0   0   0   0   0   0  0.40 0.03
  324 A     4  -2  -2  -2  -1  -1  -1   0  -1  -1  -2  -1  -1   0  -1   1   0  -1   3  -1   76   0   0   0   0   0   0   0   0   0   0   0   0   0   0   0   0   0  24   0  0.34 0.03
  325 S     1  -1   0   0  -2   0   2  -1  -1  -3  -3   0  -2  -3  -1   4   1  -3  -2  -2    0   0   0   0   0   0  26   0   0   0   0   0   0   0   0  74   0   0   0   0  0.43 0.03
  326 A     1  -2  -3  -3  -1  -2  -2  -2  -1   2   0  -2   0   1  -2  -1  -1  -1   3   2   25   0   0   0   0   0   0   0   0  24   0   0   0   0   0   0   0   0  24  26  0.19 0.01
  327 T    -1   0   3   0  -2   2   0  -1  -1  -2  -2   0  -1  -3  -1   1   3  -3  -2  -1    0   0  24   0   0  24   0   0   0   0   0   0   0   0   0   0  52   0   0   0  0.36 0.02
  328 W    -2   3  -2  -2  -3   2   0  -3  -1  -3  -2   0  -1  -1  -3  -2  -2   9   1  -3    0  26   0   0   0  24   0   0   0   0   0   0   0   0   0   0   0  50   0   0  1.08 0.04
  329 T     0  -1   0  -1  -1  -1  -1  -2  -2  -1  -1  -1  -1  -2  -1   1   5  -3  -2   0    0   0   0   0   0   0   0   0   0   0   0   0   0   0   0   0 100   0   0   0  0.56 0.04
  330 E     1  -1   0   4  -3   0   3  -1  -1  -3  -3   0  -2  -3  -1   0  -1  -4  -3  -2   26   0   0  48   0   0  25   0   0   0   0   0   0   0   0   0   0   0   0   0  0.49 0.02
  331 W    -3  -3  -4  -5  -3  -2  -3  -3  -3  -3  -2  -3  -2   1  -4  -3  -3  11   2  -3    0   0   0   0   0   0   0   0   0   0   0   0   0   0   0   0   0 100   0   0  2.54 0.06
  332 S     1  -1   0   0  -1   0   0   0  -1  -3  -3   0  -2  -3  -1   4   1  -3  -2  -2    0   0   0   0   0   0   0   0   0   0   0   0   0   0   0 100   0   0   0   0  0.52 0.04
  333 S     1   0   0   0  -1   0   0  -1  -1  -3  -3   2  -2  -3  -1   4   1  -3  -2  -2    0   0   0   0   0   0   0   0   0   0   0  26   0   0   0  74   0   0   0   0  0.39 0.03
  334 F    -2  -3  -3  -4  -2  -3  -3  -3  -2   0   2  -3   1   6  -4  -3  -2   0   2   0    0   0   0   0   0   0   0   0   0   0  26   0   0  74   0   0   0   0   0   0  0.60 0.03
  335 Q    -1   1   0   3  -3   3   3  -2   0  -3  -3   2  -2  -3  -1   0  -1  -3  -2  -3    0   0   0  26   0  25  24   0   0   0   0  24   0   0   0   0   0   0   0   0  0.48 0.02
  336 D    -1   0   0   3  -4   1   4  -2  -1  -3  -3   2  -2  -3  -1   0  -1  -3  -2  -3    0   0   0  25   0   0  48   0   0   0   0  26   0   0   0   0   0   0   0   0  0.55 0.02
  337 L    -2  -3  -4  -4  -1  -2  -3  -4  -3   3   4  -3   2   0  -3  -3  -1  -2  -1   1    0   0   0   0   0   0   0   0   0  26  74   0   0   0   0   0   0   0   0   0  0.43 0.02
  338 T     0  -1   0  -1  -1  -1  -1  -2  -2  -1  -1  -1  -1  -2  -1   1   5  -3  -2   0    0   0   0   0   0   0   0   0   0   0   0   0   0   0   0   0 100   0   0   0  0.56 0.04
  339 L     2  -2  -2  -3  -1  -2  -2  -1  -2   2   2  -2   1  -1  -2   0  -1  -2  -2   1   48   0   0   0   0   0   0   0   0  26  25   0   0   0   0   0   0   0   0   0  0.19 0.01
  340 K    -1   0   0  -1  -2   0  -1  -2   4   0  -1   2  -1  -2  -2   0   2  -3   0   1    0   0   0   0   0   0   0   0  26   0   0  25   0   0   0   0  24   0   0  24  0.19 0.02
  341 S     0  -1   0  -1  -1  -1  -1  -1  -1  -2  -2  -1  -1   3  -1   4   1  -2   0  -2    0   0   0   0   0   0   0   0   0   0   0   0   0  24   0  76   0   0   0   0  0.32 0.03
  342 H    -1   1   0  -1  -3   3   1  -2   4  -3  -3   2  -1  -3   4  -1  -1  -3  -1  -3    0   0   0   0   0  26   0   0  25   0   0  24   0   0  24   0   0   0   0   0  0.55 0.02
  343 G    -1  -1   3   0  -3   0   2   2  -1  -3  -3   0  -2  -3   4   0  -1  -3  -3  -3    0   0  24   0   0   0  24  25   0   0   0   0   0   0  26   0   0   0   0   0  0.55 0.02
  344 N    -1   0   4   0  -3   0   0   2   0  -3  -3   2  -2  -3  -2   0  -1  -3  -2  -3    0   0  52   0   0   0   0  24   0   0   0  24   0   0   0   0   0   0   0   0  0.46 0.02
  345 T     0  -1   3   0  -1   0  -1  -1  -1  -2  -2  -1  -1  -3  -1   2   3  -3  -2  -1    0   0  26   0   0   0   0   0   0   0   0   0   0   0   0  24  49   0   0   0  0.38 0.02
  346 I    -1  -3  -1   2   5  -2  -1  -3  -3   2   0  -2   0  -2  -2  -1  -1  -3  -2   2    0   0   0  24  24   0   0   0   0  25   0   0   0   0   0   0   0   0   0  26  0.26 0.02
  347 V    -1  -3  -3  -4  -1  -3  -3  -4  -3   2   3  -3   1   3  -3  -2  -1  -1   0   2    0   0   0   0   0   0   0   0   0   0  51   0   0  24   0   0   0   0   0  25  0.33 0.01
  348 S    -1  -1   3   0  -2   2   0  -1   0   1  -1   0  -1  -2  -2   2   0  -3  -2   0    0   0  26   0   0  24   0   0   0  24   0   0   0   0   0  25   0   0   0   0  0.19 0.02
  349 I    -1   1  -1  -1  -2   0   0  -1  -1   1   0   3   0  -1  -1  -1  -1  -2  -1   0    2   1   1   1   1   1   2   2   1  27   2  50   1   1   1   2   2   0   1   2  0.13 0.01
  350 P     0  -1  -1  -1  -1  -1  -1  -1  -1   1  -1  -1   0  -1   4   1   0  -2  -1   0    2   1   1   1   1   1   2   2   1  25   2   2   1   1  27  26   2   0   1   2  0.30 0.01
  351 Y    -2  -1  -1   0  -3   0   3  -3   0  -2  -1  -1  -1   3  -2  -1  -1   0   4  -2    0   0   0   0   0   0  48   0   0   0   0   0   0  26   0   0   0   0  25   0  0.41 0.02
  352 T     0   0   3   0  -2   2   0  -1   0  -2  -2   0  -1  -3  -1   2   2  -3  -2  -2    0   0  24   0   0  24   0   0   0   0   0   0   0   0   0  26  25   0   0   0  0.34 0.02
  353 Y    -2  -2  -3  -4  -3  -2  -2  -3   1  -2  -1  -2  -1   3  -3  -2  -2   7   7  -2    0   0   0   0   0   0   0   0   0   0   0   0   0   0   0   0   0  24  76   0  1.09 0.04
  354 R    -1   3   0   0  -3   4   3  -2   0  -3  -2   1  -1  -3  -2   0  -1  -3  -2  -3    0  25   0   0   0  50  24   0   0   0   0   0   0   0   0   0   0   0   0   0  0.56 0.02
  355 N    -2  -1   3   5  -3   0   1  -1  -1  -3  -4  -1  -3  -4  -2   0  -1  -4  -3  -3    0   0  25  75   0   0   0   0   0   0   0   0   0   0   0   0   0   0   0   0  0.81 0.03
  356 T    -1  -1   4   0  -2   0  -1  -1  -1  -2  -2  -1  -1  -3  -2   1   3  -3  -2  -1    0   0  48   0   0   0   0   0   0   0   0   0   0   0   0   0  52   0   0   0  0.46 0.03
  357 W    -1  -2  -1  -2  -2  -2  -2   2  -1  -2  -2  -2  -1   1  -2   0   2   7   4  -2    0   0   0   0   0   0   0  24   0   0   0   0   0   0   0   0  26  25  24   0  0.57 0.02
  358 T    -1   4  -1  -2  -2   0  -1  -2  -1  -2  -1   1  -1   3  -2   0   2  -1   0  -1    0  48   0   0   0   0   0   0   0   0   0   0   0  26   0   0  25   0   0   0  0.31 0.02
  359 L    -2  -3  -3  -4  -2  -2  -3  -3  -2   1   2  -3   1   3  -3  -2  -1   7   1   1    0   0   0   0   0   0   0   0   0   0  25   0   0  24   0   0   0  24   0  26  0.53 0.02
  360 A     4  -1  -1  -1  -1  -1  -1   0  -2  -2  -2  -1  -1  -2  -1   2   0  -3  -2  -1   76   0   0   0   0   0   0   0   0   0   0   0   0   0   0  24   0   0   0   0  0.39 0.02
  361 V    -1  -2  -3  -4  -1  -2  -3  -4  -3   2   3  -3   1   0  -3  -2  -1  -2  -1   3    0   0   0   0   0   0   0   0   0   0  51   0   0   0   0   0   0   0   0  49  0.35 0.02
  362 G     0  -3  -1  -1  -3  -2  -2   6  -2  -4  -4  -2  -3  -3  -2   0  -2  -3  -3  -3    0   0   0   0   0   0   0 100   0   0   0   0   0   0   0   0   0   0   0   0  1.11 0.03
  363 G     2  -2  -1  -1  -1  -1  -1   3  -2  -2  -2  -1  -1  -3  -1   1   3  -3  -2  -1   24   0   0   0   0   0   0  25   0   0   0   0   0   0   0   0  51   0   0   0  0.34 0.02
  364 D    -1  -1   0   3  -2   0   2  -2  -1  -2  -2   0  -2  -3  -1   1   3  -3  -2  -1    0   0   0  25   0   0  26   0   0   0   0   0   0   0   0   0  48   0   0   0  0.40 0.02
  365 Y    -2  -2  -2  -3  -3  -2  -2  -3   2  -2  -1  -2  -1   3  -3  -2  -2   2   7  -1    0   0   0   0   0   0   0   0   0   0   0   0   0   0   0   0   0   0 100   0  1.01 0.05
  366 K    -1   3   0  -1  -3   3   1  -2  -1  -2  -2   3  -1  -3  -1   0   2  -3  -2  -2    0  26   0   0   0  24   0   0   0   0   0  25   0   0   0   0  24   0   0   0  0.37 0.02
  367 V    -1  -2  -3  -4  -2  -2  -3  -3  -1   1   2  -3   1   4  -3  -2  -1   0   4   2    0   0   0   0   0   0   0   0   0   0  24   0   0  26   0   0   0   0  24  25  0.34 0.01
  368 T    -1  -1   4   3  -2   0   0  -1   0  -3  -3  -1  -2  -3  -2   1   2  -4  -2  -2    0   0  50  24   0   0   0   0   0   0   0   0   0   0   0   0  25   0   0   0  0.49 0.02
  369 D     1  -2   0   4  -2  -1   1  -1  -2  -2  -2  -1  -2  -3  -1   1   2  -3  -2  -1   24   0   0  52   0   0   0   0   0   0   0   0   0   0   0   0  24   0   0   0  0.42 0.02
  370 Q    -1   0  -1  -1  -2   3   0  -2  -1  -1   0   2   3  -2  -2   0   2  -2  -2  -1    0   0   0   0   0  25   0   0   0   0   0  24  26   0   0   0  24   0   0   0  0.22 0.02
  371 W    -2  -3  -4  -4  -2  -2  -3  -3  -3   0   3  -3   1   1  -3  -3  -2   9   1  -1    0   0   0   0   0   0   0   0   0   0  51   0   0   0   0   0   0  49   0   0  1.07 0.03
  372 T     2  -1   0  -1  -1  -1  -1  -1  -2  -1  -1  -1  -1  -2  -1   1   4  -3  -2   0   24   0   0   0   0   0   0   0   0   0   0   0   0   0   0   0  76   0   0   0  0.41 0.03
  373 M    -1  -2  -3  -4  -1  -2  -3  -4  -3   1   4  -2   4   0  -3  -2  -1  -2  -1   1    0   0   0   0   0   0   0   0   0   0  75   0  25   0   0   0   0   0   0   0  0.43 0.02
  374 R    -2   6  -1  -2  -4   1   0  -3   0  -3  -2   2  -2  -3  -2  -1  -1  -3  -2  -3    0 100   0   0   0   0   0   0   0   0   0   0   0   0   0   0   0   0   0   0  0.85 0.04
  375 A     4  -2  -1  -2  -1  -1  -1   3  -2  -2  -2  -1  -1  -3  -1   1   0  -3  -2  -1   74   0   0   0   0   0   0  26   0   0   0   0   0   0   0   0   0   0   0   0  0.43 0.02
  376 G     0  -3  -1  -1  -3  -2  -2   6  -2  -4  -4  -2  -3  -3  -2   0  -2  -3  -3  -3    0   0   0   0   0   0   0 100   0   0   0   0   0   0   0   0   0   0   0   0  1.11 0.03
  377 V    -1  -2  -3  -4  -1  -2  -3  -4  -3   2   3  -3   1   0  -3  -2  -1  -2  -1   3    0   0   0   0   0   0   0   0   0   0  50   0   0   0   0   0   0   0   0  50  0.35 0.02
  378 A     4  -2  -2  -2  -1  -1  -1   0  -2  -2  -2  -1  -1  -2  -1   1   0  -3  -2   0  100   0   0   0   0   0   0   0   0   0   0   0   0   0   0   0   0   0   0   0  0.47 0.03
  379 Y    -2  -2  -3  -3  -3  -2  -3  -3   1  -1  -1  -2  -1   4  -3  -2  -2   2   7  -1    0   0   0   0   0   0   0   0   0   0   0   0   0  24   0   0   0   0  76   0  0.85 0.04
  380 D    -2  -2   1   6  -4   0   1  -2  -1  -3  -4  -1  -3  -4  -2   0  -1  -5  -3  -3    0   0   0 100   0   0   0   0   0   0   0   0   0   0   0   0   0   0   0   0  1.02 0.04
  381 Q    -1   0   0   0  -3   4   3  -2   0  -2  -2   1  -1  -3  -1   0   2  -2  -2  -2    0   0   0   0   0  52  24   0   0   0   0   0   0   0   0   0  24   0   0   0  0.46 0.02
  382 T     0  -1   0  -1  -1   0   0  -1  -1  -1  -1   0  -1  -2  -1   2   4  -2  -1   0    2   1   1   1   0   1   2   2   1   1   2   1   1   1   1  26  53   0   1   2  0.28 0.01
  383 P     1  -1  -1  -1  -1  -1  -1  -1  -2  -2  -2  -1  -1  -2   6   0  -1  -2  -2  -1   26   1   1   1   0   1   2   2   1   1   2   1   1   1  53   2   1   0   1   2  0.85 0.01
  384 T     0  -1  -1  -1  -1  -1  -1  -1  -2   1   0  -1   0  -1  -1   1   3  -2  -1   2    2   1   1   1   0   1   2   2   1   1   2   1   1   1   1   2  53   0   1  26  0.20 0.01
  385 H    -1   0   0   3  -3   3   1  -2   4  -2  -2   0  -1  -3  -2   0   2  -3  -1  -2    0   0   0  24   0  24   0   0  25   0   0   0   0   0   0   0  26   0   0   0  0.36 0.02
  386 N     3  -1   3   3  -2  -1   0   0  -1  -2  -2  -1  -2  -3  -1   1   0  -3  -2  -1   50   0  25  24   0   0   0   0   0   0   0   0   0   0   0   0   0   0   0   0  0.33 0.02
  387 A     2   0  -1   0  -2   0   2   2  -1  -3  -3   2  -2  -3  -1   0  -1  -3  -2  -2   25   0   0   0   0   0  26  24   0   0   0  24   0   0   0   0   0   0   0   0  0.30 0.01
  388 T    -1   0   3  -1  -2   0  -1  -2   0  -2  -2   2  -1   0  -2   0   2  -1   3  -2    0   0  24   0   0   0   0   0   0   0   0  24   0   0   0   0  25   0  26   0  0.25 0.02
  389 R     1   5  -1  -2  -3   1   0  -2  -1  -3  -2   2  -1  -3  -2   0  -1  -3  -2  -2   24  76   0   0   0   0   0   0   0   0   0   0   0   0   0   0   0   0   0   0  0.55 0.03
  390 D     0  -1   0   3  -1  -1   0  -1  -1  -2  -2  -1  -1  -3  -1   2   3  -3  -2  -1    0   0   0  25   0   0   0   0   0   0   0   0   0   0   0  26  48   0   0   0  0.38 0.02
  391 P     1  -2  -3  -3  -1  -2  -2  -2  -3   1   1  -2   0  -1   4  -1  -1  -3  -2   2   24   0   0   0   0   0   0   0   0   0  24   0   0   0  25   0   0   0   0  26  0.34 0.01
  392 R     0   4   0  -1  -2   0   0  -2  -1  -2  -2   1  -1  -3  -2   2   2  -3  -2  -2    0  52   0   0   0   0   0   0   0   0   0   0   0   0   0  24  24   0   0   0  0.40 0.02
  393 I    -1  -3  -3  -3  -1  -3  -3  -4  -3   4   1  -3   1   0  -3  -2  -1  -3  -1   3    0   0   0   0   0   0   0   0   0  74   0   0   0   0   0   0   0   0   0  26  0.41 0.02
  394 P    -1  -2  -2  -2  -3  -2  -1  -2  -2  -3  -3  -1  -3  -4   8  -1  -1  -4  -3  -3    0   0   0   0   0   0   0   0   0   0   0   0   0   0 100   0   0   0   0   0  2.12 0.04
  395 D    -2  -1   1   6  -4   0   3  -2  -1  -3  -4   0  -3  -4  -2   0  -1  -4  -3  -3    0   0   0  76   0   0  24   0   0   0   0   0   0   0   0   0   0   0   0   0  0.83 0.03
  396 G     0  -1   3   0  -2  -1  -1   3  -1  -2  -3  -1  -2  -3  -2   2   2  -3  -2  -2    0   0  26   0   0   0   0  25   0   0   0   0   0   0   0  24  24   0   0   0  0.36 0.01
  397 D    -1  -2   1   5  -3   0   1  -1  -1  -3  -4  -1  -3  -3  -1   2   0  -4  -3  -3    0   0   0  74   0   0   0   0   0   0   0   0   0   0   0  26   0   0   0   0  0.70 0.03
  398 R    -2   6  -1  -2  -4   1   0  -3   0  -3  -2   2  -2  -3  -2  -1  -1  -3  -2  -3    0 100   0   0   0   0   0   0   0   0   0   0   0   0   0   0   0   0   0   0  0.85 0.04
  399 Y    -1  -2  -1  -2  -2  -1  -2  -2   0  -1  -1  -2  -1   3  -2   0   3   0   4  -1    0   0   0   0   0   0   0   0   0   0   0   0   0  24   0   0  51   0  25   0  0.35 0.02
  400 F    -3  -3  -4  -4  -3  -3  -3  -3  -2  -2  -1  -3  -1   4  -4  -3  -3  10   2  -2    0   0   0   0   0   0   0   0   0   0   0   0   0  25   0   0   0  75   0   0  1.84 0.05
  401 A     1  -2  -3  -3  -1  -2  -2  -2  -1   2   0  -2   0   1  -2  -1  -1  -1   3   2   25   0   0   0   0   0   0   0   0  26   0   0   0   0   0   0   0   0  24  24  0.19 0.01
  402 S     1  -1   0   0  -1   0   0   0  -1  -3  -3   0  -2  -3  -1   4   1  -3  -2  -2    0   0   0   0   0   0   0   0   0   0   0   0   0   0   0 100   0   0   0   0  0.52 0.04
  403 L     1  -2  -3  -3  -1  -2  -2  -2  -2   1   2  -2   1   3  -2  -1  -1  -1   0   2   24   0   0   0   0   0   0   0   0   0  25   0   0  26   0   0   0   0   0  24  0.19 0.01
  404 G     0  -3  -1  -1  -3  -2  -2   6  -2  -4  -4  -2  -3  -3  -2   0  -2  -3  -3  -3    0   0   0   0   0   0   0 100   0   0   0   0   0   0   0   0   0   0   0   0  1.11 0.03
  405 A     1  -2  -2  -2  -1  -1  -2   2  -2   0   2  -2   3  -1  -2  -1  -1  -2  -2   0   25   0   0   0   0   0   0  24   0   0  24   0  26   0   0   0   0   0   0   0  0.19 0.01
  406 G     0  -1   0  -1  -1  -1  -1   2  -2  -2  -2  -1  -1  -3  -1   2   3  -3  -2  -1    0   0   0   0   0   0   0  25   0   0   0   0   0   0   0  24  50   0   0   0  0.38 0.02
  407 Y    -2  -2  -3  -4  -3  -2  -2  -3   1  -2  -1  -2  -1   2  -3  -2  -2   7   6  -2    0   0   0   0   0   0   0   0   0   0   0   0   0   0   0   0   0  26  74   0  1.11 0.04
  408 R    -1   3  -1  -2  -2   0   0  -2  -1   0  -1   2  -1  -2  -2   0   2  -3  -2   1    0  25   0   0   0   0   0   0   0   0   0  26   0   0   0   0  24   0   0  24  0.21 0.01
  409 F    -1  -2  -2  -2  -2  -1  -1  -2  -1   0   1  -1   0   3   4  -1  -1  -1   1  -1    2   1   1   1   0   1   2   2   1   1  26   1   1  26  28   2   1   0   1   2  0.35 0.01
  410 Q     0   0   0   0  -1   3   1   0   0  -1  -1   0  -1  -1   0   2   0  -1  -1  -1    4   2   2   3   1  27   3   4   1   2   4   3   1   2   3  30   3   1   2   3  0.16 0.01
  411 S     2   0   0  -1  -1   0   0   0  -1  -2  -2   2  -1  -2  -1   2   0  -2  -1  -1   26   1   1   1   0   1   2   2   1   1   2  28   1   1   1  27   1   0   1   2  0.18 0.01
  412 M    -1  -1  -1  -1  -2   3   0  -2  -1  -1   0   0   3  -2  -2   0   3  -2  -2   0    0   0   0   0   0  26   0   0   0   0   0   0  25   0   0   0  48   0   0   0  0.27 0.03
  413 P    -1  -2  -2  -2  -2  -1  -1  -2  -2  -2  -3  -1  -2  -3   7   0   2  -4  -3  -2    0   0   0   0   0   0   0   0   0   0   0   0   0   0  74   0  26   0   0   0  1.41 0.03
  414 E    -1   0   0   3  -3   4   3  -2   0  -3  -3   1  -1  -3  -1   0  -1  -3  -2  -3    0   0   0  26   0  48  25   0   0   0   0   0   0   0   0   0   0   0   0   0  0.58 0.02
  415 L    -2  -2  -3  -4  -2  -2  -3  -4  -1   1   3  -2   1   1  -3  -2  -1   0   4   0    0   0   0   0   0   0   0   0   0   0  74   0   0   0   0   0   0   0  26   0  0.40 0.02
  416 S     0  -1   3   0  -1   0  -1  -1  -1  -2  -2  -1  -1  -3  -1   2   3  -3  -2  -1    0   0  26   0   0   0   0   0   0   0   0   0   0   0   0  25  48   0   0   0  0.38 0.02
  417 I    -1  -2  -3  -3  -1  -2  -3  -4  -3   3   2  -2   3   0  -3  -2  -1  -2  -1   2    0   0   0   0   0   0   0   0   0  52  24   0  24   0   0   0   0   0   0   0  0.35 0.02
  418 D    -1  -1   1   5  -2   0   1  -1  -1  -2  -2  -1  -2  -2  -1   0  -1  -3  -2  -2    2   1   1  75   1   1   2   2   1   1   2   2   1   1   1   2   2   0   1   2  0.60 0.02
  419 A     4  -1  -1  -1   0  -1  -1   0  -1  -1  -1  -1  -1  -2   0   1   0  -2  -1   0   76   1   1   1   1   1   2   2   1   1   2   2   1   1   1   2   2   0   1   2  0.27 0.01
  420 A     2  -2  -1  -2  -2  -2  -2   5  -2  -3  -3  -1  -2  -3  -2   0  -1  -3  -3  -2   25   0   0   0   0   0   0  75   0   0   0   0   0   0   0   0   0   0   0   0  0.77 0.02
  421 Y    -2  -2  -3  -4  -3  -2  -3  -3   1  -1   0  -3  -1   5  -3  -2  -2   2   6  -1    0   0   0   0   0   0   0   0   0   0   0   0   0  48   0   0   0   0  52   0  0.77 0.03
  422 S     3  -1  -1  -1  -1  -1  -1   0  -2  -2  -2  -1  -1  -2  -1   2   2  -3  -2  -1   50   0   0   0   0   0   0   0   0   0   0   0   0   0   0  25  24   0   0   0  0.33 0.02
  423 R    -2   3  -1  -2  -3   0  -1  -3   5  -3  -2   0  -1   1  -3  -1  -2   0   4  -2    0  33   0   0   0   0   0   0  33   0   0   0   0   0   0   0   0   0  34   0  0.49 0.01
  424 Q    -1  -1  -2  -2  -2   3   0  -3  -1   2   2  -1   1  -1  -2  -2  -1  -2  -1   1    0   0   0   0   0  33   0   0   0  34  33   0   0   0   0   0   0   0   0   0  0.20 0.01
  425 F    -2  -3  -3  -4  -3  -3  -3  -3  -1   0   0  -3   0   6  -4  -3  -2   1   3  -1    0   0   0   0   0   0   0   0   0   0   0   0   0 100   0   0   0   0   0   0  0.80 0.02
  426 V     2  -2  -3  -3  -1  -2  -2  -2  -3   3   1  -2   0  -1  -2  -1   0  -3  -2   3   34   0   0   0   0   0   0   0   0  33   0   0   0   0   0   0   0   0   0  33  0.21 0.01
  427 K     0   1   0  -1  -3   1   0   3  -1  -3  -3   4  -2  -3  -1   0  -1  -3  -2  -3    0   0   0   0   0   0   0  33   0   0   0  67   0   0   0   0   0   0   0   0  0.44 0.01
  428 E    -1  -1   1   4  -4   1   3  -2   5  -3  -3   0  -2  -3  -2   0  -1  -3   0  -3    0   0   0  34   0   0  33   0  33   0   0   0   0   0   0   0   0   0   0   0  0.55 0.01
  429 V     2  -1  -1  -1  -1  -1  -1  -1  -1   1   0  -1   0  -1  -1   0   0  -2  -1   2   36   2   1   2   1   1   2   2   1   2   3   2   1   1   2   2   2   0   1  35  0.10 0.00
  430 P     0  -1   0   0  -1   0   0  -1  -1  -1  -1   0  -1  -1   5   0   0  -1  -1  -1    5   3   3   4   1   3   4   5   1   3   6   4   2   3  36   5   4   1   2   4  0.43 0.00
  431 L     0  -1  -1  -1  -1   0  -1  -1  -1   0   2  -1   1   0   0   0   0   0   0   0    5   3   3   4   1   3   4   5   1   3  39   4   2   3   3   5   4   1   2   4  0.03 0.00
  432 K     0   1  -1  -1  -2   0   0  -1  -1  -2  -2   2  -1  -2   5   0  -1  -2  -1  -1    3   2   2   2   1   1   2   2   1   2   3  35   1   1  35   2   2   0   1   2  0.50 0.00
  433 T     0  -1   0  -1  -1  -1  -1  -2  -2  -1  -1  -1  -1  -2  -1   1   5  -3  -2   0    0   0   0   0   0   0   0   0   0   0   0   0   0   0   0   0 100   0   0   0  0.52 0.02
  434 V    -1  -3  -3  -3  -1  -3  -3  -4  -3   4   1  -3   1   0  -3  -2  -1  -3  -1   3    0   0   0   0   0   0   0   0   0  67   0   0   0   0   0   0   0   0   0  33  0.38 0.01
  435 N    -1  -1   5   1  -2   0  -1  -1   0  -2  -3   0  -2  -3  -2   1   3  -3  -2  -2    0   0  67   0   0   0   0   0   0   0   0   0   0   0   0   0  33   0   0   0  0.51 0.02
  436 Q    -1   1   0   0  -3   5   3  -2   0  -3  -3   1  -1  -3  -1   0  -1  -2  -2  -2    0   0   0   0   0  66  34   0   0   0   0   0   0   0   0   0   0   0   0   0  0.63 0.02
  437 D    -1  -2  -1   3  -2  -1   0  -2  -2   1  -1  -1  -1  -2   5  -1  -1  -4  -2   0    0   0   0  33   0   0   0   0   0  33   0   0   0   0  34   0   0   0   0   0  0.53 0.01
  438 R     0   5   0  -1  -2   1   0  -2  -1  -3  -2   2  -2  -3  -2   2   0  -3  -2  -2    0  67   0   0   0   0   0   0   0   0   0   0   0   0   0  33   0   0   0   0  0.50 0.01
  439 L     2  -2  -1   3  -2  -1   0  -1  -2   0   1  -1   0  -1  -2   0  -1  -3  -2   0   33   0   0  34   0   0   0   0   0   0  33   0   0   0   0   0   0   0   0   0  0.18 0.01
  440 G     2  -2  -1  -1  -1  -1  -1   3  -2  -2  -2  -1  -1  -3  -1   1   2  -3  -2  -1   34   0   0   0   0   0   0  33   0   0   0   0   0   0   0   0  33   0   0   0  0.35 0.01
  441 G     0  -2  -1  -1  -3  -2  -2   6  -2  -4  -4  -2  -3  -3  -2   0  -2  -3  -3  -3    0   0   0   0   0   0   0 100   0   0   0   0   0   0   0   0   0   0   0   0  1.08 0.02
  442 G     0  -2   0  -1  -2  -1  -1   5  -2  -3  -3  -1  -2  -3  -2   2   0  -3  -3  -3    0   0   0   0   0   0   0  67   0   0   0   0   0   0   0  33   0   0   0   0  0.67 0.01
  443 R     2   3  -1  -2  -1   0  -1  -1  -1  -2  -2   1  -1  -2  -1   1   2  -3  -2  -1   34  33   0   0   0   0   0   0   0   0   0   0   0   0   0   0  33   0   0   0  0.27 0.01
  444 L    -2  -2  -3  -4  -2  -3  -3  -4  -2   1   3  -3   1   4  -3  -3  -2  -1   1   0    0   0   0   0   0   0   0   0   0   0  66   0   0  34   0   0   0   0   0   0  0.41 0.01
  445 D     2  -1   0   3  -1  -1   0  -1  -2  -2  -2  -1  -1  -3  -1   1   2  -3  -2  -1   33   0   0  33   0   0   0   0   0   0   0   0   0   0   0   0  34   0   0   0  0.31 0.01
  446 G     0  -2  -1  -1  -3  -2  -2   6  -2  -4  -4  -2  -3  -3  -2   0  -2  -3  -3  -3    0   0   0   0   0   0   0 100   0   0   0   0   0   0   0   0   0   0   0   0  1.08 0.02
  447 R     2   3   3   0  -2   0   0  -1   0  -3  -2   1  -2  -3  -2   0   0  -3  -2  -2   33  33  34   0   0   0   0   0   0   0   0   0   0   0   0   0   0   0   0   0  0.31 0.01
  448 A     2  -2  -2  -3  -1  -2  -2  -2   0   1   0  -2   0   1  -2   0  -1   0   4   2   33   0   0   0   0   0   0   0   0   0   0   0   0   0   0   0   0   0  33  34  0.22 0.01
  449 T     0  -1   3   0  -1   0   0  -1  -1  -2  -2   0  -1  -3  -1   2   3  -3  -2  -1    0   0  33   0   0   0   0   0   0   0   0   0   0   0   0  34  33   0   0   0  0.37 0.01
  450 S     0  -2  -1  -1  -2  -1  -2   3  -2   1  -1  -1  -1  -2  -2   2   0  -3  -2   0    0   0   0   0   0   0   0  34   0  33   0   0   0   0   0  33   0   0   0   0  0.22 0.01
  451 K    -1   1   5   1  -3   0   0  -1   0  -3  -3   2  -2  -3  -2   0   0  -4  -2  -3    0   0  67   0   0   0   0   0   0   0   0  33   0   0   0   0   0   0   0   0  0.53 0.02
  452 G     2  -2  -2  -2  -1  -2  -2   3  -2   0  -1  -2  -1  -2  -2   0  -1  -3  -2   2   33   0   0   0   0   0   0  33   0   0   0   0   0   0   0   0   0   0   0  34  0.26 0.01
  453 Q    -2  -1   0   3  -3   3   1  -2  -1  -3  -3   0  -2  -1  -2  -1  -1   8   0  -3    0   0   0  33   0  33   0   0   0   0   0   0   0   0   0   0   0  34   0   0  0.77 0.02
  454 V    -1  -2  -3  -4  -1  -2  -3  -4  -3   2   3  -3   2   0  -3  -2  -1  -2  -1   2    0   0   0   0   0   0   0   0   0   0  67   0   0   0   0   0   0   0   0  33  0.36 0.01
  455 F    -2  -3  -3  -4  -2  -3  -3  -4  -2   2   2  -3   1   4  -3  -3  -1  -1   1   1    0   0   0   0   0   0   0   0   0  34  33   0   0  33   0   0   0   0   0   0  0.35 0.01
  456 S     2  -2   0  -1  -1  -1  -1   3  -2  -2  -3  -1  -2  -3  -1   2   0  -3  -2  -2   33   0   0   0   0   0   0  34   0   0   0   0   0   0   0  33   0   0   0   0  0.40 0.01
  457 L    -1  -2  -2  -3  -1  -2  -2  -3  -3   1   2  -2   1  -1  -2   0   2  -2  -1   2    0   0   0   0   0   0   0   0   0   0  33   0   0   0   0   0  33   0   0  34  0.22 0.01
  458 S     1   0   0   0  -2   3   1  -1   0  -3  -2   0  -1  -3  -1   3   1  -3  -2  -2    0   0   0   0   0  34   0   0   0   0   0   0   0   0   0  66   0   0   0   0  0.40 0.02
  459 A     3  -2  -2  -2  -1  -1  -2  -1  -2   2   0  -1   0  -1  -1   0   0  -3  -2   1   67   0   0   0   0   0   0   0   0  33   0   0   0   0   0   0   0   0   0   0  0.23 0.01
  460 T    -1  -1   5   1  -2   0  -1  -1   0  -2  -3   0  -2  -3  -2   1   3  -3  -2  -2    0   0  67   0   0   0   0   0   0   0   0   0   0   0   0   0  33   0   0   0  0.51 0.02
  461 Y    -2  -2  -2  -3  -3  -2  -2  -3   2  -1  -1  -2  -1   3  -3  -2  -2   2   7  -1    0   0   0   0   0   0   0   0   0   0   0   0   0   0   0   0   0   0 100   0  0.94 0.03
  462 D    -1   3   0   3  -3   1   1  -2  -1  -3  -3   3  -2  -3  -2   0  -1  -3  -2  -3    0  34   0  33   0   0   0   0   0   0   0  33   0   0   0   0   0   0   0   0  0.47 0.01
  463 F    -2  -3  -3  -4  -3  -3  -3  -3  -1   0   0  -3   0   6  -4  -3  -2   1   3  -1    0   0   0   0   0   0   0   0   0   0   0   0   0 100   0   0   0   0   0   0  0.80 0.02

                      K         Lambda
Standard Ungapped    0.1358     0.3178
Standard Gapped      0.0410     0.2670
PSI Ungapped         0.1358     0.3178
PSI Gapped           0.0410     0.2670
