
Last position-specific scoring matrix computed, weighted observed percentages rounded down, information per position, and relative weight of gapless real matches to pseudocounts
            A   R   N   D   C   Q   E   G   H   I   L   K   M   F   P   S   T   W   Y   V   A   R   N   D   C   Q   E   G   H   I   L   K   M   F   P   S   T   W   Y   V
    1 M    -1  -1  -2  -3  -1   0  -2  -3  -2   1   2  -1   6   0  -3  -2  -1  -1  -1   1    0   0   0   0   0   0   0   0   0   0   0   0 100   0   0   0   0   0   0   0  0.33 0.00
    2 M    -1  -1  -2  -3  -1   0  -2  -3  -2   1   2  -1   6   0  -3  -2  -1  -1  -1   1    0   0   0   0   0   0   0   0   0   0   0   0 100   0   0   0   0   0   0   0  0.33 0.00
    3 I    -1  -3  -3  -3  -1  -3  -3  -4  -3   4   2  -3   1   0  -3  -2  -1  -3  -1   3    0   0   0   0   0   0   0   0   0 100   0   0   0   0   0   0   0   0   0   0  0.38 0.01
    4 T     0  -1   0  -1  -1  -1  -1  -2  -2  -1  -1  -1  -1  -2  -1   1   5  -3  -2   0    0   0   0   0   0   0   0   0   0   0   0   0   0   0   0   0 100   0   0   0  0.46 0.00
    5 L    -2  -2  -4  -4  -1  -2  -3  -4  -3   2   4  -3   2   0  -3  -3  -1  -2  -1   1    0   0   0   0   0   0   0   0   0   0 100   0   0   0   0   0   0   0   0   0  0.45 0.01
    6 R    -1   6   0  -2  -4   1   0  -2   0  -3  -2   2  -1  -3  -2  -1  -1  -3  -2  -3    0 100   0   0   0   0   0   0   0   0   0   0   0   0   0   0   0   0   0   0  0.74 0.00
    7 K    -1   2   0  -1  -3   1   1  -2  -1  -3  -3   5  -1  -3  -1   0  -1  -3  -2  -2    0   0   0   0   0   0   0   0   0   0   0 100   0   0   0   0   0   0   0   0  0.51 0.00
    8 L    -2  -2  -4  -4  -1  -2  -3  -4  -3   2   4  -3   2   0  -3  -3  -1  -2  -1   1    0   0   0   0   0   0   0   0   0   0 100   0   0   0   0   0   0   0   0   0  0.45 0.01
    9 P    -1  -2  -2  -2  -3  -1  -1  -2  -2  -3  -3  -1  -3  -4   8  -1  -1  -4  -3  -2    0   0   0   0   0   0   0   0   0   0   0   0   0   0 100   0   0   0   0   0  2.04 0.00
   10 L    -2  -2  -4  -4  -1  -2  -3  -4  -3   2   4  -3   2   0  -3  -3  -1  -2  -1   1    0   0   0   0   0   0   0   0   0   0 100   0   0   0   0   0   0   0   0   0  0.45 0.01
   11 A     4  -1  -2  -2   0  -1  -1   0  -2  -1  -2  -1  -1  -2  -1   1   0  -3  -2   0  100   0   0   0   0   0   0   0   0   0   0   0   0   0   0   0   0   0   0   0  0.40 0.01
   12 V     0  -3  -3  -3  -1  -2  -3  -3  -3   3   1  -2   1  -1  -2  -2   0  -3  -1   4    0   0   0   0   0   0   0   0   0   0   0   0   0   0   0   0   0   0   0 100  0.34 0.01
   13 A     4  -1  -2  -2   0  -1  -1   0  -2  -1  -2  -1  -1  -2  -1   1   0  -3  -2   0  100   0   0   0   0   0   0   0   0   0   0   0   0   0   0   0   0   0   0   0  0.40 0.01
   14 V     0  -3  -3  -3  -1  -2  -3  -3  -3   3   1  -2   1  -1  -2  -2   0  -3  -1   4    0   0   0   0   0   0   0   0   0   0   0   0   0   0   0   0   0   0   0 100  0.34 0.01
   15 A     4  -1  -2  -2   0  -1  -1   0  -2  -1  -2  -1  -1  -2  -1   1   0  -3  -2   0  100   0   0   0   0   0   0   0   0   0   0   0   0   0   0   0   0   0   0   0  0.40 0.01
   16 A     4  -1  -2  -2   0  -1  -1   0  -2  -1  -2  -1  -1  -2  -1   1   0  -3  -2   0  100   0   0   0   0   0   0   0   0   0   0   0   0   0   0   0   0   0   0   0  0.40 0.01
   17 G     0  -2   0  -1  -3  -2  -2   6  -2  -4  -4  -2  -3  -3  -2   0  -2  -3  -3  -3    0   0   0   0   0   0   0 100   0   0   0   0   0   0   0   0   0   0   0   0  1.04 0.01
   18 V     0  -3  -3  -3  -1  -2  -3  -3  -3   3   1  -2   1  -1  -2  -2   0  -3  -1   4    0   0   0   0   0   0   0   0   0   0   0   0   0   0   0   0   0   0   0 100  0.34 0.01
   19 M    -1  -1  -2  -3  -1   0  -2  -3  -2   1   2  -1   6   0  -3  -2  -1  -1  -1   1    0   0   0   0   0   0   0   0   0   0   0   0 100   0   0   0   0   0   0   0  0.33 0.00
   20 S     1  -1   1   0  -1   0   0   0  -1  -2  -3   0  -2  -2  -1   4   1  -3  -2  -2    0   0   0   0   0   0   0   0   0   0   0   0   0   0   0 100   0   0   0   0  0.45 0.00
   21 A     4  -1  -2  -2   0  -1  -1   0  -2  -1  -2  -1  -1  -2  -1   1   0  -3  -2   0  100   0   0   0   0   0   0   0   0   0   0   0   0   0   0   0   0   0   0   0  0.40 0.01
   22 Q    -1   1   0   0  -3   5   2  -2   0  -3  -2   1   0  -3  -1   0  -1  -2  -1  -2    0   0   0   0   0 100   0   0   0   0   0   0   0   0   0   0   0   0   0   0  0.64 0.00
   23 A     4  -1  -2  -2   0  -1  -1   0  -2  -1  -2  -1  -1  -2  -1   1   0  -3  -2   0  100   0   0   0   0   0   0   0   0   0   0   0   0   0   0   0   0   0   0   0  0.41 0.01
   24 M    -1  -2  -3  -3  -2  -1  -3  -3  -2   1   1  -2   5   4  -3  -2  -1   0   1   0    0   0   0   0   0   0   0   0   0   0   0   0  60  40   0   0   0   0   0   0  0.35 0.01
   25 A     4  -1  -2  -2   0  -1  -1   0  -2  -1  -2  -1  -1  -2  -1   1   0  -3  -2   0  100   0   0   0   0   0   0   0   0   0   0   0   0   0   0   0   0   0   0   0  0.41 0.01
   26 V     0  -3  -3  -3  -1  -2  -3  -3  -3   3   1  -2   1  -1  -2  -2   0  -3  -1   4    0   0   0   0   0   0   0   0   0   0   0   0   0   0   0   0   0   0   0 100  0.36 0.01
   27 D    -2  -2   1   6  -4   0   2  -1  -1  -3  -4  -1  -3  -4  -2   0  -1  -4  -3  -3    0   0   0 100   0   0   0   0   0   0   0   0   0   0   0   0   0   0   0   0  0.94 0.01
   28 F    -2  -3  -3  -4  -2  -3  -3  -3  -1   0   0  -3   0   6  -4  -2  -2   1   3  -1    0   0   0   0   0   0   0   0   0   0   0   0   0 100   0   0   0   0   0   0  0.76 0.01
   29 H    -2   0   1  -1  -3   0   0  -2   8  -3  -3  -1  -2  -1  -2  -1  -2  -2   2  -3    0   0   0   0   0   0   0   0 100   0   0   0   0   0   0   0   0   0   0   0  0.89 0.01
   30 G     0  -2   0  -1  -3  -2  -2   6  -2  -4  -4  -2  -3  -3  -2   0  -2  -3  -3  -3    0   0   0   0   0   0   0 100   0   0   0   0   0   0   0   0   0   0   0   0  1.05 0.01
   31 Y    -2  -2  -2  -3  -3  -2  -2  -3   2  -1  -1  -2  -1   3  -3  -2  -2   2   7  -1    0   0   0   0   0   0   0   0   0   0   0   0   0   0   0   0   0   0 100   0  0.89 0.01
   32 A     3  -1  -2  -2  -1  -1  -1  -1  -2   0   0  -1   3  -1  -1   0   0  -2  -2   0   60   0   0   0   0   0   0   0   0   0   0   0  40   0   0   0   0   0   0   0  0.22 0.00
   33 R    -2   6   0  -2  -4   1   0  -2   0  -3  -2   2  -1  -3  -2  -1  -1  -3  -2  -3    0 100   0   0   0   0   0   0   0   0   0   0   0   0   0   0   0   0   0   0  0.76 0.01
   34 S     3  -1   0  -1  -1   0   0   0  -1  -2  -2   0  -1  -2  -1   3   1  -3  -2  -1   40   0   0   0   0   0   0   0   0   0   0   0   0   0   0  60   0   0   0   0  0.36 0.00
   35 G     0  -2   0  -1  -3  -2  -2   6  -2  -4  -4  -2  -3  -3  -2   0  -2  -3  -3  -3    0   0   0   0   0   0   0 100   0   0   0   0   0   0   0   0   0   0   0   0  1.05 0.01
   36 I    -1  -3  -3  -3  -1  -3  -3  -4  -3   4   1  -3   1   0  -3  -2   0  -3  -1   3    0   0   0   0   0   0   0   0   0  60   0   0   0   0   0   0   0   0   0  40  0.36 0.00
   37 G     0  -2   0  -1  -3  -2  -2   6  -2  -4  -4  -2  -3  -3  -2   0  -2  -3  -3  -3    0   0   0   0   0   0   0 100   0   0   0   0   0   0   0   0   0   0   0   0  1.05 0.01
   38 W    -1  -3  -4  -4  -2  -2  -3  -3  -3   1   0  -3   0   0  -3  -2  -1   9   1   2    0   0   0   0   0   0   0   0   0   0   0   0   0   0   0   0   0  60   0  40  1.18 0.01
   39 T    -1  -1   4   0  -2   0  -1  -1  -1  -2  -2  -1  -1  -3  -1   1   4  -3  -2  -1    0   0  40   0   0   0   0   0   0   0   0   0   0   0   0   0  60   0   0   0  0.40 0.00
   40 G     2  -2  -1  -2  -2  -1  -2   5  -2  -3  -3  -1  -2  -3  -2   0  -1  -3  -3  -2   40   0   0   0   0   0   0  60   0   0   0   0   0   0   0   0   0   0   0   0  0.59 0.00
   41 S     0  -1   1   4  -2   0   1  -1  -1  -3  -3   0  -2  -3  -1   3   1  -3  -2  -2    0   0   0  40   0   0   0   0   0   0   0   0   0   0   0  60   0   0   0   0  0.45 0.00
   42 G     0  -2   0  -1  -3  -2  -2   6  -2  -4  -4  -2  -3  -3  -2   0  -2  -3  -3  -3    0   0   0   0   0   0   0 100   0   0   0   0   0   0   0   0   0   0   0   0  1.05 0.01
   43 G     0  -2   0  -1  -3  -2  -2   6  -2  -4  -4  -2  -3  -3  -2   0  -2  -3  -3  -3    0   0   0   0   0   0   0 100   0   0   0   0   0   0   0   0   0   0   0   0  1.05 0.01
   44 E    -1   0   0   1  -3   4   4  -2   0  -3  -3   1  -1  -3  -1   0  -1  -3  -2  -2    0   0   0   0   0  40  60   0   0   0   0   0   0   0   0   0   0   0   0   0  0.62 0.01
   45 Q    -1   1   0   0  -3   6   2  -2   0  -3  -2   1   0  -3  -1   0  -1  -2  -2  -2    0   0   0   0   0 100   0   0   0   0   0   0   0   0   0   0   0   0   0   0  0.67 0.01
   46 Q    -1   0  -1  -1  -2   4   1  -3  -1   0   2   0   1  -1  -2  -1  -1  -2  -1  -1    0   0   0   0   0  60   0   0   0   0  40   0   0   0   0   0   0   0   0   0  0.29 0.00
   47 C     0  -2  -1  -2   7  -2  -2  -2  -3  -1  -1  -2  -1  -2  -2   0   3  -2  -2  -1    0   0   0   0  60   0   0   0   0   0   0   0   0   0   0   0  40   0   0   0  0.68 0.01
   48 F    -2  -3  -3  -4  -2  -3  -3  -3  -1   0   0  -3   0   6  -4  -2  -2   1   3  -1    0   0   0   0   0   0   0   0   0   0   0   0   0 100   0   0   0   0   0   0  0.76 0.01
   49 Q    -1   1   0   1  -3   5   4  -2   0  -3  -3   1  -1  -3  -1   0  -1  -2  -2  -2    0   0   0   0   0  60  40   0   0   0   0   0   0   0   0   0   0   0   0   0  0.61 0.01
   50 A     2   1  -1  -1  -1   0   0  -1  -1  -2  -2   3  -1  -3  -1   1   2  -3  -2  -1   30   0   0   0   0   0   0   0   0   0   0  40   0   0   0   0  30   0   0   0  0.24 0.00
   51 T    -1  -1   4   0  -2   0  -1  -1  -1  -2  -2  -1  -1  -3  -1   1   4  -3  -2  -1    0   0  40   0   0   0   0   0   0   0   0   0   0   0   0   0  60   0   0   0  0.40 0.00
   52 G     0   0   0  -1  -3   0  -1   4  -2  -3  -3   2  -2  -3  -2   0  -1  -3  -3  -3    0   0   0   0   0   0   0  60   0   0   0  40   0   0   0   0   0   0   0   0  0.56 0.00
   53 A     3  -2  -2  -2  -1  -2  -2  -1  -2   2   0  -1   0  -1  -2   0   0  -3  -2   1   60   0   0   0   0   0   0   0   0  40   0   0   0   0   0   0   0   0   0   0  0.20 0.00
   54 Q     0   0   0  -1  -3   4   1   3   0  -3  -3   0  -1  -3  -2   0  -1  -2  -2  -3    0   0   0   0   0  60   0  40   0   0   0   0   0   0   0   0   0   0   0   0  0.51 0.01
   55 S     1   0   0   0  -1   0   0   0  -1  -1  -1   0  -1  -1   0   3   1  -1  -1  -1    3   2   2   2   1   2   3   3   1   2   4   2   1   2   2  63   2   1   1   3  0.21 0.00
   56 K     0   1   0   0  -2   1   1  -1   0  -2  -1   4  -1  -2   0   0   0  -1  -1  -1    3   2   2   2   1   2   3   3   1   2   4  62   1   2   2   3   2   1   1   3  0.23 0.00
   57 Y    -1  -1  -1  -1  -1  -1  -1  -1   1  -1  -1  -1  -1   2  -1  -1  -1   2   6  -1    3   2   2   2   1   2   3   3   1   2   4   2   1   2   2   3   2   1  61   3  0.36 0.00
   58 R    -2   6   0  -2  -4   1   0  -2   0  -3  -2   2  -1  -3  -2  -1  -1  -3  -2  -3    0 100   0   0   0   0   0   0   0   0   0   0   0   0   0   0   0   0   0   0  0.76 0.01
   59 L    -2  -2  -4  -4  -1  -2  -3  -4  -3   2   4  -3   2   0  -3  -3  -1  -2  -1   1    0   0   0   0   0   0   0   0   0   0 100   0   0   0   0   0   0   0   0   0  0.46 0.00
   60 G     0  -2   0  -1  -3  -2  -2   6  -2  -4  -4  -2  -3  -3  -2   0  -2  -3  -3  -3    0   0   0   0   0   0   0 100   0   0   0   0   0   0   0   0   0   0   0   0  1.05 0.01
   61 N    -2   0   6   1  -3   0   0   0   1  -3  -4   0  -2  -3  -2   1   0  -4  -2  -3    0   0 100   0   0   0   0   0   0   0   0   0   0   0   0   0   0   0   0   0  0.74 0.01
   62 E    -1   0   0   2  -4   2   5  -2   0  -3  -3   1  -2  -3  -1   0  -1  -3  -2  -3    0   0   0   0   0   0 100   0   0   0   0   0   0   0   0   0   0   0   0   0  0.75 0.01
   63 C     0  -2  -1  -2   7  -2  -2  -1  -2  -2  -2  -2  -2  -2  -2   2   0  -3  -2  -1    0   0   0   0  60   0   0   0   0   0   0   0   0   0   0  40   0   0   0   0  0.66 0.01
   64 E    -1  -1   0   4  -4   1   4  -2  -1  -3  -3   0  -2  -3  -1   0  -1  -3  -3  -3    0   0   0  40   0   0  60   0   0   0   0   0   0   0   0   0   0   0   0   0  0.68 0.00
   65 T    -1  -2  -1  -2  -1  -1  -2  -2  -2   2   0  -1   0  -1  -2   0   4  -3  -2   1    0   0   0   0   0   0   0   0   0  40   0   0   0   0   0   0  60   0   0   0  0.26 0.00
   66 Y    -2  -2  -2  -3  -3  -2  -2  -3   2  -1  -1  -2  -1   3  -3  -2  -2   2   7  -1    0   0   0   0   0   0   0   0   0   0   0   0   0   0   0   0   0   0 100   0  0.89 0.01
   67 A     3  -2  -1  -2  -1  -1  -1   4  -2  -2  -2  -1  -2  -3  -1   1  -1  -3  -2  -1   60   0   0   0   0   0   0  40   0   0   0   0   0   0   0   0   0   0   0   0  0.46 0.00
   68 E    -1   0   0   2  -4   2   5  -2   0  -3  -3   1  -2  -3  -1   0  -1  -3  -2  -3    0   0   0   0   0   0 100   0   0   0   0   0   0   0   0   0   0   0   0   0  0.75 0.01
   69 L    -1  -3  -3  -4  -1  -2  -3  -4  -3   3   3  -3   2   0  -3  -3  -1  -2  -1   2    0   0   0   0   0   0   0   0   0  40  60   0   0   0   0   0   0   0   0   0  0.38 0.00
   70 K    -1   2   0  -1  -3   4   1  -2   0  -3  -2   4  -1  -3  -1   0  -1  -3  -2  -2    0   0   0   0   0  40   0   0   0   0   0  60   0   0   0   0   0   0   0   0  0.49 0.00
   71 L    -2  -2  -4  -4  -1  -2  -3  -4  -3   2   4  -3   2   0  -3  -3  -1  -2  -1   1    0   0   0   0   0   0   0   0   0   0 100   0   0   0   0   0   0   0   0   0  0.46 0.00
   72 G     0  -2   0  -1  -3  -2  -2   6  -2  -4  -4  -2  -3  -3  -2   0  -2  -3  -3  -3    0   0   0   0   0   0   0 100   0   0   0   0   0   0   0   0   0   0   0   0  1.05 0.01
   73 Q    -1   2   0  -1  -3   4   1  -2   0  -3  -2   3  -1  -3  -1   0  -1  -2  -2  -2    0   0   0   0   0  60   0   0   0   0   0  40   0   0   0   0   0   0   0   0  0.52 0.01
   74 E    -1   0   0   2  -4   2   5  -2   0  -3  -3   1  -2  -3  -1   0  -1  -3  -2  -3    0   0   0   0   0   0 100   0   0   0   0   0   0   0   0   0   0   0   0   0  0.75 0.01
   75 V     0  -3  -3  -3  -1  -2  -3  -3  -3   3   1  -2   1  -1  -2  -2   0  -3  -1   4    0   0   0   0   0   0   0   0   0   0   0   0   0   0   0   0   0   0   0 100  0.36 0.01
   76 W    -2  -2  -3  -4  -2  -2  -3  -3   0  -2  -1  -3  -1   2  -4  -2  -2  10   5  -2    0   0   0   0   0   0   0   0   0   0   0   0   0   0   0   0   0  60  40   0  1.49 0.01
   77 K    -1   1   4   0  -3   1   0  -1   0  -3  -3   4  -2  -3  -1   0   0  -3  -2  -3    0   0  40   0   0   0   0   0   0   0   0  60   0   0   0   0   0   0   0   0  0.44 0.00
   78 E    -1   0   4   1  -3   1   4  -1   0  -3  -3   0  -2  -3  -2   0  -1  -3  -2  -3    0   0  40   0   0   0  60   0   0   0   0   0   0   0   0   0   0   0   0   0  0.56 0.00
   79 G     0  -1   4   0  -3  -1  -1   4  -1  -4  -4  -1  -3  -3  -2   0  -1  -3  -3  -3    0   0  40   0   0   0   0  60   0   0   0   0   0   0   0   0   0   0   0   0  0.67 0.00
   80 D    -1  -2   1   5  -3  -1   1   3  -2  -3  -4  -1  -3  -3  -2   0  -1  -4  -3  -3    0   0   0  60   0   0   0  40   0   0   0   0   0   0   0   0   0   0   0   0  0.67 0.00
   81 K    -1   2   0  -1  -3   1   1  -2  -1  -3  -3   5  -1  -3  -1   0  -1  -3  -2  -2    0   0   0   0   0   0   0   0   0   0   0 100   0   0   0   0   0   0   0   0  0.53 0.01
   82 S     1  -1   0  -1  -1   0   0  -1  -1  -2  -2   0  -1  -2  -1   3   3  -3  -2  -1    0   0   0   0   0   0   0   0   0   0   0   0   0   0   0  60  40   0   0   0  0.39 0.00
   83 F    -2  -3  -3  -4  -2  -3  -3  -3  -1   0   0  -3   0   6  -4  -2  -2   1   3  -1    0   0   0   0   0   0   0   0   0   0   0   0   0 100   0   0   0   0   0   0  0.76 0.01
   84 Y    -2  -2  -2  -3  -3  -2  -2  -3   2  -1  -1  -2  -1   3  -3  -2  -2   2   7  -1    0   0   0   0   0   0   0   0   0   0   0   0   0   0   0   0   0   0 100   0  0.89 0.01
   85 F    -1  -3  -3  -3  -2  -3  -3  -3  -2   1   1  -3   0   5  -3  -2  -1   0   2   2    0   0   0   0   0   0   0   0   0   0   0   0   0  60   0   0   0   0   0  40  0.40 0.00
   86 D    -2  -2   1   6  -4   0   2  -1  -1  -3  -4  -1  -3  -4  -2   0  -1  -4  -3  -3    0   0   0 100   0   0   0   0   0   0   0   0   0   0   0   0   0   0   0   0  0.94 0.01
   87 T     0  -1   0  -1  -1   0  -1  -1  -1  -1  -2  -1  -1  -2  -1   3   4  -3  -2  -1    0   0   0   0   0   0   0   0   0   0   0   0   0   0   0  40  60   0   0   0  0.40 0.00
   88 N    -1  -1   5   0  -2   0  -1  -1   0  -1   0  -1   3  -1  -2   0   0  -3  -2  -1    0   0  60   0   0   0   0   0   0   0   0   0  40   0   0   0   0   0   0   0  0.31 0.01
   89 V     0  -3  -3  -3  -1  -2  -3  -3  -3   3   1  -2   1  -1  -2  -2   0  -3  -1   4    0   0   0   0   0   0   0   0   0   0   0   0   0   0   0   0   0   0   0 100  0.36 0.01
   90 A     4  -1  -2  -2   0  -1  -1   0  -2  -1  -2  -1  -1  -2  -1   1   0  -3  -2   0  100   0   0   0   0   0   0   0   0   0   0   0   0   0   0   0   0   0   0   0  0.41 0.01
   91 Y    -1  -2  -2  -3  -2  -1  -2  -3   1   0   1  -2   3   2  -3  -2  -1   1   6   0    0   0   0   0   0   0   0   0   0   0   0   0  40   0   0   0   0   0  60   0  0.46 0.01
   92 S     1  -1   0  -1  -1   0   0  -1  -1  -2  -2   0  -1  -2  -1   3   3  -3  -2  -1    0   0   0   0   0   0   0   0   0   0   0   0   0   0   0  60  40   0   0   0  0.39 0.00
   93 V     0  -2  -1  -2  -1  -1  -1  -2  -2   1   0  -1   0  -1  -2   2   1  -3  -1   3    0   0   0   0   0   0   0   0   0   0   0   0   0   0   0  40   0   0   0  60  0.18 0.00
   94 N     1  -1   5   1  -2   0   0   0   0  -3  -3   0  -2  -3  -2   1   0  -3  -2  -2   30   0  70   0   0   0   0   0   0   0   0   0   0   0   0   0   0   0   0   0  0.45 0.01
   95 Q     0   0   0  -1  -3   4   1   3   0  -3  -3   0  -1  -3  -2   0  -1  -2  -2  -3    0   0   0   0   0  60   0  40   0   0   0   0   0   0   0   0   0   0   0   0  0.51 0.01
   96 Q     0   0   0   0  -2   4   1  -1   0  -3  -2   1  -1  -3  -1   2   0  -2  -2  -2    0   0   0   0   0  60   0   0   0   0   0   0   0   0   0  40   0   0   0   0  0.44 0.01
   97 N    -2   0   6   1  -3   0   0   0   1  -3  -4   0  -2  -3  -2   1   0  -4  -2  -3    0   0 100   0   0   0   0   0   0   0   0   0   0   0   0   0   0   0   0   0  0.74 0.01
   98 D    -2  -2   1   6  -4   0   2  -1  -1  -3  -4  -1  -3  -4  -2   0  -1  -4  -3  -3    0   0   0 100   0   0   0   0   0   0   0   0   0   0   0   0   0   0   0   0  0.94 0.01
   99 W    -3  -3  -4  -4  -2  -2  -3  -3  -2  -3  -2  -3  -2   1  -4  -3  -3  11   2  -3    0   0   0   0   0   0   0   0   0   0   0   0   0   0   0   0   0 100   0   0  2.36 0.01
  100 E    -1   0   0   2  -4   2   5  -2   0  -3  -3   1  -2  -3  -1   0  -1  -3  -2  -3    0   0   0   0   0   0 100   0   0   0   0   0   0   0   0   0   0   0   0   0  0.75 0.01
  101 S     2  -1   0  -1  -1   0   0   0  -1  -2  -2   0  -1  -2  -1   3   1  -3  -2  -1   30   0   0   0   0   0   0   0   0   0   0   0   0   0   0  70   0   0   0   0  0.38 0.00
  102 T     0  -1   0  -1  -1  -1  -1  -2  -2  -1  -1  -1  -1  -2  -1   1   5  -3  -2   0    0   0   0   0   0   0   0   0   0   0   0   0   0   0   0   0 100   0   0   0  0.48 0.01
  103 D     0  -1   1   5  -2   0   1  -1  -1  -3  -3  -1  -2  -3  -1   2   0  -4  -3  -3    0   0   0  60   0   0   0   0   0   0   0   0   0   0   0  40   0   0   0   0  0.56 0.00
  104 P     2  -2  -2  -2  -2  -1  -1  -1  -2  -2  -2  -1  -2  -3   6   0  -1  -3  -3  -1   40   0   0   0   0   0   0   0   0   0   0   0   0   0  60   0   0   0   0   0  1.07 0.00
  105 A     4  -1  -2  -2   0  -1  -1   0  -2  -1  -2  -1  -1  -2  -1   1   0  -3  -2   0  100   0   0   0   0   0   0   0   0   0   0   0   0   0   0   0   0   0   0   0  0.41 0.01
  106 F    -2  -3  -3  -4  -2  -3  -3  -3  -2   1   2  -3   1   5  -3  -3  -2   0   2   0    0   0   0   0   0   0   0   0   0   0  40   0   0  60   0   0   0   0   0   0  0.47 0.00
  107 R    -2   6   0  -2  -4   1   0  -2   0  -3  -2   2  -1  -3  -2  -1  -1  -3  -2  -3    0 100   0   0   0   0   0   0   0   0   0   0   0   0   0   0   0   0   0   0  0.76 0.01
  108 E    -1   0   0   1  -3   4   4  -2   0  -3  -3   1  -1  -3  -1   0  -1  -3  -2  -2    0   0   0   0   0  40  60   0   0   0   0   0   0   0   0   0   0   0   0   0  0.62 0.01
  109 A     3  -2  -2  -2  -1  -2  -2  -1  -2  -1  -1  -2  -1   4  -2   0  -1  -1   1   0   60   0   0   0   0   0   0   0   0   0   0   0   0  40   0   0   0   0   0   0  0.27 0.00
  110 N    -2   0   6   1  -3   0   0   0   1  -3  -4   0  -2  -3  -2   1   0  -4  -2  -3    0   0 100   0   0   0   0   0   0   0   0   0   0   0   0   0   0   0   0   0  0.74 0.01
  111 V     0  -3  -3  -3  -1  -2  -3  -3  -3   3   1  -2   1  -1  -2  -2   0  -3  -1   4    0   0   0   0   0   0   0   0   0   0   0   0   0   0   0   0   0   0   0 100  0.36 0.01
  112 Q    -1   1   0   0  -3   6   2  -2   0  -3  -2   1   0  -3  -1   0  -1  -2  -2  -2    0   0   0   0   0 100   0   0   0   0   0   0   0   0   0   0   0   0   0   0  0.67 0.01
  113 G     2  -2  -1  -2  -2  -1  -2   5  -2  -3  -3  -1  -2  -3  -2   0  -1  -3  -3  -2   40   0   0   0   0   0   0  60   0   0   0   0   0   0   0   0   0   0   0   0  0.59 0.00
  114 K    -1   2   0  -1  -3   1   1  -2  -1  -3  -3   5  -1  -3  -1   0  -1  -3  -2  -2    0   0   0   0   0   0   0   0   0   0   0 100   0   0   0   0   0   0   0   0  0.53 0.01
  115 N    -1  -1   5   0  -3  -1  -1   4   0  -4  -4  -1  -2  -3  -2   0  -1  -3  -3  -3    0   0  60   0   0   0   0  40   0   0   0   0   0   0   0   0   0   0   0   0  0.60 0.00
  116 L    -2  -2  -4  -4  -1  -2  -3  -4  -3   2   4  -3   2   0  -3  -3  -1  -2  -1   1    0   0   0   0   0   0   0   0   0   0 100   0   0   0   0   0   0   0   0   0  0.46 0.00
  117 I    -1  -3  -3  -3  -1  -3  -3  -4  -3   3   3  -3   2   0  -3  -2  -1  -2  -1   2    0   0   0   0   0   0   0   0   0  60  40   0   0   0   0   0   0   0   0   0  0.37 0.00
  118 E    -1   0   4   1  -3   1   4  -1   0  -3  -3   0  -2  -3  -2   0  -1  -3  -2  -3    0   0  40   0   0   0  60   0   0   0   0   0   0   0   0   0   0   0   0   0  0.56 0.00
  119 W    -3  -3  -4  -4  -2  -3  -3  -3  -2  -1  -1  -3  -1   4  -4  -3  -2   9   3  -2    0   0   0   0   0   0   0   0   0   0   0   0   0  40   0   0   0  60   0   0  1.42 0.01
  120 L     2  -2  -3  -3  -1  -2  -2  -2  -2   1   3  -2   1   0  -2  -1  -1  -2  -1   0   40   0   0   0   0   0   0   0   0   0  60   0   0   0   0   0   0   0   0   0  0.22 0.00
  121 P    -1  -2  -2  -2  -3  -1  -1  -2  -2  -3  -3  -1  -3  -4   8  -1  -1  -4  -3  -2    0   0   0   0   0   0   0   0   0   0   0   0   0   0 100   0   0   0   0   0  2.05 0.01
  122 G     0  -1   0   0  -3   0   3   4  -1  -4  -3   0  -2  -3  -2   0  -1  -3  -3  -3    0   0   0   0   0   0  40  60   0   0   0   0   0   0   0   0   0   0   0   0  0.61 0.00
  123 S     3  -1   0  -1  -1   0   0   0  -1  -2  -2   0  -1  -2  -1   3   1  -3  -2  -1   40   0   0   0   0   0   0   0   0   0   0   0   0   0   0  60   0   0   0   0  0.36 0.00
  124 T     0  -1   0  -1  -1  -1  -1  -2  -2  -1  -1  -1  -1  -2  -1   1   5  -3  -2   0    0   0   0   0   0   0   0   0   0   0   0   0   0   0   0   0 100   0   0   0  0.48 0.01
  125 I    -1  -3  -3  -3  -1  -3  -3  -4  -3   3   3  -3   2   0  -3  -2  -1  -2  -1   2    0   0   0   0   0   0   0   0   0  60  40   0   0   0   0   0   0   0   0   0  0.37 0.00
  126 W    -3  -3  -4  -4  -2  -2  -3  -3  -2  -3  -2  -3  -2   1  -4  -3  -3  11   2  -3    0   0   0   0   0   0   0   0   0   0   0   0   0   0   0   0   0 100   0   0  2.36 0.01
  127 A     4  -1  -2  -2   0  -1  -1   0  -2  -1  -2  -1  -1  -2  -1   1   0  -3  -2   0  100   0   0   0   0   0   0   0   0   0   0   0   0   0   0   0   0   0   0   0  0.41 0.01
  128 G     0  -2   0  -1  -3  -2  -2   6  -2  -4  -4  -2  -3  -3  -2   0  -2  -3  -3  -3    0   0   0   0   0   0   0 100   0   0   0   0   0   0   0   0   0   0   0   0  1.05 0.01
  129 K    -1   2   0  -1  -3   1   1  -2  -1  -3  -3   5  -1  -3  -1   0  -1  -3  -2  -2    0   0   0   0   0   0   0   0   0   0   0 100   0   0   0   0   0   0   0   0  0.53 0.01
  130 R    -2   6   0  -2  -4   1   0  -2   0  -3  -2   2  -1  -3  -2  -1  -1  -3  -2  -3    0 100   0   0   0   0   0   0   0   0   0   0   0   0   0   0   0   0   0   0  0.76 0.01
  131 F    -2  -2  -3  -3  -3  -2  -3  -3   0  -1   0  -3   0   5  -3  -2  -2   2   5  -1    0   0   0   0   0   0   0   0   0   0   0   0   0  60   0   0   0   0  40   0  0.69 0.01
  132 Y    -2  -2  -2  -3  -3  -2  -2  -3   2  -1  -1  -2  -1   3  -3  -2  -2   2   7  -1    0   0   0   0   0   0   0   0   0   0   0   0   0   0   0   0   0   0 100   0  0.89 0.01
  133 Q    -1   1   0   0  -3   6   2  -2   0  -3  -2   1   0  -3  -1   0  -1  -2  -2  -2    0   0   0   0   0 100   0   0   0   0   0   0   0   0   0   0   0   0   0   0  0.67 0.01
  134 R    -2   6   0  -2  -4   1   0  -2   0  -3  -2   2  -1  -3  -2  -1  -1  -3  -2  -3    0 100   0   0   0   0   0   0   0   0   0   0   0   0   0   0   0   0   0   0  0.76 0.01
  135 H    -2   0   1  -1  -3   0   0  -2   8  -3  -3  -1  -2  -1  -2  -1  -2  -2   2  -3    0   0   0   0   0   0   0   0 100   0   0   0   0   0   0   0   0   0   0   0  0.89 0.01
  136 D    -2  -2   1   6  -4   0   2  -1  -1  -3  -4  -1  -3  -4  -2   0  -1  -4  -3  -3    0   0   0 100   0   0   0   0   0   0   0   0   0   0   0   0   0   0   0   0  0.94 0.01
  137 V    -1  -3  -3  -3  -1  -3  -3  -4  -3   3   1  -3   1  -1  -3  -2   0  -3  -1   3    0   0   0   0   0   0   0   0   0  40   0   0   0   0   0   0   0   0   0  60  0.35 0.00
  138 H    -2   0   1  -1  -3   0   0  -2   8  -3  -3  -1  -2  -1  -2  -1  -2  -2   2  -3    0   0   0   0   0   0   0   0 100   0   0   0   0   0   0   0   0   0   0   0  0.89 0.01
  139 M    -1  -2  -3  -3  -1  -1  -3  -3  -2   3   2  -2   5   0  -3  -2  -1  -2  -1   2    0   0   0   0   0   0   0   0   0  40   0   0  60   0   0   0   0   0   0   0  0.30 0.01
  140 I     0  -2  -1  -2  -1  -1  -2  -2  -2   3   0  -1   0  -1  -2   2   0  -3  -2   2    0   0   0   0   0   0   0   0   0  60   0   0   0   0   0  40   0   0   0   0  0.16 0.00
  141 D    -2  -2   1   6  -4   0   2  -1  -1  -3  -4  -1  -3  -4  -2   0  -1  -4  -3  -3    0   0   0 100   0   0   0   0   0   0   0   0   0   0   0   0   0   0   0   0  0.94 0.01
  142 F    -2  -3  -3  -4  -2  -3  -3  -3  -1   0   0  -3   0   6  -4  -2  -2   1   3  -1    0   0   0   0   0   0   0   0   0   0   0   0   0 100   0   0   0   0   0   0  0.76 0.01
  143 Y    -2  -2  -2  -3  -3  -2  -2  -3   2  -1  -1  -2  -1   3  -3  -2  -2   2   7  -1    0   0   0   0   0   0   0   0   0   0   0   0   0   0   0   0   0   0 100   0  0.89 0.01
  144 Y    -2  -2  -2  -3  -3  -2  -2  -3   2  -1  -1  -2  -1   3  -3  -2  -2   2   7  -1    0   0   0   0   0   0   0   0   0   0   0   0   0   0   0   0   0   0 100   0  0.89 0.01
  145 W    -3  -3  -4  -4  -2  -2  -3  -3  -2  -3  -2  -3  -2   1  -4  -3  -3  11   2  -3    0   0   0   0   0   0   0   0   0   0   0   0   0   0   0   0   0 100   0   0  2.36 0.01
  146 D    -2  -1   4   5  -3   0   1  -1   0  -3  -4  -1  -3  -3  -2   0  -1  -4  -3  -3    0   0  40  60   0   0   0   0   0   0   0   0   0   0   0   0   0   0   0   0  0.70 0.00
  147 I    -1  -3  -3  -3  -1  -3  -3  -4  -3   4   2  -3   1   0  -3  -2  -1  -3  -1   3    0   0   0   0   0   0   0   0   0 100   0   0   0   0   0   0   0   0   0   0  0.40 0.01
  148 S     1  -1   1   0  -1   0   0   0  -1  -2  -3   0  -2  -2  -1   4   1  -3  -2  -2    0   0   0   0   0   0   0   0   0   0   0   0   0   0   0 100   0   0   0   0  0.46 0.01
  149 G     0  -2   0  -1  -3  -2  -2   6  -2  -4  -4  -2  -3  -3  -2   0  -2  -3  -3  -3    0   0   0   0   0   0   0 100   0   0   0   0   0   0   0   0   0   0   0   0  1.05 0.01
  150 P     2  -2  -2  -2  -2  -1  -1  -1  -2  -2  -2  -1  -2  -3   6   0  -1  -3  -3  -1   40   0   0   0   0   0   0   0   0   0   0   0   0   0  60   0   0   0   0   0  1.07 0.00
  151 G     0  -2   0  -1  -3  -2  -2   6  -2  -4  -4  -2  -3  -3  -2   0  -2  -3  -3  -3    0   0   0   0   0   0   0 100   0   0   0   0   0   0   0   0   0   0   0   0  1.05 0.01
  152 A     4  -1  -2  -2   0  -1  -1   0  -2  -1  -2  -1  -1  -2  -1   1   0  -3  -2   0  100   0   0   0   0   0   0   0   0   0   0   0   0   0   0   0   0   0   0   0  0.41 0.01
  153 G     0  -2   0  -1  -3  -2  -2   6  -2  -4  -4  -2  -3  -3  -2   0  -2  -3  -3  -3    0   0   0   0   0   0   0 100   0   0   0   0   0   0   0   0   0   0   0   0  1.05 0.01
  154 I    -1  -3  -3  -3  -1  -2  -3  -4  -3   3   2  -3   1   0  -3  -2  -1  -2  -1   3    0   0   0   0   0   0   0   0   0  30  30   0   0   0   0   0   0   0   0  40  0.32 0.00
  155 E    -1   0   0   2  -4   2   5  -2   0  -3  -3   1  -2  -3  -1   0  -1  -3  -2  -3    0   0   0   0   0   0 100   0   0   0   0   0   0   0   0   0   0   0   0   0  0.75 0.01
  156 N    -1  -1   5   0  -3  -1  -1   4   0  -4  -4  -1  -2  -3  -2   0  -1  -3  -3  -3    0   0  60   0   0   0   0  40   0   0   0   0   0   0   0   0   0   0   0   0  0.60 0.00
  157 I    -1  -3  -3  -3  -1  -3  -3  -4  -3   4   2  -3   1   0  -3  -2  -1  -3  -1   3    0   0   0   0   0   0   0   0   0 100   0   0   0   0   0   0   0   0   0   0  0.40 0.01
  158 D    -1  -1   1   5  -4   1   4  -2  -1  -3  -3   0  -3  -4  -1   0  -1  -4  -3  -3    0   0   0  60   0   0  40   0   0   0   0   0   0   0   0   0   0   0   0   0  0.72 0.00
  159 L     2  -2  -2  -3  -1  -2  -2  -1  -2   1   2  -2   1  -1  -2   0   0  -2  -1   2   40   0   0   0   0   0   0   0   0   0  30   0   0   0   0   0   0   0   0  30  0.18 0.00
  160 G     0  -2   0  -1  -3  -2  -2   6  -2  -4  -4  -2  -3  -3  -2   0  -2  -3  -3  -3    0   0   0   0   0   0   0 100   0   0   0   0   0   0   0   0   0   0   0   0  1.05 0.01
  161 F    -2  -3  -3  -3  -3  -2  -2  -3  -2  -1  -1  -2  -1   5   5  -2  -2   0   2  -1    0   0   0   0   0   0   0   0   0   0   0   0   0  60  40   0   0   0   0   0  0.79 0.01
  162 G     0  -2   0  -1  -3  -2  -2   6  -2  -4  -4  -2  -3  -3  -2   0  -2  -3  -3  -3    0   0   0   0   0   0   0 100   0   0   0   0   0   0   0   0   0   0   0   0  1.05 0.01
  163 K    -1   2   0  -1  -3   1   1  -2  -1  -3  -3   5  -1  -3  -1   0  -1  -3  -2  -2    0   0   0   0   0   0   0   0   0   0   0 100   0   0   0   0   0   0   0   0  0.53 0.01
  164 L    -1  -2  -3  -4  -1  -2  -3  -4  -3   2   3  -2   2   0  -3  -2  -1  -2  -1   2    0   0   0   0   0   0   0   0   0   0  60   0   0   0   0   0   0   0   0  40  0.34 0.00
  165 S     1  -1   1   0  -1   0   0   0  -1  -2  -3   0  -2  -2  -1   4   1  -3  -2  -2    0   0   0   0   0   0   0   0   0   0   0   0   0   0   0 100   0   0   0   0  0.46 0.01
  166 L    -2  -2  -3  -4  -2  -3  -3  -4  -2   1   3  -3   1   4  -3  -3  -2   0   1   0    0   0   0   0   0   0   0   0   0   0  60   0   0  40   0   0   0   0   0   0  0.41 0.00
  167 A     4  -1  -2  -2   0  -1  -1   0  -2  -1  -2  -1  -1  -2  -1   1   0  -3  -2   0  100   0   0   0   0   0   0   0   0   0   0   0   0   0   0   0   0   0   0   0  0.41 0.01
  168 A     3  -2  -2  -3  -1  -1  -2  -1  -2  -2  -2  -2  -1  -1  -2   0  -1   8   0  -1   60   0   0   0   0   0   0   0   0   0   0   0   0   0   0   0   0  40   0   0  0.78 0.01
  169 T     0  -2  -1  -2  -1  -1  -1  -2  -2   1   0  -1   0  -2  -2   1   4  -3  -2   2    0   0   0   0   0   0   0   0   0   0   0   0   0   0   0   0  60   0   0  40  0.28 0.00
  170 R    -2   6   0  -2  -4   1   0  -2   0  -3  -2   2  -1  -3  -2  -1  -1  -3  -2  -3    0 100   0   0   0   0   0   0   0   0   0   0   0   0   0   0   0   0   0   0  0.76 0.01
  171 S     0  -1   4   0  -2   0   0   0   0  -3  -3   0  -2  -3  -1   3   1  -3  -2  -2    0   0  40   0   0   0   0   0   0   0   0   0   0   0   0  60   0   0   0   0  0.43 0.00
  172 T     0  -1   1   4  -2   0   0  -1  -1  -2  -2  -1  -2  -3  -1   2   2  -3  -2  -2    0   0   0  40   0   0   0   0   0   0   0   0   0   0   0  30  30   0   0   0  0.40 0.00
  173 E    -1   4   0   1  -4   2   4  -2   0  -3  -3   1  -2  -3  -2   0  -1  -3  -2  -3    0  40   0   0   0   0  60   0   0   0   0   0   0   0   0   0   0   0   0   0  0.56 0.00
  174 A     3  -2  -1  -2  -1  -1  -1   4  -2  -2  -2  -1  -2  -3  -1   1  -1  -3  -2  -1   60   0   0   0   0   0   0  40   0   0   0   0   0   0   0   0   0   0   0   0  0.46 0.00
  175 G     0  -1   0  -1  -1  -1  -1   5  -1  -2  -2  -1  -1  -2  -1   0  -1  -1  -2  -2    3   2   2   2   1   2   3  63   1   2   4   2   1   2   2   3   2   1   1   3  0.45 0.00
  176 G     0  -1   0  -1  -1  -1  -1   5  -1  -2  -2  -1  -1  -2  -1   0  -1  -1  -2  -2    3   2   2   2   1   2   3  63   1   2   4   2   1   2   2   3   2   1   1   3  0.45 0.00
  177 S     1   0   0   0  -1   0   0   0  -1  -1  -1   0  -1  -1   0   3   1  -1  -1  -1    3   2   2   2   1   2   3   3   1   2   4   2   1   2   2  63   2   1   1   3  0.21 0.00
  178 Y     0  -1   0  -1  -1   0   0  -1   0  -1  -1   0  -1   1  -1   2   0   0   4  -1    3   2   2   2   1   2   3   3   1   2   4   2   1   2   2  33   2   1  31   3  0.16 0.00
  179 T     0  -1   0   0  -1   0   0   0  -1  -1  -1   0  -1  -1   0   2   3  -1  -1  -1    3   2   2   2   1   2   3   3   1   2   4   2   1   2   2  33  32   1   1   3  0.18 0.00
  180 F    -1  -1  -1  -2  -1  -1  -1  -1  -1   0   0  -1   0   5  -1  -1  -1   1   2  -1    3   2   2   2   1   2   3   3   1   2   4   2   1  61   2   3   2   1   1   3  0.27 0.00
  181 S     2  -1   0   4  -2   0   0  -1  -1  -2  -3  -1  -2  -3  -1   2   0  -3  -2  -2   30   0   0  40   0   0   0   0   0   0   0   0   0   0   0  30   0   0   0   0  0.37 0.00
  182 S     0  -2   0  -1  -1  -1  -1  -1  -2   2   0  -1   0  -1  -2   3   1  -3  -2   1    0   0   0   0   0   0   0   0   0  40   0   0   0   0   0  60   0   0   0   0  0.18 0.00
  183 Q     2   0   3   0  -2   3   0  -1   0  -2  -2   0  -1  -3  -1   1   0  -3  -2  -1   40   0  30   0   0  30   0   0   0   0   0   0   0   0   0   0   0   0   0   0  0.29 0.00
  184 N    -2  -1   5   4  -3   0   1  -1   0  -3  -4   0  -3  -3  -2   0   0  -4  -3  -3    0   0  60  40   0   0   0   0   0   0   0   0   0   0   0   0   0   0   0   0  0.66 0.00
  185 I    -1  -3  -3  -2  -2  -2  -2  -3  -3   3   0  -2   0  -1   5  -2  -1  -3  -2   1    0   0   0   0   0   0   0   0   0  60   0   0   0   0  40   0   0   0   0   0  0.62 0.00
  186 Y    -1  -2  -1  -2  -3  -2  -2   3   1  -2  -2  -2  -2   2  -3  -1  -2   1   5  -2    0   0   0   0   0   0   0  40   0   0   0   0   0   0   0   0   0   0  60   0  0.56 0.01
  187 D    -2  -1   4   5  -3   0   1  -1   0  -3  -4  -1  -3  -3  -2   0  -1  -4  -3  -3    0   0  40  60   0   0   0   0   0   0   0   0   0   0   0   0   0   0   0   0  0.70 0.00
  188 E    -2  -1   0   4  -3   0   3  -2   0  -3  -3   0  -2   0  -2  -1  -1  -1   4  -2    0   0   0  40   0   0  30   0   0   0   0   0   0   0   0   0   0   0  30   0  0.46 0.00
  189 V     0  -2  -1  -2  -1  -2  -2   3  -2   0  -1  -1  -1  -2  -2   0   2  -3  -2   1    0   0   0   0   0   0   0  40   0   0   0   0   0   0   0   0  30   0   0  30  0.28 0.00
  190 K    -1   0   3   0  -3   0   0   3  -1  -3  -3   2  -2  -3  -2   0  -1  -3  -2  -3    0   0  30   0   0   0   0  40   0   0   0  30   0   0   0   0   0   0   0   0  0.44 0.00
  191 D    -2  -1   1   5  -4   1   3  -2  -1  -3  -4   0  -3  -4  -1   0  -1  -4  -3  -3    0   0   0  70   0   0  30   0   0   0   0   0   0   0   0   0   0   0   0   0  0.76 0.00
  192 T     0  -1   0  -1  -1  -1  -1  -2  -2  -1  -1  -1  -1  -2  -1   1   5  -3  -2   0    0   0   0   0   0   0   0   0   0   0   0   0   0   0   0   0 100   0   0   0  0.48 0.01
  193 A     3  -1   4   0  -1   0  -1   0  -1  -2  -2  -1  -1  -3  -1   1   0  -3  -2  -1   60   0  40   0   0   0   0   0   0   0   0   0   0   0   0   0   0   0   0   0  0.33 0.00
  194 N    -1  -1   4   0  -2  -1  -1  -1   0   0  -1  -1  -1  -2  -2   0   0  -3  -2   2    0   0  60   0   0   0   0   0   0   0   0   0   0   0   0   0   0   0   0  40  0.28 0.00
  195 D    -2  -1   4   5  -3   0   1  -1   0  -3  -4  -1  -3  -3  -2   0  -1  -4  -3  -3    0   0  40  60   0   0   0   0   0   0   0   0   0   0   0   0   0   0   0   0  0.70 0.00
  196 V     0  -2  -1  -2  -1  -2  -2  -3  -3   2   0  -2   0  -1  -2   0   3  -3  -1   3    0   0   0   0   0   0   0   0   0   0   0   0   0   0   0   0  40   0   0  60  0.25 0.00
  197 F    -2  -3  -3  -4  -2  -3  -3  -3  -2   1   2  -3   1   5  -3  -3  -2   0   2   0    0   0   0   0   0   0   0   0   0   0  40   0   0  60   0   0   0   0   0   0  0.47 0.00
  198 D    -2  -2   1   6  -4   0   2  -1  -1  -3  -4  -1  -3  -4  -2   0  -1  -4  -3  -3    0   0   0 100   0   0   0   0   0   0   0   0   0   0   0   0   0   0   0   0  0.94 0.01
  199 V     0  -3  -3  -3  -1  -2  -3  -3  -3   3   1  -2   1  -1  -2  -2   0  -3  -1   4    0   0   0   0   0   0   0   0   0   0   0   0   0   0   0   0   0   0   0 100  0.36 0.01
  200 R    -2   6   0  -2  -4   1   0  -2   0  -3  -2   2  -1  -3  -2  -1  -1  -3  -2  -3    0 100   0   0   0   0   0   0   0   0   0   0   0   0   0   0   0   0   0   0  0.76 0.01
  201 L    -2  -2  -3  -4  -2  -2  -3  -4   0   1   3  -2   1   2  -3  -2  -1   0   4   0    0   0   0   0   0   0   0   0   0   0  60   0   0   0   0   0   0   0  40   0  0.39 0.00
  202 A     4  -1  -2  -2   0  -1  -1   0  -2  -1  -2  -1  -1  -2  -1   1   0  -3  -2   0  100   0   0   0   0   0   0   0   0   0   0   0   0   0   0   0   0   0   0   0  0.41 0.01
  203 G     0  -1   0  -1  -3   2   0   5  -1  -4  -3   0  -2  -3  -2   0  -1  -2  -3  -3    0   0   0   0   0  30   0  70   0   0   0   0   0   0   0   0   0   0   0   0  0.67 0.00
  204 L    -1  -2  -3  -4  -1  -2  -3  -3  -2   1   4  -2   4   0  -3  -2  -1  -2  -1   1    0   0   0   0   0   0   0   0   0   0  70   0  30   0   0   0   0   0   0   0  0.39 0.00
  205 Q    -1   0  -1   0  -3   3   3  -2  -1  -3  -3   0  -2  -3   5   0  -1  -3  -2  -2    0   0   0   0   0  30  30   0   0   0   0   0   0   0  40   0   0   0   0   0  0.81 0.00
  206 T    -1  -2  -2  -3  -1  -2  -2  -3  -3   2   2  -2   1   0  -2  -1   2  -2  -1   1    0   0   0   0   0   0   0   0   0  30  40   0   0   0   0   0  30   0   0   0  0.23 0.00
  207 N    -2  -1   4   0  -3  -1  -1  -1   0  -3  -3  -1  -2  -1  -3   0  -1   8   0  -3    0   0  60   0   0   0   0   0   0   0   0   0   0   0   0   0   0  40   0   0  0.92 0.01
  208 P    -1  -2   0   4  -3  -1   0  -2  -2  -3  -3  -1  -3  -4   6  -1  -1  -4  -3  -3    0   0   0  40   0   0   0   0   0   0   0   0   0   0  60   0   0   0   0   0  1.21 0.01
  209 D    -1  -1   4   3  -3  -1   0   3  -1  -3  -4  -1  -3  -3  -2   0  -1  -4  -3  -3    0   0  40  30   0   0   0  30   0   0   0   0   0   0   0   0   0   0   0   0  0.53 0.00
  210 G     0  -2   0  -1  -3  -2  -2   6  -2  -4  -4  -2  -3  -3  -2   0  -2  -3  -3  -3    0   0   0   0   0   0   0 100   0   0   0   0   0   0   0   0   0   0   0   0  1.05 0.01
  211 V     0  -1   0  -1  -1  -1  -1  -1  -2   0  -1  -1   0  -2  -1   2   3  -3  -2   1    0   0   0   0   0   0   0   0   0   0   0   0   0   0   0  40  30   0   0  30  0.22 0.00
  212 L    -2  -2  -4  -4  -1  -2  -3  -4  -3   2   4  -3   2   0  -3  -3  -1  -2  -1   1    0   0   0   0   0   0   0   0   0   0 100   0   0   0   0   0   0   0   0   0  0.46 0.00
  213 E    -1   0   0   2  -4   2   5  -2   0  -3  -3   1  -2  -3  -1   0  -1  -3  -2  -3    0   0   0   0   0   0 100   0   0   0   0   0   0   0   0   0   0   0   0   0  0.75 0.01
  214 L    -1  -2  -3  -4  -1  -1  -3  -3  -2   1   3  -2   4   0  -3  -2  -1  -2  -1   1    0   0   0   0   0   0   0   0   0   0  60   0  40   0   0   0   0   0   0   0  0.37 0.00
  215 G     0  -2   0  -1  -3  -2  -2   6  -2  -4  -4  -2  -3  -3  -2   0  -2  -3  -3  -3    0   0   0   0   0   0   0 100   0   0   0   0   0   0   0   0   0   0   0   0  1.05 0.01
  216 V    -1  -2  -3  -3  -1  -2  -3  -3  -3   2   3  -2   1   0  -3  -2   0  -2  -1   3    0   0   0   0   0   0   0   0   0   0  40   0   0   0   0   0   0   0   0  60  0.32 0.00
  217 D    -2  -1   4   5  -3   0   1  -1   0  -3  -4  -1  -3  -3  -2   0  -1  -4  -3  -3    0   0  40  60   0   0   0   0   0   0   0   0   0   0   0   0   0   0   0   0  0.70 0.00
  218 Y    -2  -2  -2  -3  -3  -2  -2  -3   2  -1  -1  -2  -1   3  -3  -2  -2   2   7  -1    0   0   0   0   0   0   0   0   0   0   0   0   0   0   0   0   0   0 100   0  0.89 0.01
  219 G     2  -2  -1  -2  -2  -1  -2   5  -2  -3  -3  -1  -2  -3  -2   0  -1  -3  -3  -2   40   0   0   0   0   0   0  60   0   0   0   0   0   0   0   0   0   0   0   0  0.59 0.00
  220 R    -1   4  -1  -2  -2   0  -1  -3  -1   2   0   1   0  -2  -2  -1  -1  -3  -2   1    0  60   0   0   0   0   0   0   0  40   0   0   0   0   0   0   0   0   0   0  0.31 0.00
  221 A     3  -2  -2  -2  -1  -1  -2  -1  -2   0   2  -1   1  -1  -2   0   0  -2  -2   0   60   0   0   0   0   0   0   0   0   0  40   0   0   0   0   0   0   0   0   0  0.21 0.00
  222 N    -2   0   6   1  -3   0   0   0   1  -3  -4   0  -2  -3  -2   1   0  -4  -2  -3    0   0 100   0   0   0   0   0   0   0   0   0   0   0   0   0   0   0   0   0  0.74 0.01
  223 T    -1  -1  -1   0  -2   0   3  -2  -1   0   1   0   0  -1  -2   0   2  -2  -2   0    0   0   0   0   0   0  40   0   0   0  30   0   0   0   0   0  30   0   0   0  0.21 0.00
  224 T     0   3   0  -1  -2   0  -1  -2  -1  -1  -2   0  -1  -2  -1   1   4  -3  -2  -1    0  30   0   0   0   0   0   0   0   0   0   0   0   0   0   0  70   0   0   0  0.37 0.00
  225 D    -2  -2   1   6  -4   0   2  -1  -1  -3  -4  -1  -3  -4  -2   0  -1  -4  -3  -3    0   0   0 100   0   0   0   0   0   0   0   0   0   0   0   0   0   0   0   0  0.94 0.01
  226 G     2  -1   3   0  -2  -1  -1   3  -1  -3  -3  -1  -2  -3  -2   1   0  -3  -2  -2   40   0  30   0   0   0   0  30   0   0   0   0   0   0   0   0   0   0   0   0  0.36 0.00
  227 Y     2  -2  -2  -3  -2  -1  -2  -1   1  -1  -1  -1  -1   2  -2   0  -1   1   5  -1   40   0   0   0   0   0   0   0   0   0   0   0   0   0   0   0   0   0  60   0  0.43 0.01
  228 K    -1   3  -1  -1  -3   0   0  -2  -1  -3  -3   3  -2  -3   5  -1  -1  -3  -2  -2    0  30   0   0   0   0   0   0   0   0   0  30   0   0  40   0   0   0   0   0  0.78 0.00
  229 L    -2  -1   3  -1  -2  -1  -2  -2  -1   0   3  -1   1  -1  -3  -1  -1  -2  -1   0    0   0  40   0   0   0   0   0   0   0  60   0   0   0   0   0   0   0   0   0  0.23 0.00
  230 A     2  -2  -1  -2  -1  -2  -2   3  -2   0  -1  -2  -1  -2  -2   0  -1  -3  -2   1   30   0   0   0   0   0   0  40   0   0   0   0   0   0   0   0   0   0   0  30  0.30 0.00
  231 D    -1  -1   1   5  -2   0   1  -1  -1  -2  -2  -1  -2  -3  -1   1   3  -4  -2  -2    0   0   0  60   0   0   0   0   0   0   0   0   0   0   0   0  40   0   0   0  0.52 0.00
  232 G     0   0   0  -1  -3   0  -1   4  -2  -3  -3   2  -2  -3  -2   0  -1  -3  -3  -3    0   0   0   0   0   0   0  60   0   0   0  40   0   0   0   0   0   0   0   0  0.56 0.00
  233 A     3  -2   0   4  -1  -1   0   0  -1  -2  -2  -1  -2  -3  -1   1   0  -3  -2  -1   60   0   0  40   0   0   0   0   0   0   0   0   0   0   0   0   0   0   0   0  0.36 0.00
  234 S     3  -1   0  -1  -1   0   0   0  -1  -2  -2   0  -1  -2  -1   3   1  -3  -2  -1   40   0   0   0   0   0   0   0   0   0   0   0   0   0   0  60   0   0   0   0  0.36 0.00
  235 K    -1   2   0  -1  -3   1   1  -2  -1  -3  -3   5  -1  -3  -1   0  -1  -3  -2  -2    0   0   0   0   0   0   0   0   0   0   0 100   0   0   0   0   0   0   0   0  0.53 0.01
  236 D    -2  -1   4   5  -3   0   1  -1   0  -3  -4  -1  -3  -3  -2   0  -1  -4  -3  -3    0   0  40  60   0   0   0   0   0   0   0   0   0   0   0   0   0   0   0   0  0.70 0.00
  237 G     0  -2   0  -1  -3  -2  -2   6  -2  -4  -4  -2  -3  -3  -2   0  -2  -3  -3  -3    0   0   0   0   0   0   0 100   0   0   0   0   0   0   0   0   0   0   0   0  1.05 0.01
  238 W    -1  -3  -4  -4  -2  -2  -3  -3  -3   1   0  -3   0   0  -3  -2  -1   9   1   2    0   0   0   0   0   0   0   0   0   0   0   0   0   0   0   0   0  60   0  40  1.18 0.01
  239 M    -1  -2  -3  -3  -1  -1  -2  -3  -2   1   3  -2   5   0  -3  -2  -1  -2  -1   1    0   0   0   0   0   0   0   0   0   0  30   0  70   0   0   0   0   0   0   0  0.35 0.01
  240 F    -2  -3  -3  -4  -2  -3  -3  -3  -1   0   0  -3   0   6  -4  -2  -2   1   3  -1    0   0   0   0   0   0   0   0   0   0   0   0   0 100   0   0   0   0   0   0  0.76 0.01
  241 T     0  -1   0  -1  -1  -1  -1  -2  -2  -1  -1  -1  -1  -2  -1   1   5  -3  -2   0    0   0   0   0   0   0   0   0   0   0   0   0   0   0   0   0 100   0   0   0  0.48 0.01
  242 A     4  -1  -2  -2   0  -1  -1   0  -2  -1  -2  -1  -1  -2  -1   1   0  -3  -2   0  100   0   0   0   0   0   0   0   0   0   0   0   0   0   0   0   0   0   0   0  0.41 0.01
  243 E    -1   0   0   2  -4   2   5  -2   0  -3  -3   1  -2  -3  -1   0  -1  -3  -2  -3    0   0   0   0   0   0 100   0   0   0   0   0   0   0   0   0   0   0   0   0  0.75 0.01
  244 H    -2  -1   0  -2  -2   0  -1  -3   6   0   2  -1   0   0  -3  -1  -2  -2   1  -1    0   0   0   0   0   0   0   0  60   0  40   0   0   0   0   0   0   0   0   0  0.40 0.01
  245 T     0  -1   0  -1  -1  -1  -1  -2  -2  -1  -1  -1  -1  -2  -1   1   5  -3  -2   0    0   0   0   0   0   0   0   0   0   0   0   0   0   0   0   0 100   0   0   0  0.48 0.01
  246 Q    -1   1   0   0  -3   6   2  -2   0  -3  -2   1   0  -3  -1   0  -1  -2  -2  -2    0   0   0   0   0 100   0   0   0   0   0   0   0   0   0   0   0   0   0   0  0.67 0.01
  247 S     1  -1   0  -1  -1  -1  -1   4  -1  -3  -3  -1  -2  -3  -1   3   1  -3  -2  -2    0   0   0   0   0   0   0  40   0   0   0   0   0   0   0  60   0   0   0   0  0.48 0.00
  248 M    -1  -2  -3  -3  -1  -2  -3  -3  -3   2   3  -2   3   0  -3  -2  -1  -2  -1   2    0   0   0   0   0   0   0   0   0   0  40   0  30   0   0   0   0   0   0  30  0.30 0.00
  249 L    -2  -2  -1   3  -2  -1   0  -3  -2   0   3  -2   1  -1  -2  -1  -1  -3  -2   0    0   0   0  40   0   0   0   0   0   0  60   0   0   0   0   0   0   0   0   0  0.28 0.00
  250 K     2   1  -1  -1  -2   1   0  -1  -1  -2  -2   3  -1  -3  -1   0   0  -3  -2  -1   40   0   0   0   0   0   0   0   0   0   0  60   0   0   0   0   0   0   0   0  0.31 0.00
  251 G     0  -2   0  -1  -3  -2  -2   6  -2  -4  -4  -2  -3  -3  -2   0  -2  -3  -3  -3    0   0   0   0   0   0   0 100   0   0   0   0   0   0   0   0   0   0   0   0  1.05 0.01
  252 Y    -2  -3  -3  -4  -2  -3  -3  -3   0  -1   0  -3   0   6  -4  -2  -2   1   5  -1    0   0   0   0   0   0   0   0   0   0   0   0   0  70   0   0   0   0  30   0  0.69 0.01
  253 N    -2   0   6   1  -3   0   0   0   1  -3  -4   0  -2  -3  -2   1   0  -4  -2  -3    0   0 100   0   0   0   0   0   0   0   0   0   0   0   0   0   0   0   0   0  0.74 0.01
  254 K    -1   2   0  -1  -3   1   1  -2  -1  -3  -3   5  -1  -3  -1   0  -1  -3  -2  -2    0   0   0   0   0   0   0   0   0   0   0 100   0   0   0   0   0   0   0   0  0.53 0.01
  255 F    -1  -2  -2  -2  -2  -2  -2  -3  -1   0   0  -2   0   5  -2   0   2   0   2  -1    0   0   0   0   0   0   0   0   0   0   0   0   0  60   0   0  40   0   0   0  0.37 0.00
  256 V     0  -3  -3  -3  -1  -2  -3  -3  -3   3   1  -2   1  -1  -2  -2   0  -3  -1   4    0   0   0   0   0   0   0   0   0   0   0   0   0   0   0   0   0   0   0 100  0.36 0.01
  257 V    -1  -2  -3  -3  -1  -2  -3  -3  -3   2   3  -2   1   0  -3  -2   0  -2  -1   3    0   0   0   0   0   0   0   0   0   0  40   0   0   0   0   0   0   0   0  60  0.32 0.00
  258 Q    -1   1   0   0  -3   6   2  -2   0  -3  -2   1   0  -3  -1   0  -1  -2  -2  -2    0   0   0   0   0 100   0   0   0   0   0   0   0   0   0   0   0   0   0   0  0.67 0.01
  259 Y    -2  -2  -2  -3  -3  -2  -2  -3   2  -1  -1  -2  -1   3  -3  -2  -2   2   7  -1    0   0   0   0   0   0   0   0   0   0   0   0   0   0   0   0   0   0 100   0  0.89 0.01
  260 A     3  -2  -1  -2  -1  -1  -1   4  -2  -2  -2  -1  -2  -3  -1   1  -1  -3  -2  -1   60   0   0   0   0   0   0  40   0   0   0   0   0   0   0   0   0   0   0   0  0.46 0.00
  261 T     0  -1   0  -1  -1  -1  -1  -2  -2  -1  -1  -1  -1  -2  -1   1   5  -3  -2   0    0   0   0   0   0   0   0   0   0   0   0   0   0   0   0   0 100   0   0   0  0.48 0.01
  262 D    -1  -1   1   5  -4   1   4  -2  -1  -3  -3   0  -3  -4  -1   0  -1  -4  -3  -3    0   0   0  60   0   0  40   0   0   0   0   0   0   0   0   0   0   0   0   0  0.72 0.00
  263 A     2  -2   0  -1  -1  -1  -1   4  -2  -3  -3  -1  -2  -3  -1   2   0  -3  -2  -2   30   0   0   0   0   0   0  40   0   0   0   0   0   0   0  30   0   0   0   0  0.43 0.00
  264 M    -1  -2  -2  -3  -2  -1  -2  -3   0   0   1  -2   4   2  -3  -2  -1   1   4   0    0   0   0   0   0   0   0   0   0   0   0   0  60   0   0   0   0   0  40   0  0.35 0.01
  265 T     0  -1   0  -1  -1   0  -1  -1  -1  -1  -2  -1  -1  -2  -1   3   4  -3  -2  -1    0   0   0   0   0   0   0   0   0   0   0   0   0   0   0  40  60   0   0   0  0.40 0.00
  266 T     0  -1   0   0  -1   0   0   0  -1  -1  -1   0  -1  -1   0   2   3  -1  -1  -1    3   2   2   2   1   2   3   3   1   2   4   2   1   2   2  33  32   1   1   3  0.18 0.00
  267 Q     0   1   0   0  -2   4   1  -1   0  -2  -1   1   0  -2   0   0   0  -1  -1  -1    3   2   2   2   1  62   3   3   1   2   4   2   1   2   2   3   2   1   1   3  0.30 0.00
  268 G     0  -1   0  -1  -1  -1  -1   5  -1  -2  -2  -1  -1  -2  -1   0  -1  -1  -2  -2    3   2   2   2   1   2   3  63   1   2   4   2   1   2   2   3   2   1   1   3  0.45 0.00
  269 K    -1   2   0  -1  -3   1   1  -2  -1  -3  -3   5  -1  -3  -1   0  -1  -3  -2  -2    0   0   0   0   0   0   0   0   0   0   0 100   0   0   0   0   0   0   0   0  0.53 0.01
  270 G     0  -2   0  -1  -2  -1  -2   4  -2  -2  -3  -1  -2  -3  -2   0   3  -3  -2  -2    0   0   0   0   0   0   0  60   0   0   0   0   0   0   0   0  40   0   0   0  0.55 0.00
  271 Q    -1  -1  -2  -2  -2   3   0  -3  -1   1   2  -1   4  -1  -2  -1  -1  -2  -1   0    0   0   0   0   0  30   0   0   0   0  30   0  40   0   0   0   0   0   0   0  0.23 0.00
  272 A     3  -1  -1  -1  -1  -1  -1   0  -1  -2  -2  -1  -1  -2  -1   2   0  -3  -2  -1   70   0   0   0   0   0   0   0   0   0   0   0   0   0   0  30   0   0   0   0  0.36 0.00
  273 R    -2   3  -1  -2  -3   3   0  -3   0  -2  -1   1  -1   4  -2  -1  -1  -1   1  -2    0  30   0   0   0  30   0   0   0   0   0   0   0  40   0   0   0   0   0   0  0.31 0.00
  274 G    -1  -2  -1  -2  -3  -2  -2   4   0  -3  -2  -2  -2   1  -3  -1  -2   0   4  -2    0   0   0   0   0   0   0  60   0   0   0   0   0   0   0   0   0   0  40   0  0.60 0.00
  275 S     1  -1   0  -1  -1  -1  -1   4  -1  -3  -3  -1  -2  -3  -1   3   1  -3  -2  -2    0   0   0   0   0   0   0  40   0   0   0   0   0   0   0  60   0   0   0   0  0.48 0.00
  276 D    -1  -1   1   5  -2   0   1  -1  -1  -2  -2   0  -2  -2  -1   0  -1  -2  -2  -2    2   2   1  72   1   1   2   2   1   2   3   2   1   1   2   2   2   0   1   2  0.52 0.00
  277 G     0  -1   0  -1  -2  -1  -1   5  -1  -2  -2  -1  -2  -2  -1   0  -1  -2  -2  -2    2   2   1   2   1   1   2  72   1   2   3   2   1   1   2   2   2   0   1   2  0.58 0.00
  278 S     1  -1   0  -1  -1  -1  -1   3  -1  -3  -3  -1  -2  -3  -1   3   1  -3  -2  -2    0   0   0   0   0   0   0  30   0   0   0   0   0   0   0  70   0   0   0   0  0.44 0.00
  279 S     0  -2  -2  -2  -1  -1  -2  -2  -2   0  -1  -2  -1   0  -2   1   0   8   1   1    0   0   0   0   0   0   0   0   0   0   0   0   0   0   0  30   0  40   0  30  0.66 0.01
  280 S     2  -1  -1  -2  -1  -1  -1  -1   0  -2  -2  -1  -1   1  -2   2   0   0   4  -1   30   0   0   0   0   0   0   0   0   0   0   0   0   0   0  30   0   0  40   0  0.29 0.00
  281 F    -1  -3  -2  -3  -3  -3  -3   3  -2  -1  -1  -2  -1   5  -3  -1  -2   0   2  -2    0   0   0   0   0   0   0  40   0   0   0   0   0  60   0   0   0   0   0   0  0.48 0.00
  282 T     2  -1  -1  -1  -1   0  -1   0  -1  -1  -1   0  -1  -2   0   1   2  -2  -1   0   43   2   1   2   1   1   2   2   1   2   3   2   1   1   2   2  31   0   1   2  0.18 0.00
  283 E    -1   0   0   1  -2   1   4  -1   0  -2  -2   1  -1  -2  -1   0  -1  -2  -1  -2    2   2   1   2   1   1  72   2   1   2   3   2   1   1   2   2   2   0   1   2  0.42 0.00
  284 E     0   0   0   1  -1   1   3   0   0  -1  -1   0  -1  -1   0   0   0  -1  -1  -1    5   4   3   4   1   3  34   5   2   4   6   4   2   3   4   5   4   1   2   5  0.12 0.00
  285 L     0   0  -1  -1  -1   0   0  -1  -1   0   2   0   1   0   0   0   0   0   0   0    5   4   3   4   1   3   4   5   2   4  36   4   2   3   4   5   4   1   2   5  0.03 0.01
  286 S     0   0   0   0   0   0   0   0   0  -1  -1   0  -1  -1   0   2   1  -1   0  -1    5   4   3   4   1   3   4   5   2   4   6   4   2   3   4  35   4   1   2   5  0.09 0.00
  287 D    -1  -1   1   5  -2   0   1  -1  -1  -2  -2   0  -2  -2  -1   0  -1  -2  -2  -2    3   2   2  62   1   2   3   3   1   2   4   2   1   2   2   3   2   1   1   3  0.41 0.00
  288 G     0  -1   3   0  -2   0   0   3   0  -2  -2   0  -1  -2  -1   0   0  -1  -1  -2    3   2  32   2   1   2   3  33   1   2   4   2   1   2   2   3   2   1   1   3  0.26 0.00
  289 T     0   0   0   0  -1   1   2  -1  -1  -1  -1   0  -1  -1   0   1   2  -1  -1  -1    3   2   2   2   1   2  33   3   1   2   4   2   1   2   2   3  32   1   1   3  0.18 0.00
  290 K     0   1   0   0  -2   1   1  -1   0  -2  -1   4  -1  -2   0   0   0  -1  -1  -1    3   2   2   2   1   2   3   3   1   2   4  62   1   2   2   3   2   1   1   3  0.23 0.00
  291 I    -1  -1  -1  -2  -1  -1  -1  -2  -1   2   1  -1   0   3  -1  -1  -1   0   1   1    3   2   2   2   1   2   3   3   1  32   4   2   1  32   2   3   2   1   1   3  0.10 0.00
  292 N     2   0   3   0  -1   0   0   0   0  -1  -1   0  -1  -1   0   1   0  -1  -1  -1   33   2  32   2   1   2   3   3   1   2   4   2   1   2   2   3   2   1   1   3  0.15 0.00
  293 Y    -1  -1  -1  -1  -1  -1  -1  -1   1  -1  -1  -1  -1   2  -1  -1  -1   2   6  -1    3   2   2   2   1   2   3   3   1   2   4   2   1   2   2   3   2   1  61   3  0.36 0.00
  294 A     2   0   3   0  -1   0   0   0   0  -1  -1   0  -1  -1   0   1   0  -1  -1  -1   33   2  32   2   1   2   3   3   1   2   4   2   1   2   2   3   2   1   1   3  0.15 0.00
  295 N     0   0   3   1  -1   0   0   0   0  -1  -1   0  -1  -1   0   0   0  -1  -1  -1    5   4  33   4   1   3   4   5   2   4   6   4   2   3   4   5   4   1   2   5  0.11 0.00
  296 K     0   1   0   0  -1   1   0   0   0  -1  -1   2   0  -1   0   0   0  -1  -1  -1    5   4   3   4   1   3   4   5   2   4   6  34   2   3   4   5   4   1   2   5  0.08 0.01
  297 V     0  -1  -1  -1   0   0   0  -1  -1   1   0   0   0   0   0   0   0  -1   0   2    5   4   3   4   1   3   4   5   2   4   6   4   2   3   4   5   4   1   2  34  0.02 0.01
  298 I     2  -2  -3  -3  -1  -2  -2  -2  -3   3   1  -2   0  -1  -2   0   0  -3  -2   2   40   0   0   0   0   0   0   0   0  60   0   0   0   0   0   0   0   0   0   0  0.20 0.00
  299 N    -2  -1   5   4  -3   0   1  -1   0  -3  -4   0  -3  -3  -2   0   0  -4  -3  -3    0   0  60  40   0   0   0   0   0   0   0   0   0   0   0   0   0   0   0   0  0.66 0.00
  300 N    -2   0   6   1  -3   0   0   0   1  -3  -4   0  -2  -3  -2   1   0  -4  -2  -3    0   0 100   0   0   0   0   0   0   0   0   0   0   0   0   0   0   0   0   0  0.74 0.01
  301 N    -1  -1   5   0  -3  -1  -1   4   0  -4  -4  -1  -2  -3  -2   0  -1  -3  -3  -3    0   0  60   0   0   0   0  40   0   0   0   0   0   0   0   0   0   0   0   0  0.60 0.00
  302 G     2  -2  -1  -2  -2  -1  -2   5  -2  -3  -3  -1  -2  -3  -2   0  -1  -3  -3  -2   40   0   0   0   0   0   0  60   0   0   0   0   0   0   0   0   0   0   0   0  0.59 0.00
  303 N     0  -1   3   0  -2   0   0  -1   5  -3  -3   0  -2  -2  -2   2   0  -3   0  -2    0   0  30   0   0   0   0   0  30   0   0   0   0   0   0  40   0   0   0   0  0.39 0.00
  304 M     0  -2  -1  -2  -2  -1  -2   3  -2   0   1  -2   4  -1  -2  -1  -1  -2  -2   0    0   0   0   0   0   0   0  40   0   0   0   0  60   0   0   0   0   0   0   0  0.30 0.01
  305 W    -2  -2  -3  -4  -2  -2  -3  -3   0   0   1  -2   0   2  -3  -2  -2   8   5  -1    0   0   0   0   0   0   0   0   0   0  30   0   0   0   0   0   0  30  40   0  0.75 0.00
  306 R    -2   6   0  -2  -4   1   0  -2   0  -3  -2   2  -1  -3  -2  -1  -1  -3  -2  -3    0 100   0   0   0   0   0   0   0   0   0   0   0   0   0   0   0   0   0   0  0.76 0.01
  307 I    -1  -3  -3  -3  -1  -3  -3  -4  -3   3   3  -3   2   0  -3  -2  -1  -2  -1   2    0   0   0   0   0   0   0   0   0  60  40   0   0   0   0   0   0   0   0   0  0.37 0.00
  308 L    -1  -3  -3  -4  -1  -2  -3  -4  -3   3   3  -3   2   0  -3  -3  -1  -2  -1   2    0   0   0   0   0   0   0   0   0  40  60   0   0   0   0   0   0   0   0   0  0.38 0.00
  309 D    -2  -1   4   5  -3   0   1  -1   0  -3  -4  -1  -3  -3  -2   0  -1  -4  -3  -3    0   0  40  60   0   0   0   0   0   0   0   0   0   0   0   0   0   0   0   0  0.70 0.00
  310 H    -2  -1  -1  -2  -3   0  -1  -2   6  -3  -2  -2  -2   0  -3  -2  -2   8   2  -3    0   0   0   0   0   0   0   0  60   0   0   0   0   0   0   0   0  40   0   0  1.06 0.01
  311 G     0  -2   0  -1  -3  -2  -2   6  -2  -4  -4  -2  -3  -3  -2   0  -2  -3  -3  -3    0   0   0   0   0   0   0 100   0   0   0   0   0   0   0   0   0   0   0   0  1.05 0.01
  312 A     3  -2  -2  -2  -1  -1  -1  -1  -2   1   0  -1   0  -2  -1   0   0  -3  -2   2   60   0   0   0   0   0   0   0   0   0   0   0   0   0   0   0   0   0   0  40  0.23 0.00
  313 I    -1  -3  -3  -3  -1  -3  -3  -4  -3   4   2  -3   1   0  -3  -2  -1  -3  -1   3    0   0   0   0   0   0   0   0   0 100   0   0   0   0   0   0   0   0   0   0  0.40 0.01
  314 S     1  -1   0  -1  -1  -1  -1   4  -1  -3  -3  -1  -2  -3  -1   3   1  -3  -2  -2    0   0   0   0   0   0   0  40   0   0   0   0   0   0   0  60   0   0   0   0  0.48 0.00
  315 L    -1  -2  -3  -3  -1  -1  -2  -3  -2   1   3  -2   5   0  -3  -2  -1  -2  -1   1    0   0   0   0   0   0   0   0   0   0  30   0  70   0   0   0   0   0   0   0  0.35 0.01
  316 G     0  -2   0  -1  -3  -2  -2   6  -2  -4  -4  -2  -3  -3  -2   0  -2  -3  -3  -3    0   0   0   0   0   0   0 100   0   0   0   0   0   0   0   0   0   0   0   0  1.05 0.01
  317 D    -2  -2   1   6  -4   0   2  -1  -1  -3  -4  -1  -3  -4  -2   0  -1  -4  -3  -3    0   0   0 100   0   0   0   0   0   0   0   0   0   0   0   0   0   0   0   0  0.94 0.01
  318 K     0   0   3   0  -2   0   0  -1   0  -3  -3   2  -2  -3  -1   2   0  -3  -2  -2    0   0  30   0   0   0   0   0   0   0   0  30   0   0   0  40   0   0   0   0  0.34 0.00
  319 W    -3  -3  -4  -4  -2  -2  -3  -3  -2  -3  -2  -3  -2   1  -4  -3  -3  11   2  -3    0   0   0   0   0   0   0   0   0   0   0   0   0   0   0   0   0 100   0   0  2.36 0.01
  320 D    -1  -1   1   5  -4   1   4  -2  -1  -3  -3   0  -3  -4  -1   0  -1  -4  -3  -3    0   0   0  60   0   0  40   0   0   0   0   0   0   0   0   0   0   0   0   0  0.72 0.00
  321 L    -1  -2  -3  -3  -1  -1  -2  -3  -2   1   3  -2   5   0  -3  -2  -1  -2  -1   1    0   0   0   0   0   0   0   0   0   0  30   0  70   0   0   0   0   0   0   0  0.35 0.01
  322 M     0  -2  -1  -2  -2  -1  -2   3  -2   0   1  -2   4  -1  -2  -1  -1  -2  -2   0    0   0   0   0   0   0   0  40   0   0   0   0  60   0   0   0   0   0   0   0  0.30 0.01
  323 Y    -2  -1  -1  -2  -3  -1  -1  -3   6  -2  -2  -1  -1   2  -3  -1  -2   1   6  -2    0   0   0   0   0   0   0   0  40   0   0   0   0   0   0   0   0   0  60   0  0.67 0.01
  324 V     0  -1  -1  -2  -2   3   0  -3  -1   1   0   0   0  -2  -2  -1   0  -3  -1   3    0   0   0   0   0  40   0   0   0   0   0   0   0   0   0   0   0   0   0  60  0.21 0.00
  325 G     0  -2  -1  -2  -2  -2  -2   4  -2  -1   2  -2   0  -1  -3  -1  -1  -2  -2  -1    0   0   0   0   0   0   0  60   0   0  40   0   0   0   0   0   0   0   0   0  0.44 0.00
  326 M    -1  -2  -3  -3  -1  -1  -2  -3  -2   2   2  -2   5   0  -3  -2   0  -2  -1   2    0   0   0   0   0   0   0   0   0   0   0   0  60   0   0   0   0   0   0  40  0.28 0.01
  327 Y    -2  -2  -2  -3  -3  -2  -2  -3   2  -1  -1  -2  -1   3  -3  -2  -2   2   7  -1    0   0   0   0   0   0   0   0   0   0   0   0   0   0   0   0   0   0 100   0  0.89 0.01
  328 Q     0   1   0   0  -2   4   1  -1   0  -2  -1   1   0  -2   0   0   0  -1  -1  -1    3   2   2   2   1  62   3   3   1   2   4   2   1   2   2   3   2   1   1   3  0.30 0.00
  329 N    -1  -2   3   3  -3  -1   0   4  -1  -4  -4  -1  -3  -3  -2   0  -1  -3  -3  -3    0   0  30  30   0   0   0  40   0   0   0   0   0   0   0   0   0   0   0   0  0.55 0.00
  330 I    -1  -3  -3  -3  -1  -3  -3  -4  -3   4   1  -3   1   0  -3  -2   0  -3  -1   3    0   0   0   0   0   0   0   0   0  60   0   0   0   0   0   0   0   0   0  40  0.36 0.00
  331 D    -1  -1   3   3  -3  -1   0   4  -1  -4  -4  -1  -3  -3  -2   0  -1  -3  -3  -3    0   0  30  30   0   0   0  40   0   0   0   0   0   0   0   0   0   0   0   0  0.55 0.00
  332 W    -2  -1  -2  -1  -3   0   3  -2  -1  -3  -2  -1  -2   0  -2  -2  -2   9   1  -3    0   0   0   0   0   0  40   0   0   0   0   0   0   0   0   0   0  60   0   0  1.26 0.01
  333 D    -2  -2   1   6  -4   0   2  -1  -1  -3  -4  -1  -3  -4  -2   0  -1  -4  -3  -3    0   0   0 100   0   0   0   0   0   0   0   0   0   0   0   0   0   0   0   0  0.94 0.01
  334 N    -1  -1   5   0  -2   0  -1  -1   0  -1   0  -1   3  -1  -2   0   0  -3  -2  -1    0   0  60   0   0   0   0   0   0   0   0   0  40   0   0   0   0   0   0   0  0.31 0.01
  335 N    -2  -2   3   3  -3  -1   0  -1  -1  -3  -3  -1  -2  -1  -2  -1  -1   8   0  -3    0   0  30  30   0   0   0   0   0   0   0   0   0   0   0   0   0  40   0   0  0.87 0.01
  336 L     2  -1   3  -1  -1  -1  -1  -1  -1   0   1  -1   0  -1  -2   0   0  -3  -2   0   40   0  30   0   0   0   0   0   0   0  30   0   0   0   0   0   0   0   0   0  0.15 0.00
  337 G     0  -2   0  -1  -3  -2  -2   6  -2  -4  -4  -2  -3  -3  -2   0  -2  -3  -3  -3    0   0   0   0   0   0   0 100   0   0   0   0   0   0   0   0   0   0   0   0  1.05 0.01
  338 T     0   0   0  -1  -2   3   1  -2  -1  -1  -2   0  -1  -3  -1   1   4  -2  -2  -1    0   0   0   0   0  40   0   0   0   0   0   0   0   0   0   0  60   0   0   0  0.37 0.01
  339 E    -1   0   0   4  -4   1   3  -2  -1  -3  -3   2  -2  -3  -1   0  -1  -3  -2  -3    0   0   0  40   0   0  30   0   0   0   0  30   0   0   0   0   0   0   0   0  0.52 0.00
  340 W    -2   0  -2  -2  -3   0  -1  -2  -2  -3  -2   2  -1   0  -2  -2  -2   9   1  -3    0   0   0   0   0   0   0   0   0   0   0  40   0   0   0   0   0  60   0   0  1.20 0.01
  341 W    -3  -3  -4  -4  -2  -2  -3  -3  -2  -3  -2  -3  -2   1  -4  -3  -3  11   2  -3    0   0   0   0   0   0   0   0   0   0   0   0   0   0   0   0   0 100   0   0  2.36 0.01
  342 T     0  -1   0  -1  -1   0  -1  -1  -1  -1  -2  -1  -1  -2  -1   3   4  -3  -2  -1    0   0   0   0   0   0   0   0   0   0   0   0   0   0   0  40  60   0   0   0  0.40 0.00
  343 V     0  -3  -3  -3  -1  -2  -3  -3  -3   3   1  -2   1  -1  -2  -2   0  -3  -1   4    0   0   0   0   0   0   0   0   0   0   0   0   0   0   0   0   0   0   0 100  0.36 0.01
  344 G     0  -2  -1  -2  -2  -2  -2   4  -3   0  -1  -2  -1  -2  -2  -1  -1  -3  -2   2    0   0   0   0   0   0   0  60   0   0   0   0   0   0   0   0   0   0   0  40  0.43 0.00
  345 V    -1  -3  -3  -3  -1  -2  -3  -3  -3   3   1  -2   1  -1  -3  -2   0  -3  -1   4    0   0   0   0   0   0   0   0   0  30   0   0   0   0   0   0   0   0   0  70  0.35 0.00
  346 R    -2   6   0  -2  -4   1   0  -2   0  -3  -2   2  -1  -3  -2  -1  -1  -3  -2  -3    0 100   0   0   0   0   0   0   0   0   0   0   0   0   0   0   0   0   0   0  0.76 0.01
  347 P    -1  -2  -2  -2  -3  -1  -1  -2  -2  -3  -3  -1  -3  -4   8  -1  -1  -4  -3  -2    0   0   0   0   0   0   0   0   0   0   0   0   0   0 100   0   0   0   0   0  2.05 0.01
  348 M    -1  -1  -2  -3  -2   0  -2  -3  -2   1   2  -1   6   0  -3  -2  -1  -2  -1   1    0   0   0   0   0   0   0   0   0   0   0   0 100   0   0   0   0   0   0   0  0.37 0.01
  349 Y    -2  -2  -2  -3  -3  -2  -2  -3   2  -1  -1  -2  -1   3  -3  -2  -2   2   7  -1    0   0   0   0   0   0   0   0   0   0   0   0   0   0   0   0   0   0 100   0  0.89 0.01
  350 K    -1   2   0  -1  -3   1   1  -2  -1  -3  -3   5  -1  -3  -1   0  -1  -3  -2  -2    0   0   0   0   0   0   0   0   0   0   0 100   0   0   0   0   0   0   0   0  0.53 0.01
  351 W    -3  -3  -4  -4  -2  -2  -3  -3  -2  -3  -2  -3  -2   1  -4  -3  -3  11   2  -3    0   0   0   0   0   0   0   0   0   0   0   0   0   0   0   0   0 100   0   0  2.36 0.01
  352 T    -1  -1   1   4  -2  -1   0  -2  -2  -2  -2  -1  -1  -3  -1   1   4  -3  -2  -1    0   0   0  40   0   0   0   0   0   0   0   0   0   0   0   0  60   0   0   0  0.42 0.00
  353 P    -1  -2   0   4  -3  -1   0  -2  -2  -3  -3  -1  -3  -4   6  -1  -1  -4  -3  -3    0   0   0  40   0   0   0   0   0   0   0   0   0   0  60   0   0   0   0   0  1.21 0.01
  354 I    -1  -2   3  -1  -2  -1  -2  -2  -1   3   0  -1   0  -1  -3  -1   0  -3  -2   1    0   0  40   0   0   0   0   0   0  60   0   0   0   0   0   0   0   0   0   0  0.20 0.00
  355 M    -1  -1  -1  -2  -2   0  -1  -3   5   0   1  -1   4   0  -2  -1  -1  -2   0   0    0   0   0   0   0   0   0   0  40   0   0   0  60   0   0   0   0   0   0   0  0.31 0.01
  356 S     1   1   0   0  -2   1   0  -1  -1  -3  -3   3  -2  -3  -1   3   1  -3  -2  -2    0   0   0   0   0   0   0   0   0   0   0  40   0   0   0  60   0   0   0   0  0.35 0.00
  357 T     0  -1   0  -1  -1  -1  -1  -2  -2  -1  -1  -1  -1  -2  -1   1   5  -3  -2   0    0   0   0   0   0   0   0   0   0   0   0   0   0   0   0   0 100   0   0   0  0.48 0.01
  358 L    -1  -3  -3  -3  -1  -2  -3  -4  -3   3   2  -3   1   0  -3  -2  -1  -2  -1   3    0   0   0   0   0   0   0   0   0  40  30   0   0   0   0   0   0   0   0  30  0.33 0.00
  359 L    -2  -2  -3  -4  -2  -2  -3  -3  -2   1   2  -2   3   4  -3  -2  -1   0   1   0    0   0   0   0   0   0   0   0   0   0  30   0  30  40   0   0   0   0   0   0  0.35 0.00
  360 E    -1   0   0   2  -4   2   5  -2   0  -3  -3   1  -2  -3  -1   0  -1  -3  -2  -3    0   0   0   0   0   0 100   0   0   0   0   0   0   0   0   0   0   0   0   0  0.75 0.01
  361 V     2  -2  -2  -3  -1  -2  -2  -2  -3   2   0  -2   0  -1  -2   0   0  -3  -2   2   40   0   0   0   0   0   0   0   0  30   0   0   0   0   0   0   0   0   0  30  0.20 0.00
  362 G     0  -2   0  -1  -3  -2  -2   6  -2  -4  -4  -2  -3  -3  -2   0  -2  -3  -3  -3    0   0   0   0   0   0   0 100   0   0   0   0   0   0   0   0   0   0   0   0  1.05 0.01
  363 Y    -2  -2  -2  -3  -3  -2  -2  -3   2  -1  -1  -2  -1   3  -3  -2  -2   2   7  -1    0   0   0   0   0   0   0   0   0   0   0   0   0   0   0   0   0   0 100   0  0.89 0.01
  364 D    -1  -1   1   5  -2   0   1  -1  -1  -2  -2   0  -2  -2  -1   0  -1  -2  -2  -2    3   2   2  62   1   2   3   3   1   2   4   2   1   2   2   3   2   1   1   3  0.41 0.00
  365 N    -1   0   5   1  -2   0   0   0   0  -2  -2   0  -1  -2  -1   0   0  -2  -1  -2    3   2  62   2   1   2   3   3   1   2   4   2   1   2   2   3   2   1   1   3  0.32 0.00
  366 V     2  -2  -2  -3  -1  -2  -2  -1  -3   2   0  -2   0  -1  -2   0   0  -3  -1   3   40   0   0   0   0   0   0   0   0   0   0   0   0   0   0   0   0   0   0  60  0.22 0.00
  367 K    -1   0  -1   0  -2   1   2  -3  -1   2   0   2   0  -2  -2  -1  -1  -3  -2   1    0   0   0   0   0   0  30   0   0  40   0  30   0   0   0   0   0   0   0   0  0.16 0.00
  368 S     0  -1   1   4  -2   0   1  -1  -1  -3  -3   0  -2  -3  -1   3   1  -3  -2  -2    0   0   0  40   0   0   0   0   0   0   0   0   0   0   0  60   0   0   0   0  0.45 0.00
  369 Q    -1   0   1   4  -3   4   2  -2   0  -3  -3   1  -1  -3  -1   0  -1  -3  -2  -3    0   0   0  40   0  60   0   0   0   0   0   0   0   0   0   0   0   0   0   0  0.57 0.01
  370 Q    -1   3   4   0  -3   3   1  -1   0  -3  -3   1  -1  -3  -2   0  -1  -3  -2  -3    0  30  40   0   0  30   0   0   0   0   0   0   0   0   0   0   0   0   0   0  0.46 0.00
  371 T    -1  -1   1   4  -2  -1   0  -2  -2  -2  -2  -1  -1  -3  -1   1   4  -3  -2  -1    0   0   0  40   0   0   0   0   0   0   0   0   0   0   0   0  60   0   0   0  0.42 0.00
  372 G     0  -2   0  -1  -3  -2  -2   6  -2  -4  -4  -2  -3  -3  -2   0  -2  -3  -3  -3    0   0   0   0   0   0   0 100   0   0   0   0   0   0   0   0   0   0   0   0  1.05 0.01
  373 D    -2  -2   1   6  -4   0   2  -1  -1  -3  -4  -1  -3  -4  -2   0  -1  -4  -3  -3    0   0   0 100   0   0   0   0   0   0   0   0   0   0   0   0   0   0   0   0  0.94 0.01
  374 R    -1   3   0   0  -4   1   3  -2   0  -3  -3   3  -2  -3  -1   0  -1  -3  -2  -3    0  30   0   0   0   0  40   0   0   0   0  30   0   0   0   0   0   0   0   0  0.49 0.00
  375 N    -2   0   6   1  -3   0   0   0   1  -3  -4   0  -2  -3  -2   1   0  -4  -2  -3    0   0 100   0   0   0   0   0   0   0   0   0   0   0   0   0   0   0   0   0  0.74 0.01
  376 N    -1   1   5   1  -3   1   0  -1   0  -3  -3   3  -2  -3  -2   0   0  -4  -2  -3    0   0  60   0   0   0   0   0   0   0   0  40   0   0   0   0   0   0   0   0  0.48 0.00
  377 Q    -1   0  -1  -1  -3   4   1  -2   1  -2  -2   0  -1   1  -2  -1  -1   0   4  -2    0   0   0   0   0  60   0   0   0   0   0   0   0   0   0   0   0   0  40   0  0.46 0.01
  378 Y    -1  -2  -1  -2  -3  -2  -2   3   1  -2  -2  -2  -2   2  -3  -1  -2   1   5  -2    0   0   0   0   0   0   0  40   0   0   0   0   0   0   0   0   0   0  60   0  0.56 0.01
  379 K    -1   2   0  -1  -3   1   1  -2  -1  -3  -3   5  -1  -3  -1   0  -1  -3  -2  -2    0   0   0   0   0   0   0   0   0   0   0 100   0   0   0   0   0   0   0   0  0.53 0.01
  380 I    -1  -3  -3  -3  -1  -3  -3  -4  -3   3   3  -3   2   0  -3  -2  -1  -2  -1   2    0   0   0   0   0   0   0   0   0  60  40   0   0   0   0   0   0   0   0   0  0.37 0.00
  381 T     0  -1   0  -1  -1  -1  -1  -2  -2  -1  -1  -1  -1  -2  -1   1   5  -3  -2   0    0   0   0   0   0   0   0   0   0   0   0   0   0   0   0   0 100   0   0   0  0.48 0.01
  382 L    -1  -2  -3  -4  -1  -2  -3  -4  -3   2   3  -2   2   0  -3  -2  -1  -2  -1   2    0   0   0   0   0   0   0   0   0   0  60   0   0   0   0   0   0   0   0  40  0.34 0.00
  383 A     4  -1  -2  -2   0  -1  -1   0  -2  -1  -2  -1  -1  -2  -1   1   0  -3  -2   0  100   0   0   0   0   0   0   0   0   0   0   0   0   0   0   0   0   0   0   0  0.41 0.01
  384 Q    -1   1   0   0  -3   6   2  -2   0  -3  -2   1   0  -3  -1   0  -1  -2  -2  -2    0   0   0   0   0 100   0   0   0   0   0   0   0   0   0   0   0   0   0   0  0.67 0.01
  385 Q     2   0  -1  -1  -2   4   1  -1   0  -2  -2   1  -1  -3  -1   0   0  -2  -2  -1   40   0   0   0   0  60   0   0   0   0   0   0   0   0   0   0   0   0   0   0  0.38 0.01
  386 W    -3  -3  -4  -4  -2  -2  -3  -3  -2  -3  -2  -3  -2   1  -4  -3  -3  11   2  -3    0   0   0   0   0   0   0   0   0   0   0   0   0   0   0   0   0 100   0   0  2.36 0.01
  387 Q     0   0   0   0  -2   4   1  -1   0  -3  -2   1  -1  -3  -1   2   0  -2  -2  -2    0   0   0   0   0  60   0   0   0   0   0   0   0   0   0  40   0   0   0   0  0.44 0.01
  388 A     4  -1  -2  -2   0  -1  -1   0  -2  -1  -2  -1  -1  -2  -1   1   0  -3  -2   0  100   0   0   0   0   0   0   0   0   0   0   0   0   0   0   0   0   0   0   0  0.41 0.01
  389 G     0  -2   0  -1  -3  -2  -2   6  -2  -4  -4  -2  -3  -3  -2   0  -2  -3  -3  -3    0   0   0   0   0   0   0 100   0   0   0   0   0   0   0   0   0   0   0   0  1.05 0.01
  390 D     0  -1   1   5  -2   0   1  -1  -1  -3  -3  -1  -2  -3  -1   2   0  -4  -3  -3    0   0   0  60   0   0   0   0   0   0   0   0   0   0   0  40   0   0   0   0  0.56 0.00
  391 S     1  -1   1   0  -1   0   0   0  -1  -2  -3   0  -2  -2  -1   4   1  -3  -2  -2    0   0   0   0   0   0   0   0   0   0   0   0   0   0   0 100   0   0   0   0  0.46 0.01
  392 I    -2  -3  -3  -3  -2  -3  -3  -4  -2   3   1  -3   1   4  -3  -2  -1  -1   1   2    0   0   0   0   0   0   0   0   0  60   0   0   0  40   0   0   0   0   0   0  0.36 0.00
  393 W    -3  -3  -4  -4  -2  -2  -3  -3  -2  -3  -2  -3  -2   1  -4  -3  -3  11   2  -3    0   0   0   0   0   0   0   0   0   0   0   0   0   0   0   0   0 100   0   0  2.36 0.01
  394 S     3  -1   0  -1  -1   0   0   0  -1  -2  -2   0  -1  -2  -1   3   1  -3  -2  -1   40   0   0   0   0   0   0   0   0   0   0   0   0   0   0  60   0   0   0   0  0.36 0.00
  395 R    -2   6   0  -2  -4   1   0  -2   0  -3  -2   2  -1  -3  -2  -1  -1  -3  -2  -3    0 100   0   0   0   0   0   0   0   0   0   0   0   0   0   0   0   0   0   0  0.76 0.01
  396 P    -1  -2  -2  -2  -3  -1  -1  -2  -2  -3  -3  -1  -3  -4   8  -1  -1  -4  -3  -2    0   0   0   0   0   0   0   0   0   0   0   0   0   0 100   0   0   0   0   0  2.05 0.01
  397 A     3  -1  -1   0  -1   1   3  -1  -1  -2  -2   0  -1  -3  -1   1   0  -3  -2  -1   60   0   0   0   0   0  40   0   0   0   0   0   0   0   0   0   0   0   0   0  0.34 0.00
  398 I    -1  -3  -3  -3  -1  -3  -3  -4  -3   4   2  -3   1   0  -3  -2  -1  -3  -1   3    0   0   0   0   0   0   0   0   0 100   0   0   0   0   0   0   0   0   0   0  0.40 0.01
  399 R    -2   6   0  -2  -4   1   0  -2   0  -3  -2   2  -1  -3  -2  -1  -1  -3  -2  -3    0 100   0   0   0   0   0   0   0   0   0   0   0   0   0   0   0   0   0   0  0.76 0.01
  400 I    -1  -3  -3  -3  -1  -2  -3  -3  -3   3   1  -2   1  -1  -3  -2   0  -3  -1   4    0   0   0   0   0   0   0   0   0  30   0   0   0   0   0   0   0   0   0  70  0.35 0.00
  401 F    -2  -2  -3  -3  -3  -2  -3  -3   0  -1   0  -3   0   5  -3  -2  -2   2   5  -1    0   0   0   0   0   0   0   0   0   0   0   0   0  60   0   0   0   0  40   0  0.69 0.01
  402 A     4  -1  -2  -2   0  -1  -1   0  -2  -1  -2  -1  -1  -2  -1   1   0  -3  -2   0  100   0   0   0   0   0   0   0   0   0   0   0   0   0   0   0   0   0   0   0  0.41 0.01
  403 T     0  -1   0  -1  -1   0  -1  -1  -1  -1  -2  -1  -1  -2  -1   3   4  -3  -2  -1    0   0   0   0   0   0   0   0   0   0   0   0   0   0   0  40  60   0   0   0  0.40 0.00
  404 Y    -2  -2  -2  -3  -3  -2  -2  -3   2  -1  -1  -2  -1   3  -3  -2  -2   2   7  -1    0   0   0   0   0   0   0   0   0   0   0   0   0   0   0   0   0   0 100   0  0.89 0.01
  405 A     3  -2  -2  -2  -1  -1  -2  -1  -2   0   2  -1   1  -1  -2   0   0  -2  -2   0   60   0   0   0   0   0   0   0   0   0  40   0   0   0   0   0   0   0   0   0  0.21 0.00
  406 K     0   1   0  -1  -2   1   0  -2  -1  -2  -2   3  -1  -3  -1   1   3  -3  -2  -1    0   0   0   0   0   0   0   0   0   0   0  60   0   0   0   0  40   0   0   0  0.34 0.00
  407 W     2  -2  -3  -3  -1  -2  -2  -1  -2  -2  -2  -2  -1   0  -2  -1  -1   9   1  -2   40   0   0   0   0   0   0   0   0   0   0   0   0   0   0   0   0  60   0   0  1.18 0.01
  408 D    -2  -2   1   6  -4   0   2  -1  -1  -3  -4  -1  -3  -4  -2   0  -1  -4  -3  -3    0   0   0 100   0   0   0   0   0   0   0   0   0   0   0   0   0   0   0   0  0.94 0.01
  409 E    -1   1   0   1  -4   2   4  -2   0  -3  -3   3  -2  -3  -1   0  -1  -3  -2  -2    0   0   0   0   0   0  60   0   0   0   0  40   0   0   0   0   0   0   0   0  0.53 0.00
  410 K    -1   1   0   0  -3   2   3  -2   0  -3  -3   4  -2  -3  -1   0  -1  -3  -2  -2    0   0   0   0   0   0  40   0   0   0   0  60   0   0   0   0   0   0   0   0  0.49 0.00
  411 W    -1  -1  -2  -2  -1  -1  -1  -1  -1  -1  -1  -1  -1   0  -1  -1  -1   9   1  -2    3   2   2   2   1   2   3   3   1   2   4   2   1   2   2   3   2  60   1   3  1.10 0.00
  412 G     0  -1   0  -1  -1  -1  -1   5  -1  -2  -2  -1  -1  -2  -1   0  -1  -1  -2  -2    3   2   2   2   1   2   3  63   1   2   4   2   1   2   2   3   2   1   1   3  0.45 0.00
  413 Y    -1  -1  -1  -1  -1  -1  -1  -1   1  -1  -1  -1  -1   2  -1  -1  -1   2   6  -1    3   2   2   2   1   2   3   3   1   2   4   2   1   2   2   3   2   1  61   3  0.36 0.00
  414 I    -1  -1   0   3  -1  -1   0  -1  -1   2   0  -1   0  -1  -1  -1   0  -2  -1   1    3   2   2  32   1   2   3   3   1  32   4   2   1   2   2   3   2   1   1   3  0.11 0.00
  415 K    -1   1  -1  -1  -2   0   0  -1   0  -1  -1   2  -1   1  -1   0  -1   0   4  -1    3   2   2   2   1   2   3   3   1   2   4  32   1   2   2   3   2   1  31   3  0.16 0.00
  416 D     0  -1   0   3  -1   0   0  -1  -1  -1  -1   0  -1  -2   0   1   2  -2  -1  -1    3   2   2  32   1   2   3   3   1   2   4   2   1   2   2   3  32   1   1   3  0.20 0.00
  417 G     0  -1   0  -1  -1  -1  -1   5  -1  -2  -2  -1  -1  -2  -1   0  -1  -1  -2  -2    3   2   2   2   1   2   3  63   1   2   4   2   1   2   2   3   2   1   1   3  0.45 0.00
  418 D    -1  -1   1   5  -2   0   1  -1  -1  -2  -2   0  -2  -2  -1   0  -1  -2  -2  -2    3   2   2  62   1   2   3   3   1   2   4   2   1   2   2   3   2   1   1   3  0.41 0.00
  419 N    -1   0   5   1  -2   0   0   0   0  -2  -2   0  -1  -2  -1   0   0  -2  -1  -2    3   2  62   2   1   2   3   3   1   2   4   2   1   2   2   3   2   1   1   3  0.32 0.00
  420 I    -1  -1   3   0  -1  -1  -1  -1   0   2   0  -1   0  -1  -1   0   0  -2  -1   1    3   2  32   2   1   2   3   3   1  32   4   2   1   2   2   3   2   1   1   3  0.08 0.00
  421 S     2  -1   0   0  -1   0   0   0  -1  -1  -1   0  -1  -1   0   2   1  -1  -1  -1   33   2   2   2   1   2   3   3   1   2   4   2   1   2   2  33   2   1   1   3  0.16 0.00
  422 R    -1   3   3   0  -2   0   0  -1   0  -2  -1   1  -1  -2  -1   0   0  -2  -1  -1    3  32  32   2   1   2   3   3   1   2   4   2   1   2   2   3   2   1   1   3  0.22 0.00
  423 Y    -1  -1  -1  -1  -1  -1  -1  -1   0  -1   0  -1   0   4  -1  -1  -1   1   4  -1    3   2   2   2   1   2   3   3   1   2   4   2   1  32   2   3   2   1  31   3  0.26 0.00
  424 A     2  -1   0  -1  -1  -1  -1   3  -1  -1  -1  -1  -1  -2  -1   0   0  -1  -1  -1   33   2   2   2   1   2   3  33   1   2   4   2   1   2   2   3   2   1   1   3  0.22 0.00
  425 A     2   1   0  -1  -1   0   0   0  -1  -1  -1   2  -1  -1   0   0   0  -1  -1  -1   33   2   2   2   1   2   3   3   1   2   4  32   1   2   2   3   2   1   1   3  0.13 0.00
  426 A     3  -1  -1  -1   0   0   0   0  -1  -1  -1   0  -1  -1   0   1   0  -1  -1   0   63   2   2   2   1   2   3   3   1   2   4   2   1   2   2   3   2   1   1   3  0.18 0.00
  427 T    -1  -2   0   4  -2  -1   0  -2  -2   0  -1  -1  -1  -2  -2   0   2  -3  -2   1    0   0   0  40   0   0   0   0   0   0   0   0   0   0   0   0  30   0   0  30  0.26 0.00
  428 N    -1  -1   5   1  -3   0  -1  -1   0  -3  -3   0  -2  -3   4   0   0  -4  -2  -3    0   0  70   0   0   0   0   0   0   0   0   0   0   0  30   0   0   0   0   0  0.76 0.01
  429 S     2  -1   0  -1  -1   0   0   0  -1  -2  -2   0  -1  -2  -1   3   1  -3  -2  -1   30   0   0   0   0   0   0   0   0   0   0   0   0   0   0  70   0   0   0   0  0.38 0.00
  430 G    -1  -1   4   3  -3  -1   0   3  -1  -3  -4  -1  -3  -3  -2   0  -1  -4  -3  -3    0   0  40  30   0   0   0  30   0   0   0   0   0   0   0   0   0   0   0   0  0.53 0.00
  431 I    -1  -2  -2  -2  -1  -2  -2  -3  -2   2   0  -2   0   3  -2   0   3  -1   1   1    0   0   0   0   0   0   0   0   0  30   0   0   0  30   0   0  40   0   0   0  0.21 0.00
  432 S    -1  -1   3   0  -2  -1  -1  -1  -1  -1  -1  -1  -1   4  -2   2   0  -1   1  -2    0   0  30   0   0   0   0   0   0   0   0   0   0  40   0  30   0   0   0   0  0.25 0.00
  433 T    -1  -2   0   4  -2  -1   0   3  -2  -2  -3  -1  -2  -3  -2   0   2  -3  -3  -2    0   0   0  40   0   0   0  30   0   0   0   0   0   0   0   0  30   0   0   0  0.42 0.00
  434 N    -1  -1   5   1  -3   0  -1   3   0  -4  -4  -1  -2  -3  -2   0   0  -3  -2  -3    0   0  70   0   0   0   0  30   0   0   0   0   0   0   0   0   0   0   0   0  0.60 0.01
  435 S     1  -1   0  -1  -1  -1  -1   4  -1  -3  -3  -1  -2  -3  -1   3   1  -3  -2  -2    0   0   0   0   0   0   0  40   0   0   0   0   0   0   0  60   0   0   0   0  0.48 0.00
  436 R    -2   6   0  -2  -4   1   0  -2   0  -3  -2   2  -1  -3  -2  -1  -1  -3  -2  -3    0 100   0   0   0   0   0   0   0   0   0   0   0   0   0   0   0   0   0   0  0.76 0.01
  437 G     1  -2   0  -1  -2  -1  -1   4  -2  -3  -3  -1  -2  -3  -2   2   0  -3  -3  -3    0   0   0   0   0   0   0  60   0   0   0   0   0   0   0  40   0   0   0   0  0.60 0.00
  438 D    -2  -2   1   6  -4   0   2  -1  -1  -3  -4  -1  -3  -4  -2   0  -1  -4  -3  -3    0   0   0 100   0   0   0   0   0   0   0   0   0   0   0   0   0   0   0   0  0.94 0.01
  439 S     1   0   0   0  -1   0   0   0  -1  -1  -1   0  -1  -1   0   3   1  -1  -1  -1    3   2   2   2   1   2   3   3   1   2   4   2   1   2   2  63   2   1   1   3  0.21 0.00
  440 D    -2  -2   1   6  -4   0   2  -1  -1  -3  -4  -1  -3  -4  -2   0  -1  -4  -3  -3    0   0   0 100   0   0   0   0   0   0   0   0   0   0   0   0   0   0   0   0  0.94 0.01
  441 E    -1  -1   0   1  -2   1   4  -2  -1  -2  -2   0  -1  -3  -1   1   3  -3  -2  -1    0   0   0   0   0   0  60   0   0   0   0   0   0   0   0   0  40   0   0   0  0.44 0.00
  442 W    -3  -3  -4  -4  -2  -3  -3  -3  -2  -1  -1  -3  -1   4  -4  -3  -2   9   3  -2    0   0   0   0   0   0   0   0   0   0   0   0   0  40   0   0   0  60   0   0  1.42 0.01
  443 T     0   0   0  -1  -2   3   1  -2  -1  -1  -2   0  -1  -3  -1   1   4  -2  -2  -1    0   0   0   0   0  40   0   0   0   0   0   0   0   0   0   0  60   0   0   0  0.37 0.01
  444 F    -2  -3  -3  -4  -2  -3  -3  -3  -1   0   0  -3   0   6  -4  -2  -2   1   3  -1    0   0   0   0   0   0   0   0   0   0   0   0   0 100   0   0   0   0   0   0  0.76 0.01
  445 G     0  -2   0  -1  -3  -2  -2   6  -2  -4  -4  -2  -3  -3  -2   0  -2  -3  -3  -3    0   0   0   0   0   0   0 100   0   0   0   0   0   0   0   0   0   0   0   0  1.05 0.01
  446 A     3  -2  -2  -2  -1  -1  -1  -1  -2   1   0  -1   0  -2  -1   0   0  -3  -2   2   60   0   0   0   0   0   0   0   0   0   0   0   0   0   0   0   0   0   0  40  0.23 0.00
  447 Q    -1   1   0   0  -3   6   2  -2   0  -3  -2   1   0  -3  -1   0  -1  -2  -2  -2    0   0   0   0   0 100   0   0   0   0   0   0   0   0   0   0   0   0   0   0  0.67 0.01
  448 M     2  -1  -2  -3  -1  -1  -2  -1  -2   0   1  -1   4  -1  -2   0   0  -2  -1   0   40   0   0   0   0   0   0   0   0   0   0   0  60   0   0   0   0   0   0   0  0.21 0.01
  449 E    -1   0   0   2  -4   2   5  -2   0  -3  -3   1  -2  -3  -1   0  -1  -3  -2  -3    0   0   0   0   0   0 100   0   0   0   0   0   0   0   0   0   0   0   0   0  0.75 0.01
  450 I     2  -2  -3  -3  -1  -2  -2  -2  -3   3   1  -2   0  -1  -2   0   0  -3  -2   2   40   0   0   0   0   0   0   0   0  60   0   0   0   0   0   0   0   0   0   0  0.20 0.00
  451 W    -3  -3  -4  -4  -2  -2  -3  -3  -2  -3  -2  -3  -2   1  -4  -3  -3  11   2  -3    0   0   0   0   0   0   0   0   0   0   0   0   0   0   0   0   0 100   0   0  2.36 0.01
  452 W    -3  -3  -4  -4  -2  -2  -3  -3  -2  -3  -2  -3  -2   1  -4  -3  -3  11   2  -3    0   0   0   0   0   0   0   0   0   0   0   0   0   0   0   0   0 100   0   0  2.36 0.01

                      K         Lambda
Standard Ungapped    0.1318     0.3154
Standard Gapped      0.0410     0.2670
PSI Ungapped         0.1318     0.3154
PSI Gapped           0.0410     0.2670
