
Last position-specific scoring matrix computed, weighted observed percentages rounded down, information per position, and relative weight of gapless real matches to pseudocounts
           A  R  N  D  C  Q  E  G  H  I  L  K  M  F  P  S  T  W  Y  V   A   R   N   D   C   Q   E   G   H   I   L   K   M   F   P   S   T   W   Y   V
    1 M   -1 -1 -2 -3 -1  0 -2 -3 -1  1  2 -1  5  0 -2 -1 -1 -1 -1  1    0   0   0   0   0   0   0   0   0   0   0   0   0   0   0   0   0   0   0   0  0.00     0.00
    2 A    4 -1 -2 -2  0 -1 -1  0 -2 -1 -2 -1 -1 -2 -1  1  0 -3 -2  0  100   0   0   0   0   0   0   0   0   0   0   0   0   0   0   0   0   0   0   0  0.41 0.00
    3 S    1 -1  1  0 -1  0  0  0 -1 -2 -3  0 -2 -2 -1  4  1 -3 -2 -2    0   0   0   0   0   0   0   0   0   0   0   0   0   0   0 100   0   0   0   0  0.46 0.00
    4 M   -1 -1 -1  0 -2  1  3 -2 -1  0  0  0  4 -1 -2 -1 -1 -2 -2 -1    0   0   0   0   0   0  50   0   0   0   0   0  50   0   0   0   0   0   0   0  0.27 0.00
    5 T    0 -1  0 -1 -1 -1 -1 -2 -2 -1 -1 -1 -1 -2 -1  1  5 -3 -2  0    0   0   0   0   0   0   0   0   0   0   0   0   0   0   0   0 100   0   0   0  0.48 0.01
    6 G    0 -2  0 -1 -3 -2 -2  6 -2 -4 -4 -2 -3 -3 -2  0 -2 -3 -3 -3    0   0   0   0   0   0   0 100   0   0   0   0   0   0   0   0   0   0   0   0  1.04 0.00
    7 G    3 -2 -1 -2 -1 -1 -1  4 -2 -2 -2 -1 -2 -3 -1  1 -1 -3 -2 -1   50   0   0   0   0   0   0  50   0   0   0   0   0   0   0   0   0   0   0   0  0.52 0.00
    8 Q   -1  0 -1 -1 -2  4  0 -3 -1  2  0  0  0 -1 -2 -1 -1 -2 -1  1    0   0   0   0   0  50   0   0   0  50   0   0   0   0   0   0   0   0   0   0  0.22 0.00
    9 Q    0  0  0 -1 -3  4  1  4 -1 -3 -3  0 -1 -3 -2  0 -1 -2 -2 -3    0   0   0   0   0  50   0  50   0   0   0   0   0   0   0   0   0   0   0   0  0.54 0.00
   10 M   -1 -2 -3 -3 -1 -1 -2 -3 -2  2  1 -2  4  0 -3 -2  0 -2 -1  3    0   0   0   0   0   0   0   0   0   0   0   0  50   0   0   0   0   0   0  50  0.27 0.00
   11 G   -1 -2 -2 -2 -2 -2 -3  4 -2  0  2 -2  1 -1 -3 -1 -1 -2 -2 -1    0   0   0   0   0   0   0  50   0   0  50   0   0   0   0   0   0   0   0   0  0.36 0.00
   12 R    0  4  0 -1 -2  0  0 -1 -1 -3 -2  1 -1 -3 -1  3  0 -3 -2 -2    0  50   0   0   0   0   0   0   0   0   0   0   0   0   0  50   0   0   0   0  0.40 0.00
   13 D   -2 -2  1  6 -4  0  2 -1 -1 -3 -4 -1 -3 -4 -2  0 -1 -4 -3 -3    0   0   0 100   0   0   0   0   0   0   0   0   0   0   0   0   0   0   0   0  0.93 0.00
   14 L   -2 -3 -3 -4 -2 -3 -3 -3 -2  1  3 -3  1  5 -3 -2 -2  0  2  0    0   0   0   0   0   0   0   0   0   0  50   0   0  50   0   0   0   0   0   0  0.43 0.00
   15 Q   -1  0  4  1 -3  4  1 -1  1 -3 -3  1 -1 -3 -2  0  0 -3 -2 -3    0   0  50   0   0  50   0   0   0   0   0   0   0   0   0   0   0   0   0   0  0.51 0.00
   16 V   -1 -2 -3 -3 -1 -2 -3 -3 -3  2  1 -2  3 -1 -3 -2  0 -3 -1  4    0   0   0   0   0   0   0   0   0   0   0   0  25   0   0   0   0   0   0  75  0.39 0.05
   17 T   -1 -1  0 -1 -2  2  0 -2 -2 -1 -2 -1 -1 -3 -1  1  5 -3 -2 -1    0   0   0   0   0  19   0   0   0   0   0   0   0   0   0   0  81   0   0   0  0.55 0.08
   18 L    2 -2 -3 -3 -1 -2 -2 -2 -3  1  3 -2  1  0 -2 -1 -1 -2 -2  0   34   0   0   0   0   0   0   0   0   0  66   0   0   0   0   0   0   0   0   0  0.31 0.05
   19 Y   -2 -2 -3 -4 -3 -2 -3 -4  1 -2 -2 -2 -2  3 -3 -2 -2  2  8 -2    0   0   0   0   0   0   0   0   0   0   0   0   0   0   0   0   0   0 100   0  1.25 0.12
   20 G    0 -3 -1 -2 -3 -2 -3  6 -2 -4 -4 -2 -3 -4 -3 -1 -2 -3 -3 -4    0   0   0   0   0   0   0 100   0   0   0   0   0   0   0   0   0   0   0   0  1.23 0.09
   21 T   -1  3 -2 -3 -2 -1 -2 -3 -2  2  1  0  2 -1 -2 -1  1 -3 -2  2    0  32   0   0   0   0   0   0   0  21   9   0  10   0   0   0  11   0   0  17  0.20 0.04
   22 I    1 -2 -3 -3 -1 -2 -2 -2 -3  2  3 -2  1 -1 -2 -1 -1 -2 -2  2   27   0   0   0   0   0   0   0   0  21  42   0   0   0   0   0   0   0   0  11  0.25 0.04
   23 K    1 -1  0  5 -3  0  1 -1 -2 -3 -3  1 -3 -4 -2  0 -1 -4 -3 -3   17   0   0  72   0   0   0   0   0   0   0  11   0   0   0   0   0   0   0   0  0.71 0.08
   24 A    4 -2 -2 -2 -1 -1 -2 -1 -2  1  0 -1  2 -2 -2  0 -1 -3 -2  0   69   0   0   0   0   0   0   0   0  17   0   0  15   0   0   0   0   0   0   0  0.32 0.08
   25 G    0 -2  0 -1 -2 -1 -2  5 -2 -3 -3 -1 -2 -3 -2  2  1 -3 -3 -2    0   0   0   0   0   0   0  59   0   0   0   0   0   0   0  27  15   0   0   0  0.64 0.07
   26 V    1 -3 -3 -3 -1 -2 -3 -3 -3  3  2 -2  1 -1 -3 -2 -1 -3 -2  2   17   0   0   0   0   0   0   0   0  48  24   0   0   0   0   0   0   0   0  11  0.30 0.05
   27 E   -1 -1 -1 -1 -2  2  3 -2  2 -1 -1  0  1  2 -2  0  2 -2  0 -1    0   0   0   0   0  11  29   0  10   0   0   0   9  17   0   0  25   0   0   0  0.23 0.05
   28 V   -2 -2  2 -2 -3 -2 -2 -3  1 -1 -1 -2 -1  2 -3 -2 -2  1  7  0    0   0  15   0   0   0   0   0   0   0   0   0   0   0   0   0   0   0  74  11  0.77 0.11
   29 S    0  0  3 -1 -2  3  0 -1 -1 -2 -1  0  2 -2 -2  2  1 -3 -2 -1    0   0  20   0   0  27   0   0   0   0   0   0  17   0   0  26  10   0   0   0  0.28 0.06
   30 R   -1  1  4  0 -2  0  2 -1  0 -2 -2  0 -2 -2 -1  1  1 -3 -2 -2    1  12  38   1   0   1  18   1   0   1   1   1   0   1   1  11  11   0   0   1  0.32 0.04
   31 V   -1 -1  2  2 -1 -1  0 -1 -1  1 -1 -1  0 -1 -1  0  0 -2 -1  1    2   2  22  18   1   1   2   2   1  12   3   2   1   1   2   2   2   0   1  23  0.11 0.02
   32 K    1  0  0 -1 -1  0  0  1 -1 -1 -1  2 -1 -2 -1  1  0 -2 -1  0   13   2   1   2   1   1   2  13   1   2   3  22   1   1   2  19   2   0   1  12  0.10 0.01
   33 D    1  0  2  3 -1  0  0  0 -1 -2 -2  1 -1 -2 -1  0  0 -2 -1 -1   23   2  18  23   1   1   2   2   1   2   3  11   1   1   2   2   2   0   1   2  0.19 0.02
   34 A    2 -1 -1 -1 -1 -1 -1  3 -1 -1 -1 -1 -1 -2 -1  0  1 -2 -1 -1   35   2   1   2   1   1   2  28   1   2   3   2   1   1   2   2  12   0   1   2  0.23 0.02
   35 G    0 -1  1 -1 -2 -1 -1  4  0 -2 -2 -1 -2 -1  2  0 -1 -1  2 -2    2   1  11   1   0   1   1  41   1   1   2   1   1   1  11   2   1   0  17   1  0.35 0.03
   36 T   -1  1  2  2 -2  0  2 -1 -1 -2 -1  0 -1 -2 -1  1  1 -3 -2 -2    1  11  11  17   0   0  15   1   0   0   9   0   0   0   0  20  12   0   0   1  0.21 0.03
   37 Y   -1 -1 -1 -1 -2  0  1 -2  5 -2 -2 -1 -1  0  3 -1 -1  0  4 -2    1   1   1   1   0   1  10   1  25   1   2   1   0   1  20   1   1   0  29   1  0.46 0.05
   38 K    0 -1  0  0 -2  0  1  3 -1 -1 -2  1 -1 -2 -1  0 -1 -2 -2  0    2   1   1   1   0   1  18  35   0   1   2  13   0   1   1  10   1   0   1  12  0.22 0.02
   39 A    1 -1  3  0 -2  1 -1 -1  0 -1  0 -1 -1  2 -1  0 -1 -1  0 -1   22   1  28   1   0  11   1   1   0   1  10   1   0  15   1   1   1   0   1   1  0.12 0.03
   40 Q   -1 -1  1  0 -2  2  2  1  0 -2  0  0 -1 -1 -2  0  1 -1  1 -1    1   0   9   0   0  21  17  11   0   0  11   1   0   0   0   1  15   0  11   1  0.15 0.03
   41 G    2 -1  1 -1 -1 -1 -1  2 -1 -2 -2 -1 -1 -2 -1  1  1 -2 -2 -1   23   1  10   1   0   1   2  22   1   1   2   1   1   1   1  12  16   0   1   2  0.20 0.02
   42 G    0 -1  0 -1 -2  2 -1  4 -1 -2 -2 -1  1 -2 -1  1 -1 -2 -2 -2    1   1   1   1   0  15   1  49   0   1   2   1  11   1   1  12   1   0   1   1  0.38 0.04
   43 K    0  0  2  1 -2  0  0 -1  2 -2 -2  3 -1 -2 -1  1  0 -2 -1 -2   10   1  15  11   0   1   1   1   9   1   2  33   0   1   1  10   1   0   1   1  0.22 0.03
   44 S    0  2  1 -1 -2  1  0  1 -1 -2 -1  0 -1 -2 -1  2  1 -2 -2 -1    1  15  11   1   0   9   1  12   0   1  11   1   0   1   1  23  10   0   1   1  0.14 0.02
   45 K    0  2 -1 -1 -2  0 -1  1 -1  0  0  2  0 -2 -1  0  0 -2 -1  1    1  11   1   1   0   1   1  11   0   1  12  27   0   1   1  10   1   0   1  19  0.08 0.02
   46 T    0  2 -1 -1 -2  1  1 -2 -1 -1  0  0 -1 -1 -1  0  1  4 -1 -1   11  18   1   1   0  10  16   1   0   1  12   1   0   1   1   1  12  10   1   1  0.18 0.02
   47 A    2 -1 -1 -1 -1 -1 -1  3 -2  0 -1 -1 -1 -2 -1  1  0 -2 -2  0   39   1   1   1   0   1   1  26   0  11   2   1   0   1   1  11   1   0   1   1  0.24 0.03
   48 T   -1 -1 -1 -1 -1  0  1 -2 -1  0 -1 -1 -1  1 -1  0  3 -2 -1  0    1   1   1   1   0   1  18   1   0   1   2   1   0  11   1   1  46   0   1  11  0.20 0.04
   49 Q    0  0  0 -1 -2  3  0  1 -1 -1 -1  0 -1 -2 -1  2  0 -2 -1  0    1   1   1   1   0  33   1  11   0   1   2   1   0   1   1  28   1   0   1  16  0.20 0.04
   50 I    1 -2 -1 -1 -1 -1 -1  3 -2  0  1 -1  0 -1 -1  0 -1 -2 -1  0   12   1   1   1   1   1   2  39   1  13  17   2   1   1   1   2   2   0   1   2  0.20 0.02
   51 A    1 -1  2  1 -2  0  1  1 -1 -2 -2  0 -1 -2 -1  0  0 -2 -2 -1   24   1  19  10   1   1  16  12   1   1   2   2   1   1   1   2   2   0   1   2  0.18 0.02
   52 D   -1 -1  2  3 -2 -1  0 -1 -1  0 -1 -1 -1 -1 -1 -1 -1  6  0  0    2   1  16  23   1   1   2   2   1  11   2   2   1   1   1   2   2  18   1  12  0.28 0.03
   53 F   -1 -1  3  1 -2 -1 -1  2  0 -2 -2 -1 -1  2 -1  0 -1 -1  2 -2    2   1  25  12   1   1   2  19   1   1   2   2   1  13   1   2   2   0  11   2  0.18 0.02
   54 G    0 -1 -1 -1 -2  1 -1  3 -1 -1 -1 -1 -1  2 -1  0  1 -1  0 -1    2   1   1   1   1  11   2  33   1   1   2   2   1  16   1   2  19   0   1   2  0.19 0.02
   55 S    2 -1  0  1 -1 -1  0 -1 -1 -3 -3 -1 -2 -3 -1  4  1 -3 -2 -2   16   0   0   8   0   0   0   0   0   0   0   0   0   0   0  76   0   0   0   0  0.49 0.07
   56 K   -2  5 -1 -2 -3  0 -1 -3  3 -2  0  2 -1 -2 -2 -1 -2 -3 -1 -2    0  62   0   0   0   0   0   0  13   0  15  10   0   0   0   0   0   0   0   0  0.54 0.07
   57 I   -2 -3 -4 -4 -2 -3 -3 -4 -3  3  2 -3  0  2 -4 -3 -2  7  1  1    0   0   0   0   0   0   0   0   0  37  21   0   0  14   0   0   0  28   0   0  0.70 0.07
   58 G    0 -3 -1 -2 -3 -2 -3  6 -3 -4 -4 -2 -3 -4 -3 -1 -2 -3 -4 -4    0   0   0   0   0   0   0 100   0   0   0   0   0   0   0   0   0   0   0   0  1.30 0.10
   59 F   -2 -3 -4 -4 -2 -3 -3 -4 -2  1  3 -3  1  5 -3 -3 -2 -1  1  1    0   0   0   0   0   0   0   0   0   0  42   0   0  46   0   0   0   0   0  13  0.50 0.06
   60 K   -1  4 -1 -1 -4  1  0 -2 -1 -3 -3  5 -2 -3 -2 -1 -1 -3 -2 -3    0  28   0   0   0   0   0   0   0   0   0  72   0   0   0   0   0   0   0   0  0.71 0.09
   61 G    1 -3 -1 -2 -3 -2 -2  6 -2 -4 -4 -2 -3 -3 -2  0 -2 -3 -3 -3   14   0   0   0   0   0   0  86   0   0   0   0   0   0   0   0   0   0   0   0  1.04 0.08
   62 Q    1 -1  0 -1 -1  1  1 -1 -1 -1 -2  0 -1 -2 -1  3  0 -3 -2  1   14   0   0   0   0  10  10   0   0   0   0   0   0   0   0  48   0   0   0  18  0.26 0.05
   63 E   -1  0 -1  1 -3  1  5 -2 -1 -3 -3  2 -2 -3 -1  0  2 -3 -2 -2    0   0   0   0   0   0  64   0   0   0   0  14   0   0   0   0  21   0   0   0  0.58 0.08
   64 D    0 -1  0  5 -3  3  1 -2 -1 -3 -3  1 -2 -4 -2  0 -1 -4 -3 -3    7   0   0  59   0  21   0   0   0   0   0  13   0   0   0   0   0   0   0   0  0.64 0.07
   65 L   -2 -3 -3 -4 -2 -2 -3 -4 -3  4  3 -3  3  0 -3 -3 -1 -2 -2  2    0   0   0   0   0   0   0   0   0  49  36   0  14   0   0   0   0   0   0   0  0.45 0.06
   66 G   -1 -2  3 -1 -3 -2 -2  4 -1 -3 -3 -2 -2  2 -2  0  1 -2 -1 -2    0   0  23   0   0   0   0  51   0   0   0   0   0  14   0   0  11   0   0   0  0.50 0.06
   67 N   -1 -2  3  5 -3 -1  0  3 -1 -4 -4 -1 -3 -4 -2  0 -1 -4 -3 -4    0   0  17  55   0   0   0  29   0   0   0   0   0   0   0   0   0   0   0   0  0.72 0.07
   68 G   -1 -1  4  0 -3  1  1  4 -1 -4 -4 -1 -2 -3 -2  0 -1 -3 -3 -3    0   0  34   0   0  10  11  45   0   0   0   0   0   0   0   0   0   0   0   0  0.58 0.06
   69 M   -2 -2  1 -2 -2 -2 -2 -3 -1  1  3 -2  2  2 -3 -2 -1 -1  1  1    0   0  15   0   0   0   0   0   0   0  42   0  10  13   0   0   0   0   6  14  0.22 0.04
   70 K   -1  1  2 -1 -3  3  0 -2 -1 -3 -3  3 -1 -3 -1  1  2 -3 -2 -2    0   0  14   0   0  20   0   0   0   0   0  38   0   0   0  11  17   0   0   0  0.36 0.05
   71 A    2 -2 -2 -2 -1 -2 -2  2 -2  1  1 -2  0 -2 -2  0 -1 -3 -2  1   36   0   0   0   0   0   0  21   0  15  13   0   0   0   0   0   0   0   0  14  0.20 0.04
   72 I   -2 -3 -3 -4 -2 -3 -3 -4 -2  3  1 -3  1  3 -3 -3 -1 -1  2  2    0   0   0   0   0   0   0   0   0  49   8   0   0  24   0   0   0   0  11   7  0.40 0.05
   73 W   -2 -3 -2 -3 -3 -2 -3  2 -1 -1  0 -3  2  5 -3 -2 -2  5  3 -1    0   0   0   0   0   0   0  21   0   0   0   0  14  42   0   0   0  10  13   0  0.51 0.06
   74 Q   -1  0 -1 -1 -3  5  1 -2  2 -2 -2  2 -1 -3 -2 -1  0 -3 -2 -1    0   0   0   0   0  66   0   0   8   0   0  13   0   0   0   0   6   0   0   7  0.56 0.09
   75 L   -2 -3 -4 -4 -2 -2 -3 -4 -3  2  3 -3  3  0 -3 -3 -2  7  0  0    0   0   0   0   0   0   0   0   0  14  51   0  13   0   0   0   0  21   0   0  0.62 0.06
   76 E   -1 -1 -1  1 -4  1  6 -3 -1 -4 -3  0 -3 -4 -2 -1 -1 -3 -3 -3    0   0   0   0   0   0 100   0   0   0   0   0   0   0   0   0   0   0   0   0  1.03 0.11
   77 Q    1 -1  4  0 -2  1 -1  2  0 -3 -3 -1 -2 -2 -2  2  0 -2  1 -2   11   0  33   0   0  10   0  15   0   0   0   0   0   0   0  21   0   0  10   0  0.31 0.05
   78 K    0 -1  1 -1 -3 -1  1  4 -1 -3 -3  0 -2 -3 -2  0 -1  3 -2 -3    8   0  11   0   0   0  10  47   0   0   0  10   0   0   0   7   0   6   0   0  0.46 0.04
   79 A    1 -2 -3 -3 -2 -2 -3 -2  0 -1 -1 -2 -1  5 -3 -1 -2  1  5 -1   23   0   0   0   0   0   0   0   0   0   0   0   0  45   0   0   0   0  33   0  0.60 0.07
   80 S    1 -1  4  1 -2 -1 -1  2 -1 -3 -3 -1 -2 -3 -2  1  1 -3 -2 -2   21   0  34   7   0   0   0  14   0   0   0   0   0   0   0  10  13   0   0   0  0.34 0.04
   81 I   -1 -1  1  0 -2  0  3 -2 -1  2 -1 -1 -1 -2 -2  0  1 -3 -2  1    0   0  13   0   0   0  36   0   0  22   0   0   0   0   0   0  15   0   0  14  0.20 0.05
   82 A    1 -1  0  2 -2  0  1  1 -1 -1  0 -1  2 -2  1  1  0 -3 -2 -1   10   0   0  14   0   0  13  13   0   0   7   0  15   0   7  21   0   0   0   0  0.16 0.03
   83 G   -1 -1  3 -1 -3  2 -1  4 -1 -4 -4 -1 -2 -4 -2  0 -1 -3 -3 -3    0   0  27   0   0  21   0  52   0   0   0   0   0   0   0   0   0   0   0   0  0.63 0.07
   84 T   -1 -1  0  2 -3  1  1  3 -1 -3 -3  1 -2  0 -2  1  1 -2 -1 -2    0   0   0  12   0   9  11  27   0   0   0  11   0   9   0  11  11   0   0   0  0.24 0.04
   85 N    1  1  3  2 -2  0  0  1 -1 -3 -3  0 -2 -3 -2  2  0 -3 -2 -2   11   9  27  12   0   0   0  11   0   0   0   0   0   0   0  29   0   0   0   0  0.35 0.06
   86 S    0  0  0 -1 -2 -1 -1  3 -1 -3 -3  2 -2  1 -2  3  0 -3 -1 -2    0   0   0   0   0   0   0  25   0   0   0  23   0   9   0  43   0   0   0   0  0.33 0.08
   87 G   -1  1  1  1 -2  0  0  1 -1 -2  0  1 -1 -2 -2  1  2 -3 -2 -1    0   9   9  11   0   0   0  11   0   0  12  10   0   0   0  17  22   0   0   0  0.16 0.04
   88 W   -2 -2  1  1 -2 -2 -2 -3 -2  2  2 -2  2  2 -3 -2 -1  5  0  0    0   0  11  10   0   0   0   0   0  17  31   0   9  12   0   0   0  11   0   0  0.25 0.05
   89 G   -1 -1 -2 -2 -3 -1 -2  2 -2 -3 -2  2 -2  2 -3  0 -1  7  0 -3    0   0   0   0   0   0   0  22   0   0   0  21   0  18   0  12   0  27   0   0  0.60 0.09
   90 N    2 -2  3  1 -2 -1 -1  2 -1 -2 -3 -1 -2 -3 -2  0  2 -3 -2 -2   24   0  28   9   0   0   0  19   0   0   0   0   0   0   0   0  21   0   0   0  0.34 0.06
   91 R   -2  7 -1 -2 -4  0 -1 -3 -1 -4 -3  1 -2 -4 -3 -1 -2 -3 -2 -3    0 100   0   0   0   0   0   0   0   0   0   0   0   0   0   0   0   0   0   0  1.20 0.17
   92 Q   -2 -1  2  1 -3  4  0 -2 -1 -1  1  0  0  1 -2 -1 -1  4 -1 -2    0   0  12  11   0  39   0   0   0   0  21   0   0   9   0   0   0   8   0   0  0.30 0.08
   93 S    3 -2 -1 -2 -1 -1 -1  1 -2 -2 -2 -1 -1 -3 -1  2  2 -3 -2 -1   55   0   0   0   0   0   0  11   0   0   0   0   0   0   0  11  24   0   0   0  0.39 0.08
   94 F   -2 -3 -3 -3 -3 -3 -3 -3 -1 -1 -1 -3 -1  6 -3 -2  1  0  4 -1    0   0   0   0   0   0   0   0   0   0   0   0   0  61   0   0  17   0  23   0  0.76 0.12
   95 I    1 -2 -3 -3 -1 -2 -2 -2 -3  2  2 -2  2 -1 -2 -1 -1 -3 -2  2   21   0   0   0   0   0   0   0   0  19  24   0  11   0   0   0   0   0   0  26  0.26 0.05
   96 G    0 -3 -1 -2 -3 -2 -3  6 -3 -4 -4 -2 -3 -4 -3 -1 -2 -3 -4 -4    0   0   0   0   0   0   0 100   0   0   0   0   0   0   0   0   0   0   0   0  1.37 0.14
   97 L   -2 -3 -4 -4 -2 -3 -3 -4 -3  2  4 -3  1  0 -3 -3 -1 -2 -2  2    0   0   0   0   0   0   0   0   0  17  71   0   0   0   0   0   0   0   0  12  0.52 0.08
   98 K    0  2  2  0 -2  2  2 -1 -1 -3 -3  2 -2 -3 -1  2  0 -3 -2 -2    0  11  11   0   0  11  12   0   0   0   0  21   0   0   0  34   0   0   0   0  0.36 0.06
   99 G    0 -2  3 -1 -2 -1 -1  4 -1 -4 -4 -1 -3 -3 -2  2  0 -3 -3 -3    0   0  25   0   0   0   0  43   0   0   0   0   0   0   0  32   0   0   0   0  0.59 0.09
  100 G   -1 -1  3  4 -3  0  1  1 -1 -3 -3 -1 -3 -3 -2  1  1 -4 -3 -3    0   0  20  38   0   0   9  11   0   0   0   0   0   0   0  12  11   0   0   0  0.48 0.07
  101 F    0 -2 -3 -4 -2 -2 -3 -3  0 -1  0 -2 -1  3 -3 -2 -2  5  6 -1   12   0   0   0   0   0   0   0   0   0  11   0   0  11   0   0   0  11  55   0  0.75 0.11
  102 G    0 -3 -1 -2 -3 -2 -3  6 -3 -4 -4 -2 -3 -4 -3 -1 -2 -3 -4 -4    0   0   0   0   0   0   0 100   0   0   0   0   0   0   0   0   0   0   0   0  1.37 0.14
  103 T    1 -1  0 -1 -1 -1 -1 -2 -2 -2 -2  1 -1 -3 -1  2  4 -3 -2 -1    9   0   0   0   0   0   0   0   0   0   0  11   0   0   0  21  59   0   0   0  0.46 0.10
  104 V   -1 -3 -4 -4 -1 -3 -3 -4 -3  3  2 -3  1 -1 -3 -2 -1 -3 -2  3    0   0   0   0   0   0   0   0   0  33  27   0   0   0   0   0   0   0   0  40  0.44 0.07
  105 R   -1  2 -1  2 -2 -1 -1 -3 -2 -1  1  0  0 -2 -2  0  2 -3 -2 -1    0  22   0  21   0   0   0   0   0   0  29   0   0   0   0   0  28   0   0   0  0.22 0.07
  106 A    0 -3 -3 -4 -2 -2 -3 -3 -1  1  2 -3  1  3 -3 -2 -2  0  4  0   11   0   0   0   0   0   0   0   0  12  34   0   0  22   0   0   0   0  21   0  0.35 0.06
  107 G    0 -3 -1 -2 -3 -2 -3  6 -3 -4 -4 -2 -3 -4 -3 -1 -2 -3 -4 -4    0   0   0   0   0   0   0 100   0   0   0   0   0   0   0   0   0   0   0   0  1.37 0.14
  108 N   -2  6  2 -2 -4  0 -1 -3 -1 -4 -3  1 -2 -4 -3 -1 -2 -3 -2 -3    0  89  11   0   0   0   0   0   0   0   0   0   0   0   0   0   0   0   0   0  1.00 0.15
  109 L   -2  0  4  0 -3  3  2 -2  0 -2  0  0  2 -2 -2 -1 -1 -3 -2 -2    0   0  33   0   0  28  17   0   0   0  11   0  11   0   0   0   0   0   0   0  0.36 0.09
  110 N   -2 -2  1  1 -3 -2 -2 -3  0 -1  2 -2  0  1 -3 -2 -2  0  6 -1    0   0  11  12   0   0   0   0   0   0  28   0   0   0   0   0   0   0  49   0  0.46 0.10
  111 T    1 -2  0  3 -2 -1  0  2 -2 -2 -3 -1 -2 -3 -2  0  3 -3 -3 -2   17   0   0  28   0   0   0  21   0   0   0   0   0   0   0   0  35   0   0   0  0.38 0.07
  112 V    0 -3 -3 -3 -1 -2 -2 -3 -3  2  0 -2  0 -1  2  0  0 -3 -2  3    9   0   0   0   0   0   0   0   0  17   0   0   0   0  11   9   0   0   0  54  0.32 0.07
  113 L    2 -2 -2 -3 -1 -2 -2 -2 -2  0  3 -2  2 -1 -2  0  2 -2 -2  0   26   0   0   0   0   0   0   0   0   0  42   0  12   0   0   0  19   0   0   0  0.24 0.07
  114 K   -2  0  3 -1 -3  1 -1 -2  0 -2 -2  2 -1  0 -2 -1 -1 -1  4 -1    0   0  27   0   0   9   0   0   0   0   0  23   0   0   0   0   0   0  32   9  0.35 0.09
  115 D   -1 -2  0  5 -3 -1  2  2 -2 -3 -4 -1 -3 -4 -2  0  1 -4 -3 -3    0   0   0  60   0   0  11  17   0   0   0   0   0   0   0   0  12   0   0   0  0.67 0.10
  116 S   -1 -2 -2 -3 -2 -2 -2 -3 -2  3  1 -2  0  1 -3  1  0 -2  2  2    0   0   0   0   0   0   0   0   0  32  11   0   0   9   0  23   0   0   9  17  0.19 0.05
  117 G    0 -2 -2 -3 -2 -2 -2  2 -3  0  0  0 -1 -1 -2 -1 -1  6 -1  2   11   0   0   0   0   0   0  21   0   0   9  12   0   0   0   0   0  17   0  31  0.29 0.06
  118 D    2 -2  0  4 -2 -1  1  1 -2 -3 -3 -1 -2 -3 -2  1 -1 -4 -3 -2   29   0   0  39   0   0  11  12   0   0   0   0   0   0   0   9   0   0   0   0  0.42 0.07
  119 N   -2 -2  1 -2 -3 -2 -2 -2 -1 -2 -2 -2 -2  3  3  0 -1  8  3 -2    0   0  11   0   0   0   0   0   0   0   0   0   0  17  18  12   0  32  11   0  0.84 0.10
  120 V   -1 -2 -1  2 -2 -2 -1 -3 -2  0  1 -2  0 -1  2 -1  2 -2  2  1    0   0   0  17   0   0   0   0   0   0  18   0   0   0  11   0  21   0  11  23  0.18 0.05
  121 N   -1 -1  2  3 -2  0  1  1  0 -2 -2 -1 -2 -1 -1  1  0 -1  2 -2    1   1  12  22   0   1  13  12   0   1   1   1   0   1   1  19   1   0  12   1  0.24 0.04
  122 A    2 -1 -1 -1 -1 -1 -1  1 -2 -1 -1 -1  1 -2  2  1  0 -2 -2  0   33   1   1   1   0   1   1  10   0   1   1   1  11   1  11  13   1   0   1  11  0.19 0.04
  123 W   -1 -2  1  1 -2 -1 -1 -2 -1 -1  1 -1  0  2 -2 -1  1  5  0 -1    1   1  12  11   0   1   1   1   0   1  22   1   0  13   1   1  19  11   1   1  0.17 0.04
  124 E    1 -2 -2 -1 -2 -1  1  1 -2 -3 -3 -1 -2 -4  6  1 -1 -4 -3 -2   21   0   0   0   0   0  11   9   0   0   0   0   0   0  49  11   0   0   0   0  0.89 0.09
  125 S    0 -2 -1 -2 -2 -1  0  3 -2 -1  0 -2 -1  3 -2  0 -1 -1  0 -1   11   0   0   0   0   0  11  29   0   0  12   0   0  26   0  11   0   0   0   0  0.22 0.05
  126 G   -1 -2 -1  1 -3 -2 -2  4 -2 -2  0 -2 -1  1 -3 -1  1 -2 -1 -2    0   0   0   9   0   0   0  57   0   0  11   0   0  11   0   0  12   0   0   0  0.47 0.07
  127 S    0 -1  2 -1 -2  2 -1  4 -1 -3 -3 -1 -2 -3 -2  1  2 -3 -3 -2    0   0  12   0   0  17   0  43   0   0   0   0   0   0   0  11  18   0   0   0  0.46 0.07
  128 N    1  1  3  1 -2 -1 -1  1 -1  0 -2  0 -1 -1 -2  1  0 -2  1 -1   12  11  22  10   0   0   0   9   0  11   0   0   0   0   0  17   0   0   9   0  0.15 0.04
  129 T    1 -2 -1 -2 -1 -1 -1  1 -2 -1 -1 -1 -1  2 -1  1  2 -1  0  0   13   1   0   1   0   0   1  11   0   1   1   1   0  18   1  17  21   0   0  12  0.13 0.04
  130 E    1 -2 -2 -2 -2 -1  1 -2 -1 -2 -1 -1 -1  2 -2 -1  1  7  3 -1   18   1   0   1   0   0  12   1   0   1   1   1   0  12   1   1  11  27  13   1  0.52 0.07
  131 D   -1 -1  2  4 -3 -1  0 -2  4 -3 -3 -1 -2 -2 -2  1  1 -2  2 -3    0   0  12  33   0   0   0   0  18   0   0   0   0   0   0  17  10   0  11   0  0.41 0.07
  132 V   -1  1 -1 -2 -2  1 -1 -2 -2 -1 -2 -1 -1 -2  4  1  1  5 -1  0    0  12   0   0   0  10   0   0   0   0   0   0   0   0  28  11  17  11   0  11  0.49 0.07
  133 L    1 -2 -2 -3 -2 -2 -2  2 -1  0  1 -2  2  1 -2 -1  0 -1  2 -1   17   0   0   0   0   0   0  22   0   0  20   0  12   9   0   0  10   0  11   0  0.16 0.05
  134 G   -1 -2  2  3 -2 -1  0  2 -2  0 -2 -1 -2 -3 -2  1  1 -3 -3 -1    0   0   9  29   0   0   0  22   0  12   0   0   0   0   0  17  11   0   0   0  0.30 0.06
  135 L    0  1  0 -2 -1 -1 -2 -2 -2  1  3 -1  1 -1 -2 -1 -1 -2 -1  1   13  12   9   1   0   0   1   1   0   1  48   1   0   0   1   1   1   0   0  11  0.14 0.04
  136 G   -1 -2  1  2 -2 -1 -1  2 -2 -1 -2 -1 -1  1 -2  1  1 -3 -1  0    0   0   9  20   0   0   0  23   0   0   0   0   0  10   0  11  11   0   0  17  0.18 0.04
  137 T   -1  2  2  1 -2  2  0 -2 -1 -1 -1  0  1 -2 -2  0  2 -3 -2  0    0  17  19  11   0  12   0   0   0   0   0   0  10   0   0   0  20   0   0  11  0.20 0.06
  138 I    0 -2  2 -1 -2 -1 -1  2 -1  0  0 -1 -1  1 -2  0  1 -2 -1  0   12   1  20   1   0   1   1  17   0  11  10   1   0  11   1   1  11   0   0   1  0.09 0.03
  139 G   -1  2  1  1 -3 -1 -1  4 -1 -3 -2  0 -2  1 -2 -1 -1 -2 -1 -2    1  17   9  11   0   1   1  42   0   1   1   1   0  11   1   1   1   0   0   1  0.33 0.05
  140 R   -1  2  2  1 -3  0  0  1  4 -2 -2  0  1 -2 -2 -1 -1 -2 -1 -2    1  21  17  10   0   1   1  11  20   1   1   1  11   0   1   1   1   0   0   1  0.25 0.05
  141 V    0 -1 -1 -2 -1 -1 -1 -2 -1  0 -1 -1 -1  0 -1  1  1  6  2  1    2   1   1   1   0   1   1   2   0   1   2   1   0   1   1  21  12  17  12  21  0.27 0.04
  142 E    0 -1  2  3 -2  0  1  1 -1  0 -2 -1 -1 -2 -2  0 -1 -3 -2  0   10   1  17  24   0   0  11  12   0  11   1   1   0   0   1   1   1   0   0   9  0.18 0.03
  143 S   -1  5 -1 -2 -3  0 -1 -2 -1 -2 -2  2 -1 -3 -2  1  1 -3 -2  0    0  54   0   0   0   0   0   0   0   0   0  17   0   0   0  11  10   0   0   9  0.48 0.09
  144 R   -1  2  1 -1 -2  0 -1 -2 -1  0 -1  2  1 -2 -2  0  3 -3 -2 -1    0  11   9   0   0   0   0   0   0  11   0  24   9   0   0   0  37   0   0   0  0.24 0.07
  145 E    1 -1  3  0 -2  0  1  2 -1 -3 -3 -1 -2 -3 -2  2  1 -3 -2 -2   12   0  19   0   0   0  11  21   0   0   0   0   0   0   0  25  11   0   0   0  0.33 0.05
  146 I   -1 -1  4  3 -2 -1  0  1 -1  0 -2 -1 -1 -2 -2  0 -1 -3 -2  0    1   0  36  24   0   0   1  12   0  11   1   1   0   0   0   1   1   0   0  10  0.30 0.06
  147 S    1 -2  2 -1 -1 -1 -1  1 -1  0 -1 -1 -1 -2 -2  2  1 -3 -2  0   10   0  17   0   0   0   0  12   0  11   0   0   0   0   0  30   9   0   0  11  0.18 0.05
  148 V    1 -3 -3 -3 -1 -2 -2 -2 -3  3  0 -2  0 -1 -2 -1  1 -3 -2  3   22   0   0   0   0   0   0   0   0  31   0   0   0   0   0   0  10   0   0  37  0.29 0.07
  149 R   -1  3 -1 -1 -2  0  0 -2 -1 -2 -2  3 -2 -2 -2  1  2 -2  1 -2    0  22   0   0   0   0   0   0   0   0   0  28   0   0   0  17  23   0  10   0  0.32 0.07
  150 Y   -2  1 -3 -4 -3 -2 -3 -4  1 -2 -1 -2 -1  4 -4 -2 -2  1  7 -2    0  10   0   0   0   0   0   0   0   0   0   0   0  18   0   0   0   0  73   0  1.01 0.14
  151 D   -2  2  1  3 -3  2  0 -2  0 -2 -2  0  1 -1 -2 -1  0 -2  2 -2    0  21  10  22   0  17   0   0   0   0   0   0   9   0   0   0   9   0  12   0  0.27 0.06
  152 S    0 -1  3  0 -2 -1 -1 -1 -1 -3 -3 -1 -2 -3 -2  4  2 -3 -2 -2    0   0  21   0   0   0   0   0   0   0   0   0   0   0   0  69  11   0   0   0  0.56 0.11
  153 P    1 -2 -1  1 -2 -1 -1 -2 -2 -3 -3 -1 -2 -3  6  2  1 -4 -3 -2    9   0   0  10   0   0   0   0   0   0   0   0   0   0  49  21  11   0   0   0  0.92 0.09
  154 V    1 -1  2  1 -2 -1 -1 -1 -1 -1 -2  0 -1  1 -2  1  2 -3 -1  0   11   0  18  11   0   0   0   0   0   0   0   8   0  10   0   9  23   0   0  11  0.15 0.04
  155 F   -2 -3 -3 -4 -2 -3 -3 -4 -1  2  1 -3  0  5 -4 -3 -2  0  4  0    0   0   0   0   0   0   0   0   0  23   9   0   0  51   0   0   0   0  18   0  0.62 0.10
  156 A    3 -2 -1  2 -2 -1 -1  2 -1 -2 -3 -1 -2 -1 -2  0 -1 -2  3 -2   41   0   0  21   0   0   0  21   0   0   0   0   0   0   0   0   0   0  17   0  0.33 0.07
  157 G   -1 -3 -1 -2 -3 -2 -2  6  3 -4 -4 -2 -3 -3 -3 -1 -2 -3 -3 -4    0   0   0   0   0   0   0  89  11   0   0   0   0   0   0   0   0   0   0   0  1.16 0.13
  158 F   -2 -3 -4 -4 -2 -3 -3 -4 -3  1  4 -3  1  4 -4 -3 -2 -1  0  0    0   0   0   0   0   0   0   0   0   0  69   0   0  31   0   0   0   0   0   0  0.59 0.10
  159 S   -1  0  2  2 -2  1  0 -2 -1 -2 -2  2 -2 -3 -2  1  3 -3 -2 -2    0   0  10  17   0   9   0   0   0   0   0  20   0   0   0  11  34   0   0   0  0.33 0.07
  160 G   -2 -3 -3 -3 -3 -3 -3  2 -2  0  0 -3 -1  6 -3 -2 -2 -1  1  1    0   0   0   0   0   0   0  21   0   0   0   0   0  58   0   0   0   0   0  20  0.53 0.10
  161 S    1 -1  3  0 -2 -1  1  2  0 -3 -3 -1 -2 -1 -2  2  0 -2  2 -2   10   0  24   0   0   0  11  18   0   0   0   0   0   0   0  22   0   0  17   0  0.28 0.06
  162 V    1 -3 -2 -2 -2 -2 -3  4 -3  2  0 -2  0 -2 -3 -1 -1 -3 -2  1   10   0   0   0   0   0   0  46   0  22  11   0   0   0   0   0   0   0   0  11  0.36 0.06
  163 Q   -1  0 -1 -1 -2  4  0 -2 -1 -1  0  0 -1 -3 -2  1  2 -3 -2  0    0   0   0   0   0  48   0   0   0   0   9   0   0   0   0  11  21   0   0  11  0.35 0.09
  164 Y    0 -2 -3 -4 -3 -2 -3 -3  1 -2 -2 -2 -2  3 -3 -2 -2  1  7 -2   11   0   0   0   0   0   0   0   0   0   0   0   0   9   0   0   0   0  80   0  1.06 0.15
  165 V    1 -1 -1 -2 -2  2 -1  1 -2  0  0 -1  0 -2 -2  1  0 -3 -2  1   17   0   0   0   0  21   0  11   0   0  12   0   0   0   0  17   0   0   0  22  0.13 0.05
  166 P   -1 -2 -2 -2 -2 -2 -2  3 -2 -1  0 -2  2  3  2 -1 -2 -1  0 -1    1   1   0   1   0   0   1  33   0   1   9   1  12  26  11   1   1   0   0   1  0.30 0.06
  167 R    0  2  0  2 -2  0  0 -1 -1 -2 -2  2 -2 -3 -1  2  1 -3 -2 -2    1  11   0  13   0   0   1   1   0   1   1  21   0   0   1  35  12   0   0   1  0.28 0.05
  168 D   -2 -1  5  3 -3  0  0 -1  0 -3 -3  1 -2 -3 -2  0 -1 -3 -2 -3    1   1  55  24   0   0   1   1   0   1   1  12   0   0   1   1   1   0   0   1  0.61 0.09
  169 N    0 -1  4  2 -2 -1  0  1 -1 -3 -3 -1 -2 -3 -2  2  0 -3 -2 -2    9   1  41  10   0   0   1  12   0   1   1   1   0   0   1  21   1   0   0   1  0.39 0.06
  170 A    2  1  0 -1 -1  0 -1 -1 -1 -1 -1  0 -1 -2 -1  2  2 -2 -1 -1   24  11   1   1   0   1   1   2   0   1   2   1   1   1   1  22  26   0   1   1  0.21 0.04
  171 N   -1  0  3  2 -2  1  1 -1  0 -2 -2  0 -1 -2 -1  1  1 -2 -2 -2    2   1  31  10   0  10  12   2   0   1   2   1   1   1   1  10  11   0   1   1  0.28 0.04
  172 D   -1 -2  0  2 -2 -1 -1  1  3 -2 -1 -1 -1  3 -2 -1 -1  4  1 -2    2   1   1  22   0   1   1  13  12   1   2   1   1  27   1   2   1   8   1   1  0.24 0.04
  173 V    0 -1  2 -1 -2 -1  1 -1 -1  0 -1 -1 -1  3 -2 -1 -1 -1  0  1   11   1  18   1   0   1  12   2   0   1   2   1   0  23   1   1   1   0   1  22  0.09 0.03
  174 D    0 -1  1  1 -2 -1 -1  4 -1 -2 -2 -1 -2 -2 -1  0  1 -2 -2 -2    2   2  10  12   1   1   2  41   1   2   3   2   1   1   2   2  13   0   1   2  0.31 0.03
  175 K    1  0  4  0 -2  0  0  1  0 -2 -2  1 -1 -2 -1  0  0 -2 -1 -2   14   2  38   2   1   1   2  13   1   2   3  13   1   1   2   2   2   0   1   2  0.24 0.04
  176 Y    1 -1  1 -1 -1 -1 -1  1  0  0 -1 -1 -1  0 -1  0  1 -1  2  0   15   2  13   2   1   2   2  11   1   2   4   2   1   2   2   3  11   1  12  13  0.06 0.01
  177 K    2  0  0 -1 -1  0  0  1 -1 -1 -1  1 -1 -1  0  1  1 -1 -1 -1   25   2   2   2   1   2   2  14   1   2   4  13   1   2   2  11  11   1   1   3  0.12 0.01
  178 H    0  1  0 -1 -1  0  0  1  4 -1 -1  0 -1 -1 -1  0 -1 -1  0 -1   12  13   2   3   1   2   3  14  23   2   4   3   1   2   2   3   3   1   2   3  0.14 0.02
  179 T    0 -1 -1 -1 -1 -1 -1  1  0 -1 -1 -1 -1  0 -1  1  3  0  4 -1    2   1   1   1   0   1   2  10   1   1   2   1   1   1   1  12  33   0  25   2  0.22 0.05
  180 K    0  0  2  2 -2  2  2 -1  0 -2 -2  1 -1 -2 -1  0  1 -2 -2 -2   12   1  12  12   0   9  23   1   0   1   2  12   0   1   1   1   9   0   1   1  0.24 0.03
  181 S    2 -1 -1 -1 -1  0  1 -1 -1 -2 -2 -1 -1 -2  2  2  1  5 -1 -1   22   0   0   0   0   0  13   1   0   0   1   1   0   0   9  28  11  11   0   1  0.31 0.05
  182 S    1  1  1 -1 -2  1  0  1 -1 -1 -2  0 -1 -2 -1  2  0 -3 -2 -1   12  11  10   0   0   8   1   9   0   9   1   1   0   0   0  35   1   0   0   1  0.18 0.04
  183 R   -1  2  3  3 -3  0  0  2 -1 -3 -3  1 -2 -3 -2  0 -1 -3 -2 -3    1  20  19  24   0   0   1  19   0   0   1  11   0   0   0   1   1   0   0   1  0.36 0.05
  184 E   -1  3  0  1 -3  2  2 -2 -1 -2 -2  1 -1 -3 -2  1 -1 -3 -2  0    0  31   0  11   0  11  24   0   0   0   0   0   0   0   0  12   0   0   0  11  0.34 0.06
  185 S    2 -1  2 -1 -1 -1 -1  1 -1 -2 -2 -1 -2 -3 -1  2  3 -3 -2 -1   19   0  11   0   0   0   0  11   0   0   0   0   0   0   0  23  36   0   0   0  0.34 0.07
  186 Y    0 -2 -2 -3 -2  1 -2 -3  0 -1  1 -2  0  4 -3 -2 -2  0  5 -1   12   0   0   0   0  13   0   0   0   0  12   0   0  33   0   0   0   0  30   0  0.43 0.09
  187 H    0 -2  0 -1 -2 -1 -1  3  4 -3 -3 -1 -2 -1 -2  2 -1 -2  2 -3    0   0   0   0   0   0   0  34  22   0   0   0   0   0   0  31   0   0  13   0  0.46 0.09
  188 A    3 -2 -3 -3 -1 -2 -2 -2 -2  1  2 -2  0  1 -2 -1 -1 -2 -1  2   42   0   0   0   0   0   0   0   0   0  24   0   0  11   0   0   0   0   0  23  0.22 0.07
  189 G    0 -2 -1 -1 -2  1 -1  4 -2 -2  0 -1 -1 -3 -2  2 -1 -3 -3 -2    0   0   0   0   0  12   0  53   0   0  13   0   0   0   0  22   0   0   0   0  0.48 0.08
  190 L    2 -1 -1 -2 -1 -1 -1 -1 -2  0  1 -1  0 -1 -1  2  1 -2 -1  1   22   1   1   1   0   0   1   1   0   1  24   1   0   0   1  25  11   0   0  10  0.14 0.04
  191 K    0 -1  2 -1 -1  0 -1 -1 -1 -1 -2  1 -1 -2 -1  2  2 -3 -2  0    1   1  12   1   0   0   1   1   0   1   1  12   0   0   1  31  24   0   0  13  0.21 0.05
  192 Y   -2 -3 -3 -4 -3 -2 -3 -4  1 -1 -1 -3 -1  2 -4 -2 -2  1  8  1    0   0   0   0   0   0   0   0   0   0   0   0   0   0   0   0   0   0  87  13  1.16 0.17
  193 E    1 -1 -1  0 -2  2  4 -2 -1 -1 -2  0 -1 -3 -2  0  1 -3 -2  0   22   0   0   0   0   9  44   0   0   0   0   0   0   0   0   0  12   0   0  12  0.33 0.08
  194 N    0 -2  3 -1 -2 -1 -1  2 -1 -2 -2 -1 -2  1 -2  0  1 -2  2 -2   12   0  32   0   0   0   0  24   0   0   0   0   0   9   0   0  12   0  11   0  0.29 0.07
  195 A    1 -1  2  2 -2  1  1  2 -1 -3 -3  0 -2 -3 -2  1 -1 -3 -2 -2   22   0  11  13   0   9  11  21   0   0   0   0   0   0   0  12   0   0   0   0  0.30 0.05
  196 G    0 -1 -1 -2 -3 -1 -1  4 -2 -2 -1  1 -2 -3  4  1 -1 -3 -3 -2    0   0   0   0   0   0   0  42   0   0  12  13   0   0  21  11   0   0   0   0  0.49 0.07
  197 F   -2 -2  3 -2 -2 -2 -2 -3 -1  0  1 -2  0  5 -3 -2 -1 -1  1  1    0   0  24   0   0   0   0   0   0   0   9   0   0  43   0   0   0   0   0  23  0.35 0.09
  198 F    1  0 -1 -2 -2  1 -1  1 -1 -1  0  1 -1  3 -2  1 -1 -1  0 -1   12   0   0   0   0  12   0  11   0   0  13  19   0  22   0  11   0   0   0   0  0.11 0.05
  199 G    1 -2 -2 -2 -1 -2 -2  1 -2  2  0 -2  0 -1 -2  1  0 -2 -2  3   10   1   1   1   0   0   1  12   0  13   1   1   0   0   1  14   1   0   0  44  0.16 0.05
  200 Q    1  2 -1 -1 -2  1 -1  4 -1 -3 -3  1 -2 -3 -2  0 -1 -2 -2 -2   10  13   1   1   0  11   1  44   0   1   1  13   0   0   1   1   1   0   0   1  0.40 0.05
  201 Y    3 -1  1 -1 -1 -1 -1  2 -1 -2 -2 -1 -1 -1 -1  0 -1 -2  2 -1   54   1  13   1   0   0   1  13   0   1   1   1   0   0   1   1   1   0  11   1  0.27 0.07
  202 A    3  1 -1 -2 -1 -1 -1  1 -2 -1  0  1 -1 -2 -2  0  1 -3 -2 -1   43  13   0   0   0   0   0   9   0   0  12  11   0   0   0   0  11   0   0   0  0.19 0.06
  203 G   -2 -2 -3 -4 -3 -2 -3  0  1 -2 -2 -3 -2  2 -4 -2 -2  1  8 -2    0   0   0   0   0   0   0  11   0   0   0   0   0   0   0   0   0   0  89   0  1.19 0.18
  204 S    1 -2 -1  3 -2 -1 -1 -1 -1 -1  0 -1  2 -1 -2  1  0 -2  2 -1   22   0   0  24   0   0   0   0   0   0   9   0  12   0   0  20   0   0  13   0  0.18 0.06
  205 F   -1  2 -1 -1 -3  2  1 -2  0 -2  0  1 -1  2 -2  0 -1 -1  2 -2    0  12   0   0   0  19  12   0   0   0  13  11   0  11   0  11   0   0  11   0  0.18 0.05
  206 A    3 -1 -1 -2 -1 -1 -1 -1 -2  0 -1  1  2 -2 -1  2  0 -3 -2  0   45   0   0   0   0   0   0   0   0   9   0  11  12   0   0  22   0   0   0   0  0.23 0.07
  207 K   -1  2  4  3 -2  0  0 -1 -1 -2 -3  1 -2 -3 -1  0  1 -3 -2 -2    1  13  31  23   0   1   1   1   0   1   1  12   0   0   1   1  12   0   0   1  0.35 0.05
  208 Y   -1  2  3  0 -2  0  0  1  0 -2 -2  1 -1 -1 -1  0 -1 -1  2 -2    3  13  23   2   1   2   2  12   1   2   3  13   1   1   2   3   2   0  12   2  0.15 0.02
  209 A    2 -1  0  1 -1 -1  0  2 -1 -2 -2 -1 -1 -2 -1  2  1 -2 -2 -1   22   1   1  13   0   1   1  14   1   1   2   1   1   1   1  23  13   0   1   1  0.20 0.03
  210 D    1 -1  1  1 -1 -1 -1  2 -1 -1  0 -1 -1 -2 -1  0  1 -2 -2 -1   15   1  10  12   0   1   1  23   1   1  13   1   1   1   1   2  13   0   1   1  0.13 0.02
  211 L    3 -1 -1 -1 -1 -1 -1 -1 -1 -1  0 -1  0  0 -1  1  0 -1  2  0   46   1   1   1   0   1   1   2   1   1  13   1   1   1   1  11   1   0  13   1  0.16 0.04
  212 N   -1  1  4  0 -2  2  0  1  0 -3 -3  0 -2 -3 -2  0  1 -3 -2 -2    1  11  45   1   0  12   1  12   0   1   1   1   0   0   1   1  10   0   0   1  0.38 0.07
  213 T   -1  0  0 -1 -2  0 -1 -2 -2 -1 -2  2 -1 -2 -1  1  4 -2 -2 -1    1   1   1   1   0   1   1   1   0   1   1  23   0   0   1   1  66   0   0   1  0.44 0.10
  214 D   -2 -2  2  4 -3 -1  0 -2 -2  0 -2 -1 -2 -2 -2  0  2  5 -2 -1    0   0  11  45   0   0   0   0   0  13   0   0   0   0   0   0  19  12   0   0  0.48 0.09
  215 A    1 -2 -1 -2 -2 -1 -2  4 -2 -2 -2 -1 -2 -3  2  2 -1 -3 -3  0   11   0   0   0   0   0   0  42   0   0   0   0   0   0  12  23   0   0   0  11  0.45 0.07
  216 E    2 -1  0  1 -2  1  1  2 -1 -3 -3 -1 -2 -3 -1  1  1 -3 -2 -2   22   0   0  11   0  11  11  22   0   0   0   0   0   0   0  12  11   0   0   0  0.28 0.04
  217 R    1  1  3 -1 -2 -1 -1 -2 -1  0 -1 -1 -1  1 -2  0  1 -2 -1  1   21  11  24   0   0   0   0   0   0   0   0   0   0  11   0   0   9   0   0  23  0.13 0.06
  218 V    1 -2  0  2 -2 -1 -1  2 -2 -1 -2 -1 -1 -3 -2  1  1 -3 -2  1   11   0   0  22   0   0   0  24   0   0   0   0   0   0   0  12  11   0   0  20  0.22 0.05
  219 A    2 -1 -1  1 -2 -1 -1 -1 -1 -2 -2  2 -1  1  2  0 -1 -1  2 -1   36   0   0   9   0   0   0   0   0   0   0  24   0  11   9   0   0   0  11   0  0.21 0.06
  220 V   -1 -2 -2  1 -2 -2 -2  2 -2  0  2 -2  0  0 -3 -2 -1 -1  2  1    0   0   0  12   0   0   0  22   0   0  43   0   0   0   0   0   0   0  13  11  0.18 0.06
  221 N   -1  1  2  3 -2  0  0  1 -1 -3 -3  1 -2 -3 -2  1  2 -3 -2 -2    0  13  11  24   0   0   0   9   0   0   0  11   0   0   0  12  21   0   0   0  0.30 0.05
  222 T   -1 -1  2  3 -3  0  1  2 -1 -3 -3  1 -2 -3 -2  1  1 -3 -3 -3    0   0  12  24   0   0   9  22   0   0   0  11   0   0   0  11  11   0   0   0  0.35 0.05
  223 A    2 -1 -2 -2 -1 -1 -2 -2 -2  0 -1  0 -1  3 -2  1 -1 -2  0  2   34   0   0   0   0   0   0   0   0   0   0  11   0  21   0   9   0   0   0  25  0.16 0.06
  224 N   -1 -2  3  1 -3 -1 -1  2 -1 -2 -2 -1 -2  3 -2  0  2 -2  0 -2    0   0  20  11   0   0   0  25   0   0   0   0   0  23   0   0  21   0   0   0  0.28 0.07
  225 A    3 -1  3 -1 -2  2 -1  1 -1 -3 -3 -1 -2 -3 -2  1  0 -3 -2 -2   43   0  23   0   0  13   0   9   0   0   0   0   0   0   0  12   0   0   0   0  0.33 0.07
  226 H    0 -2  1 -2 -2 -1 -2 -2  3  0 -1 -2 -1  0 -2  1  1  5  4 -1   11   0   9   0   0   0   0   0  11  13   0   0   0   0   0  12   9  11  24   0  0.29 0.06
  227 P    0 -1  1 -1 -2 -1 -1  1 -2  0 -1  1 -1 -2  2  2  1 -3 -2  0    0   0   9   0   0   0   0   9   0  11   0  13   0   0  11  23  11   0   0  12  0.16 0.04
  228 V    0  1 -1 -2 -2 -1 -2  1 -2  0 -1 -1  2 -2 -2  0  3 -3 -2  1    9  12   0   0   0   0   0  11   0   0   0   0  13   0   0   0  33   0   0  22  0.17 0.06
  229 K    2 -1 -1 -1 -2  0  1  4 -2 -3 -3  2 -2 -3 -2  0 -1 -3 -3 -2   21   0   0   0   0   0  12  45   0   0   0  21   0   0   0   0   0   0   0   0  0.46 0.07
  230 D    0 -1  2  1 -2  1  0  2  0 -3 -2 -1 -2 -1 -2  1  0 -1  2 -2    1   1  11  11   0  13   1  22   0   1   1   1   0   0   1  22   1   0  13   1  0.24 0.04
  231 Y    0 -3 -2  1 -3 -3 -2 -3 -1  1  0 -3 -1  6 -3 -2 -2  0  3 -1   11   0   0  11   0   0   0   0   0   9   0   0   0  58   0   0   0   0  11   0  0.51 0.10
  232 Q    1  0  2  0 -2  3  3 -1  0 -3 -2  2 -1 -3 -1  0 -1 -2 -2 -2   13   1  12   1   0  30  23   1   0   1   1  13   0   0   1   1   1   0   0   1  0.35 0.06
  233 V    0 -2 -1 -2 -1 -1 -2  3 -2  0  1 -1  0 -1 -2 -1 -1 -2 -1  1    2   1   1   1   0   1   2  34   1   1  23   1   1   1   1   2   1   0   1  23  0.18 0.03
  234 H    1  1 -1 -1 -1  0 -1  1  2 -1 -1  0 -1 -1 -1  0 -1  5  0  0   15  11   2   2   1   2   2  12  12   2   3   2   1   1   2   3   2  11   1  14  0.13 0.02
  235 R    1  2 -1 -1 -2  1  0 -1  0 -2 -2  0 -1 -1  2  1  0 -1  2 -1   13  24   1   1   0  11   2   2   1   1   2   1   1   1  13  11   1   0  12   2  0.21 0.03
  236 V    1  2 -1 -2 -1 -1 -1 -1 -1  0  1  0  0 -1 -1  0 -1 -2 -1  1   24  20   1   1   0   1   2   2   1   1  25   1   1   1   1   2   1   0   1  12  0.09 0.03
  237 V    1 -1 -1 -1 -1 -1 -1  1 -2  0 -1 -1  0 -1  2  0  1 -2 -1  2   13   1   1   1   0   1   2  12   1   1   2   1   1   1  13   2  11   0   1  34  0.15 0.03
  238 A    4 -2 -2 -2 -1 -1 -1 -1 -1 -1  0 -1 -1 -1 -1  0 -1 -2  2  0   68   1   1   1   0   1   1   1   0   1  12   1   0   0   1   1   1   0  10   1  0.30 0.08
  239 G   -1 -1  3 -1 -3 -1 -1  4 -1 -3 -3  1 -2 -3 -2  0 -1 -3 -2 -3    1   1  24   1   0   1   1  54   0   1   1  11   0   0   1   1   1   0   0   1  0.57 0.07
  240 Y    2 -2 -2 -2 -1 -1 -2 -2  0 -1 -1 -2 -1  2 -2 -1 -1  0  5  1   32   1   1   1   0   1   1   1   0   1   1   1   0  12   1   1   1   0  33  13  0.29 0.07
  241 D    1 -2  2  3 -2 -1 -1  3 -1  0 -2 -1 -2 -2 -2  0 -1 -3 -2 -1   12   1  13  22   0   1   1  31   0  13   1   1   0   0   1   1   1   0   0   1  0.26 0.04
  242 A    3 -1 -1 -1 -1  0  1 -1 -1  0  0 -1  0 -1 -1  0  0 -2 -1  1   45   1   1   1   0   1  13   2   1   1  12   1   1   1   1   2   1   0   1  14  0.14 0.04
  243 N    1 -1  3  0 -1 -1 -1 -1 -1 -1 -1 -1 -1  1 -1  2  1 -1  0 -1   14   1  23   1   0   1   2   2   1   1   2   1   1  13   1  21  13   0   1   2  0.16 0.03
  244 D   -1  1  1  1 -2 -1 -1 -2  0 -1  0 -1 -1  1 -2 -1 -1  0  4 -1    2  13  12  12   0   1   2   2   1   1  15   1   1   1   1   2   1   0  31   2  0.18 0.04
  245 L    1 -1  1 -1 -1 -1 -1  1 -1  0  0 -1  0 -1 -1  0  1 -2 -1  0   21   1  12   1   0   1   2  14   1  12  13   1   1   1   1   2  13   0   1   2  0.07 0.02
  246 Y   -1 -1 -1 -2 -2  1 -1 -2  0 -1  0 -1  2  3 -2 -1 -1  1  5 -1    2   1   1   1   0  13   2   2   1   1   2   1  12  22   1   2   1   0  32   2  0.31 0.06
  247 V    0 -1 -1 -1 -1 -1 -1  3 -1 -1 -1 -1 -1  2 -1  0  1 -1  0  0    3   2   2   2   1   1   2  33   1   2   3   2   1  14   2   2  13   0   1  13  0.15 0.02
  248 S    0  0 -1 -1 -1  0  0 -1 -1 -2 -2  1 -1 -2  5  1  1 -2 -1 -1    3   2   2   2   1   1   2   3   1   2   3  14   1   1  32  13  14   0   1   2  0.44 0.03
  249 V   -1 -3 -4 -4 -1 -3 -3 -4 -3  2  3 -3  1  0 -3 -3 -1 -2 -2  3    0   0   0   0   0   0   0   0   0  11  56   0   0   0   0   0   0   0   0  33  0.45 0.08
  250 A    2 -1 -1 -1 -2  2  0  1 -1 -2 -1 -1  2 -2 -2  1  1 -3 -2 -1   33   0   0   0   0  22   0  13   0   0   0   0  12   0   0  11   9   0   0   0  0.24 0.07
  251 G    2 -2 -1 -2 -2 -2 -2  4 -2 -2  0 -2 -1 -3 -2  0  1 -3 -3 -2   22   0   0   0   0   0   0  56   0   0  12   0   0   0   0   0  11   0   0   0  0.52 0.08
  252 Q    2 -2 -1 -2 -2  1 -1  3 -2 -1  0 -1 -1 -2 -2  0  2 -3 -2 -1   24   0   0   0   0  11   0  31   0   0  13   0   0   0   0   0  22   0   0   0  0.26 0.06
  253 Y   -2 -2 -2 -3 -2 -2 -2 -3  0  0  0 -2 -1  3 -3 -2 -2  1  6  1    1   1   1   1   0   0   1   1   0   1  10   1   0  10   1   1   1   0  58  13  0.60 0.10
  254 E   -1  0  2  0 -2  3  1 -2 -1 -1  0  1 -1 -2 -1  1  0 -2 -2  0    1   1  12   1   0  26  12   1   0   1  10  12   0   0   1  11   1   0   0  10  0.18 0.04
  255 A    2 -2 -2 -2 -2 -1  1 -2  3 -2 -2 -1 -2  0 -2 -1 -1  5  5 -2   35   0   0   0   0   0  11   0  13   0   0   0   0   0   0   0   0   9  33   0  0.45 0.09
  256 A    1 -2 -1 -1 -1 -1 -1  1 -2 -1 -2 -1 -1 -2 -2  2  3 -3 -2  0   11   0   0   0   0   0   0  12   0   0   0   0   0   0   0  25  41   0   0  11  0.31 0.07
  257 K   -1  0 -1 -1 -3  3  2 -3  4  0 -2  1 -1 -1 -2 -1 -1 -2  2 -1    0   0   0   0   0  20  24   0  22  11   0  11   0   0   0   0   0   0  12   0  0.35 0.08
  258 N    1 -1  4  0 -2 -1 -1  2 -1 -3 -3 -1 -2 -3 -2  2  1 -3 -2 -2   12   0  33   0   0   0   0  21   0   0   0   0   0   0   0  22  12   0   0   0  0.40 0.07
  259 N    1 -1  4  2 -2  3  0 -1 -1 -2 -2  0  1 -3 -2  0 -1 -3 -2 -2   21   0  32  12   0  25   0   0   0   0   0   0  11   0   0   0   0   0   0   0  0.34 0.08
  260 E    0 -2 -1 -1 -2 -1  1  2 -1 -1 -2 -1 -1 -1 -2  2  2 -2  2  0    0   0   0   0   0   0  11  22   0   0   0   0   0   0   0  24  20   0  12  11  0.21 0.06
  261 V    0  1 -1 -2 -2 -1 -1  1  2 -1 -1  1 -1 -1 -2  0 -1 -2  2  1    9  12   0   0   0   0   0  12   9   0   0  11   0   0   0  11   0   0  13  21  0.10 0.04
  262 G   -1 -2 -1 -1 -2 -1 -1  2 -2 -2 -2 -1 -1  1  5  0  1 -2 -1 -2    2   1   1   1   0   1   2  22   1   1   2   1   1  12  35   2  13   0   1   2  0.51 0.05
  263 S    0 -1  0 -1 -1 -1 -1  1 -1 -1 -2 -1 -1 -2 -1  3  2 -2 -2  0    1   1   1   1   0   1   1  12   0   1   1   1   0   0   1  44  21   0   0  13  0.26 0.06
  264 I    1 -2  1 -2 -1 -1 -2 -2 -2  2  0 -2  2 -1 -2 -1  0 -2 -1  3   13   1  11   1   0   1   1   1   0  21   1   1  10   0   1   1   1   0   0  36  0.15 0.05
  265 K   -1  2  3  0 -2  0  0 -1 -1 -2  0  2 -1 -2 -1  1  0 -2 -2 -2    1  19  24   1   0   1   1   1   0   1  13  23   0   0   1  12   1   0   0   1  0.23 0.05
  266 G    1 -1  2 -1 -2 -1 -1  3  2 -2 -2 -1 -2  1 -2  1 -1 -2 -1 -2   10   1  13   1   0   1   1  35  11   1   1   1   0  10   1  13   1   0   0   1  0.28 0.04
  267 K   -1 -1  0  3 -3  1  0  1 -1  0 -2  1 -1  1 -2  1 -1 -2 -1 -1    0   0   0  32   0  11   0  12   0  11   0  11   0  11   0  12   0   0   0   0  0.20 0.05
  268 K    1  1  2 -1 -2  0  1 -1 -1  0 -1  1 -1  1 -2  0 -1 -2 -1 -1   22  13  19   0   0   0  11   0   0  12   0  11   0  12   0   0   0   0   0   0  0.12 0.05
  269 H   -1 -1  3 -1 -3  0 -1  1  5 -3 -3  1 -2 -1 -2  0  1 -1  3 -2    0   0  22   0   0   0   0  11  23   0   0  13   0   0   0   0  12   0  19   0  0.34 0.08
  270 E   -1  0 -1  0 -3  2  4 -2 -1 -3 -3  2 -2 -3 -2  0  1 -3 -2 -2    0   0   0   0   0  12  54   0   0   0   0  22   0   0   0   0  12   0   0   0  0.57 0.10
  271 Q    1 -1 -1 -1 -1  2  0  1 -1 -1 -1  0 -1 -2 -1  0  2 -2 -2  0   12   1   1   1   0  23   1  14   0   1   2   1   0   1   1   1  25   0   1  13  0.16 0.04
  272 T   -1  0  0  2 -2  3  0  1 -1 -1 -2  0 -1 -2 -1  0  1 -2 -2  0    1   1   1  14   0  35   1  13   0   1   2   1   0   1   1   1  12   0   1  13  0.20 0.05
  273 Q    1  0  3  0 -2  4  0 -1  0 -2 -2  0 -1 -2 -1  1  0 -2 -2 -2   13   1  23   1   0  35   1   1   0   1   2   1   0   1   1  14   1   0   1   1  0.31 0.06
  274 V   -1 -2 -2 -2 -2 -2 -2 -2  0  1  0 -2  0  3 -2 -2 -1  0  5  2    1   1   1   1   0   1   1   1   0  12   2   1   0  11   1   1   1   0  37  24  0.32 0.06
  275 A    0 -1  1  0 -2  0  2 -1 -1 -2 -2 -1 -1  2 -1  1 -1  5  0 -2   12   1  13   1   0   1  23   1   0   1   2   1   0  13   1  13   1  13   1   1  0.24 0.04
  276 A    2 -2 -2 -2 -1 -2 -2  1 -2  0  2 -2  0 -1 -2  1 -1 -3 -2  1   31   0   0   0   0   0   0  12   0   0  32   0   0   0   0  12   0   0   0  13  0.17 0.05
  277 T    1 -2  2 -1 -2 -1 -2  1 -2  1 -1 -1 -1 -2 -2  0  2 -3 -2  2   12   0  19   0   0   0   0  12   0  11   0   0   0   0   0   0  24   0   0  22  0.16 0.05
  278 A    2 -2 -2 -2 -1 -2 -2  3 -3  0 -1 -2 -1 -2 -2  0 -1 -3 -2  2   33   0   0   0   0   0   0  33   0   0   0   0   0   0   0   0   0   0   0  34  0.34 0.08
  279 A    2  0 -1 -1 -2  3  0 -2 -1  0 -2  2 -1 -3 -2  0  1 -3 -2 -1   24   0   0   0   0  33   0   0   0  12   0  19   0   0   0   0  12   0   0   0  0.26 0.08
  280 Y    0 -2 -3 -4 -3 -2 -3 -3  1 -2 -2 -2 -2  2 -3 -2 -2  6  7 -2   12   0   0   0   0   0   0   0   0   0   0   0   0   0   0   0   0  12  76   0  1.10 0.16
  281 R    0  1 -1  1 -2  3  0 -2 -1 -1  0  0  2 -1 -2 -1 -1  5 -1 -1   10  11   0  13   0  23   1   1   0   0  12   1  12   0   0   1   1  11   0   1  0.22 0.05
  282 F    0  1  1 -1 -2 -1 -1 -2 -1 -1  1 -1  0  4 -2 -1 -1 -1  1 -1   14  13  12   1   0   1   1   1   0   1  14   1   0  34   1   1   1   0   1   1  0.14 0.04
  283 G   -1 -1  2  3 -2 -1  0  2 -1 -2 -2 -1 -2 -1 -1  0  1 -1  2 -2    1   1  14  23   0   1   1  24   0   1   2   1   0   1   1   1  13   0  13   1  0.25 0.04
  284 N   -1 -1  3 -1 -3  1 -1  3 -1 -3 -3 -1 -2 -3  4  0 -1 -3 -2 -3    1   0  21   1   0  12   1  35   0   0   1   1   0   0  24   1   1   0   0   1  0.56 0.07
  285 V    0 -2 -3 -4 -2 -2 -3 -3 -2  1  2 -2  1  0 -3 -2 -1  5  2  2   12   0   0   0   0   0   0   0   0   0  41   0   0   0   0   0   0  11  12  24  0.34 0.07
  286 T    1  1  2 -1 -2  0 -1  1 -1 -2 -2  1 -2 -3 -2  1  2 -3 -2 -1   12  11  13   0   0   0   0  11   0   0   0  11   0   0   0  12  30   0   0   0  0.25 0.05
  287 P    0 -2 -2 -2 -2 -2 -2 -2 -2 -1  0 -2 -1  1  6 -1  1 -3 -1 -1   12   0   0   0   0   0   0   0   0   0  13   0   0  11  52   0  12   0   0   0  0.85 0.09
  288 R    1  2 -1 -1 -2  0 -1 -1 -1 -1  0  2 -1 -2 -1  2  1 -3 -2 -1   19  11   0   0   0   0   0   0   0   0  12  24   0   0   0  22  12   0   0   0  0.19 0.05
  289 V   -1 -3 -3 -4 -1 -2 -3 -4 -3  3  1 -3  3 -1 -3 -2 -1 -3 -2  4    0   0   0   0   0   0   0   0   0  24   9   0  12   0   0   0   0   0   0  55  0.44 0.09
  290 S    2 -1 -1 -1 -1 -1  1  2 -2 -2 -2 -1 -2 -3 -1  2  1 -3 -2 -1   34   0   0   0   0   0  13  21   0   0   0   0   0   0   0  23   9   0   0   0  0.33 0.06
  291 Y    0 -2 -3 -4 -2 -2 -3 -3  0 -1  1 -2  0  3 -3 -2 -2  1  6 -1   12   0   0   0   0   0   0   0   0   0  19   0   0  12   0   0   0   0  57   0  0.64 0.11
  292 A    2 -2 -2 -2 -1 -2 -2  3 -2  1  0 -2 -1 -2 -2  0 -1 -3 -2  1   34   0   0   0   0   0   0  32   0  11  11   0   0   0   0   0   0   0   0  12  0.27 0.06
  293 H    1  1 -1 -2 -2  2  0 -2  3 -1  0  0  0 -1 -2 -1 -1 -1  2  0   21  13   0   0   0  22   0   0  11   0  12   0   0   0   0   0   0   0  12   9  0.16 0.06
  294 G    1 -1  2  2 -2 -1  0  1  3 -3 -3 -1 -2 -3 -2  2  0 -3 -2 -2   19   0  11  13   0   0   0  11  12   0   0   0   0   0   0  34   0   0   0   0  0.31 0.06
  295 F   -1 -1 -2 -2 -2 -1 -2 -2  0  0  0  0  0  2 -2 -1  1  0  4  1    1   1   0   1   0   0   1   1   0   1  12  12   0  11   1   1  13   0  32  13  0.23 0.05
  296 K   -1  2  4  2 -3  0  1  1 -1 -3 -3  2 -2 -3 -2  0 -1 -4 -2 -3    0  12  34   9   0   0  11  11   0   0   0  21   0   0   0   0   0   0   0   0  0.41 0.07
  297 A    3 -1 -1 -1 -1 -1 -1  3 -2 -2 -3  1 -2 -3 -1  2  0 -3 -2 -2   42   0   0   0   0   0   0  23   0   0   0  11   0   0   0  24   0   0   0   0  0.37 0.07
  298 K    0  0  2  2 -3  2  2 -1  2 -3 -3  3 -2 -3 -2  0 -1 -3 -2 -2   13   0  12  11   0  12  11   0   9   0   0  31   0   0   0   0   0   0   0   0  0.33 0.06
  299 V    0 -2 -1  1 -2 -1 -1 -2  3  2  0 -2  0 -2 -2  0  0 -3 -1  3    9   0   0  11   0   0   0   0  12  11   0   0   0   0   0  12   0   0   0  44  0.17 0.07
  300 N    1 -1  3  0 -2 -1  1  2 -1 -1  0 -1 -1 -2 -2  0 -1 -3 -2  0   13   0  32   0   0   0  11  22   0   0  11   0   0   0   0   0   0   0   0  12  0.21 0.06
  301 G    0 -3 -1 -2 -3 -2 -2  6 -2 -4 -4 -2 -3 -4 -2  1 -2 -3 -3 -3    0   0   0   0   0   0   0  87   0   0   0   0   0   0   0  13   0   0   0   0  1.10 0.13
  302 V    0 -2 -1  1 -1 -1  1 -2 -2  1  0 -1  0 -2 -2  1  1 -3 -2  2    1   1   1  13   0   1  10   1   0  12   1   1   0   0   1  14  10   0   0  34  0.12 0.04
  303 K    0 -1  0 -1 -2  0  1  2  2 -2 -2  1 -2 -2 -1  1  1 -2 -1 -2    1   1   1   1   0   1  12  24  11   1   1  12   0   0   1  20  13   0   0   1  0.24 0.04
  304 D   -1 -1  0  4 -2  0  0  1 -1 -2 -2  1 -2 -3 -1  0  2 -3 -2 -2    1   1   1  40   0   1   1  13   0   1   1  14   0   1   1   1  22   0   0   1  0.34 0.05
  305 A    2 -1  0  1 -1 -1  0 -1 -1 -1 -1 -1 -1  0 -1  1  1 -1  2 -1   28   1   1  13   0   1   2   2   1   1   2   1   1   1   1  13  14   0  15   2  0.15 0.03
  306 N   -1  3  2  3 -2  0  0 -1  0 -2 -2  2 -2 -2 -1  0 -1 -2 -2 -2    2  27  13  25   0   1   2   2   1   1   2  16   1   1   1   2   1   0   1   2  0.30 0.03
  307 Y   -1 -1 -1  1 -2  1  0  1 -1 -2  0 -1 -1 -1  2  0 -1 -1  2 -2    1   1   0  12   0  15   1  15   0   1  14   1   0   0  14  12   1   0  13   1  0.18 0.03
  308 Q    1  0  2 -1 -2  2  0 -1  2 -2  0  1 -1 -1 -2  0 -1  5  0 -1   16   1  14   1   0  13   1   1  11   1  13  12   0   0   1   1   1  14   0   1  0.21 0.04
  309 Y    1 -2 -2 -3 -2 -2 -2 -2 -1  0 -1 -2 -1  1 -3 -1  1  7  4  2   14   0   0   0   0   0   0   0   0   0   0   0   0   0   0   0  15  21  26  25  0.50 0.08
  310 D    0  0  4  3 -3  0  0 -1 -1 -3 -3  2 -2 -3 -2  0 -1 -4 -3 -3   13   0  35  27   0   0   0   0   0   0   0  25   0   0   0   0   0   0   0   0  0.45 0.07
  311 Q   -1 -1 -1 -1 -2  3  0 -2  0  0 -1  0 -1  0 -2  2  0 -1  4 -1    0   0   0   0   0  34   0   0   0  14   0   0   0   0   0  28   0   0  25   0  0.30 0.08
  312 V   -1 -3 -3 -4 -1 -3 -3 -4 -3  3  2 -3  1  2 -3 -2 -1 -2  0  4    0   0   0   0   0   0   0   0   0  13  15   0   0  14   0   0   0   0   0  58  0.38 0.07
  313 I    1 -2  1  3 -2 -1 -1  1 -2  1 -1 -1 -1 -2 -2  0  1 -3 -2  1   13   0  11  25   0   0   0  10   0  12   0   0   0   0   0   0  14   0   0  15  0.16 0.04
  314 V   -1 -3 -3 -3 -2 -3 -3  1 -3  2  1 -3  0  2 -3 -2 -1 -2  0  3    0   0   0   0   0   0   0  13   0  13  11   0   0  15   0   0   0   0   0  48  0.25 0.06
  315 G    0 -2 -1 -2 -3  2 -1  5 -2 -2 -3 -1 -2 -3 -2 -1 -2 -3 -3  0    0   0   0   0   0  21   0  65   0   0   0   0   0   0   0   0   0   0   0  13  0.64 0.09
  316 A    4 -2 -2 -2 -1 -1 -2  3 -2 -2 -2 -1 -2 -3 -2  0 -1 -3 -3 -1   73   0   0   0   0   0   0  27   0   0   0   0   0   0   0   0   0   0   0   0  0.55 0.09
  317 D   -1 -2  0  4 -2 -1  0 -2 -2 -1 -2 -1 -1  1 -2  1  2 -3 -1  0    0   0   0  37   0   0   0   0   0   0   0   0   0  13   0  14  25   0   0  11  0.29 0.06
  318 Y   -2 -2 -3 -4 -3 -2 -3 -4  1 -2 -2 -3 -2  2 -4 -2 -2  2  8 -2    0   0   0   0   0   0   0   0   0   0   0   0   0   0   0   0   0   0 100   0  1.41 0.17
  319 D    1 -1  3  2 -2  2  0 -1  0 -2 -2 -1 -2  0 -2  0 -1 -1  3 -2   21   0  27  12   0  15   0   0   0   0   0   0   0   0   0   0   0   0  25   0  0.30 0.07
  320 F   -2 -3 -4 -4 -2 -3 -3 -4 -3  1  4 -3  1  4 -4 -3 -2 -1  1  0    0   0   0   0   0   0   0   0   0   0  63   0   0  37   0   0   0   0   0   0  0.57 0.09
  321 S    0 -1  3  0 -2 -1 -1 -1 -1 -3 -3 -1 -2 -3 -2  4  1 -4 -2 -2    0   0  25   0   0   0   0   0   0   0   0   0   0   0   0  75   0   0   0   0  0.60 0.11
  322 K   -1  1 -1 -1 -3  1  0 -2 -1 -2  0  5 -1 -3 -2 -1 -1 -3 -2 -2    0   0   0   0   0   0   0   0   0   0  11  89   0   0   0   0   0   0   0   0  0.63 0.12
  323 R   -1  5  3 -1 -3  0 -1 -2 -1 -3 -3  1 -2 -3 -2  1 -1 -3 -2 -3    0  61  25   0   0   0   0   0   0   0   0   0   0   0   0  15   0   0   0   0  0.62 0.10
  324 T   -1 -2 -1 -2 -2 -1 -2 -2 -2 -1 -1 -1  4 -2 -2  0  5 -3 -2  0    0   0   0   0   0   0   0   0   0   0   0   0  25   0   0   0  75   0   0   0  0.57 0.12
  325 S    0 -2  0  2 -2 -1  0 -1 -2 -1  0 -1  2 -2 -2  3  0 -3 -2 -1    0   0   0  21   0   0   0   0   0   0  14   0  15   0   0  50   0   0   0   0  0.27 0.08
  326 A    1 -2 -2 -3 -1 -2 -2 -2 -2  1  2 -2  0  2 -2 -1  2 -2  0  2   12   0   0   0   0   0   0   0   0   0  28   0   0  13   0   0  25   0   0  21  0.19 0.05
  327 L   -2 -2 -2  1 -3  1 -1 -3  0 -1  0 -1 -1  3 -3 -2 -2  1  5 -2    0   0   0  14   0  15   0   0   0   0  12   0   0  12   0   0   0   0  47   0  0.46 0.08
  328 V    2 -2 -3 -3 -1 -2 -2 -2 -3  1  1 -2  0 -1 -2 -1  0 -3 -2  3   36   0   0   0   0   0   0   0   0   0  13   0   0   0   0   0   0   0   0  51  0.29 0.07
  329 S   -1  0  0 -1 -3  3  2 -2  4 -3 -2  0 -1 -1 -2  1 -1 -1  3 -2    0   0   0   0   0  32  14   0  19   0   0   0   0   0   0  17   0   0  17   0  0.38 0.05
  330 A    3 -2 -2 -2 -1 -1 -2  2 -1 -1 -1 -1 -1  0 -2  0 -1 -1  3  1   45   0   0   0   0   0   0  17   0   0   0   0   0   0   0   0   0   0  19  18  0.23 0.04
  331 G    2 -2 -1 -2 -1 -1 -2  3 -2 -1 -1 -1  2 -2 -2  0 -1 -3 -2  1   37   0   0   0   0   0   0  35   0   0   0   0  14   0   0   0   0   0   0  14  0.30 0.04
  332 W   -2 -2 -2 -3 -2 -1 -2 -3  0 -1 -1 -2  3  1 -3 -1  1  6  5 -1    0   0   0   0   0   0   0   0   0   0   0   0  19   0   0   0  18  17  46   0  0.62 0.07
  333 L    1  0 -1 -2 -2  4  0 -2 -1  0  1  0  0 -2 -2 -1 -1 -2 -2  1   19   0   0   0   0  46   0   0   0   0  17   0   0   0   0   0   0   0   0  18  0.23 0.05
  334 K   -1  5  0 -1 -4  1  0 -2  3 -3 -3  3 -2 -3 -2 -1 -1 -3 -1 -3    0  49   0   0   0   0   0   0  14   0   0  36   0   0   0   0   0   0   0   0  0.59 0.06
  335 Q    2 -1  2  0 -1  2  0 -1 -1 -2 -2  0 -1 -3 -1  2  0 -3 -2 -2   32   0  18   0   0  17   0   0   0   0   0   0   0   0   0  33   0   0   0   0  0.32 0.04
  336 G    0 -2  0 -1 -2 -1 -2  5 -2 -4 -4 -1 -3 -3 -2  2 -1 -3 -3 -3    0   0   0   0   0   0   0  68   0   0   0   0   0   0   0  32   0   0   0   0  0.75 0.06
  337 K   -1  1  0 -1 -3  0  0  2 -1 -2 -2  4 -2 -3 -1  0  2 -3 -2 -2    0   0   0   0   0   0   0  18   0   0   0  59   0   0   0   0  23   0   0   0  0.35 0.04
  338 G    1 -2  2 -1 -1 -1 -1  2 -2  0 -1 -1 -1 -2 -2  0  2 -3 -2  1   18   0  17   0   0   0   0  21   0   0   0   0   0   0   0   0  21   0   0  23  0.18 0.02
  339 A    3 -2 -1 -2 -1 -1 -1 -1 -2  1 -1 -1 -1 -2 -1  2  0 -3 -2  0   59   0   0   0   0   0   0   0   0  23   0   0   0   0   0  18   0   0   0   0  0.25 0.03
  340 G   -1 -1  4  3 -3 -1  0  2 -1 -3 -3 -1 -2 -3 -2  1  0 -4 -3 -3    0   0  39  23   0   0   0  21   0   0   0   0   0   0   0  18   0   0   0   0  0.47 0.03
  341 K    0  0 -1 -1 -2  0 -1 -2 -2  0  1  2  0 -1 -1  1  2 -2 -2 -1    0   0   0   0   0   0   0   0   0   0  29  26   0   0   0  22  23   0   0   0  0.15 0.01
  342 V   -1 -2 -1 -1 -2  0  2  2 -2  2  0 -1  0 -2 -2 -1 -1 -3 -2  2    0   0   0   0   0   0  29  23   0  22   0   0   0   0   0   0   0   0   0  26  0.15 0.01
  343 E   -2 -1  4  4 -3  0  3 -1  0 -3 -3  0 -3 -3 -2  0 -1 -4 -2 -3    0   0  45  29   0   0  26   0   0   0   0   0   0   0   0   0   0   0   0   0  0.59 0.02
  344 Q   -1  0  0  3 -3  5  2 -2  0 -3 -3  1 -1 -3 -2  0 -1 -3 -2 -3    0   0   0  29   0  71   0   0   0   0   0   0   0   0   0   0   0   0   0   0  0.61 0.03
  345 T   -1 -1  3 -1 -1 -1 -1 -2 -1  0 -1 -1 -1 -2 -2  1  3 -3 -2  1    0   0  29   0   0   0   0   0   0   0   0   0   0   0   0   0  48   0   0  23  0.27 0.02
  346 A    3 -2 -2 -3 -1 -2 -2 -1 -2  2  0 -2  0 -1 -2  0  0 -3 -2  2   48   0   0   0   0   0   0   0   0  29   0   0   0   0   0   0   0   0   0  23  0.21 0.02
  347 S    3 -2 -1 -1 -1 -1 -1  3 -2 -2 -2 -1 -2 -3 -1  2  0 -3 -2 -1   51   0   0   0   0   0   0  23   0   0   0   0   0   0   0  26   0   0   0   0  0.37 0.02
  348 M    1 -1 -1 -2 -1 -1 -1 -1 -2  0  0 -1  3 -2 -1  1  3 -2 -2  0   23   0   0   0   0   0   0   0   0   0   0   0  26   0   0   0  51   0   0   0  0.25 0.02
  349 V    0 -3 -3 -3 -1 -2 -3 -3 -3  3  1 -2  1 -1 -3 -2  0 -3 -1  4    0   0   0   0   0   0   0   0   0   0   0   0   0   0   0   0   0   0   0 100  0.42 0.03
  350 G    0 -3 -1 -1 -3 -2 -2  6 -2 -4 -4 -2 -3 -3 -2  0 -2 -3 -3 -3    0   0   0   0   0   0   0 100   0   0   0   0   0   0   0   0   0   0   0   0  1.11 0.03
  351 L   -1 -3 -3 -4 -1 -2 -3 -4 -3  3  3 -3  1  0 -3 -2 -1 -2 -1  2    0   0   0   0   0   0   0   0   0  23  48   0   0   0   0   0   0   0   0  29  0.35 0.01
  352 R   -2  6 -1 -2 -4  1  0 -3  0 -3 -2  2 -2 -3 -2 -1 -1 -3 -2 -3    0 100   0   0   0   0   0   0   0   0   0   0   0   0   0   0   0   0   0   0  0.84 0.04
  353 H   -1 -1  0 -2 -2 -1 -1 -2  6 -2 -1 -1 -1  3 -2 -1  1 -1  2 -2    0   0   0   0   0   0   0   0  48   0   0   0   0  29   0   0  23   0   0   0  0.42 0.03
  354 K   -1  4  3  0 -3  1  0 -2  0 -3 -3  3 -2 -3 -2  0 -1 -3 -2 -3    0  45  29   0   0   0   0   0   0   0   0  26   0   0   0   0   0   0   0   0  0.50 0.02
  355 F   -2 -3 -3 -4 -3 -3 -3 -3 -1  0  0 -3  0  7 -4 -3 -2  1  3 -1    0   0   0   0   0   0   0   0   0   0   0   0   0 100   0   0   0   0   0   0  0.86 0.04

                      K         Lambda
Standard Ungapped    0.1297     0.3125
Standard Gapped      0.0365     0.2670
PSI Ungapped         0.1199     0.3109
PSI Gapped           0.0365     0.2670
